# Petrel Points with attributes
# Unit in X and Y direction: m
# Unit in depth: m
VERSION 1
BEGIN HEADER
X
Y
Z
END HEADER
402500.00 7652500.00 -4056.91 
407500.00 7652500.00 -4596.51 
412500.00 7652500.00 -4734.58 
417500.00 7652500.00 -4532.30 
422500.00 7652500.00 -4520.70 
427500.00 7652500.00 -4487.41 
432500.00 7652500.00 -4572.40 
437500.00 7652500.00 -5155.82 
442500.00 7652500.00 -4823.76 
447500.00 7652500.00 -5189.84 
452500.00 7652500.00 -5253.09 
457500.00 7652500.00 -5206.52 
462500.00 7652500.00 -5454.48 
467500.00 7652500.00 -4122.64 
472500.00 7652500.00 -3025.50 
477500.00 7652500.00 -3974.52 
482500.00 7652500.00 -4847.46 
487500.00 7652500.00 -5853.87 
492500.00 7652500.00 -5855.73 
497500.00 7652500.00 -4377.28 
502500.00 7652500.00 -5208.28 
507500.00 7652500.00 -3949.89 
512500.00 7652500.00 -4063.10 
517500.00 7652500.00 -5579.28 
522500.00 7652500.00 -6597.38 
527500.00 7652500.00 -6575.33 
532500.00 7652500.00 -6775.62 
537500.00 7652500.00 -5356.80 
542500.00 7652500.00 -4105.90 
547500.00 7652500.00 -3607.54 
552500.00 7652500.00 -5364.54 
557500.00 7652500.00 -6739.20 
562500.00 7652500.00 -6694.89 
567500.00 7652500.00 -6463.84 
572500.00 7652500.00 -6324.04 
577500.00 7652500.00 -6163.88 
402500.00 7657500.00 -4026.10 
407500.00 7657500.00 -4376.03 
412500.00 7657500.00 -4983.66 
417500.00 7657500.00 -4735.51 
422500.00 7657500.00 -4450.68 
427500.00 7657500.00 -4390.76 
432500.00 7657500.00 -4575.38 
437500.00 7657500.00 -4744.10 
442500.00 7657500.00 -4787.89 
447500.00 7657500.00 -5147.97 
452500.00 7657500.00 -4700.77 
457500.00 7657500.00 -4518.77 
462500.00 7657500.00 -4549.94 
467500.00 7657500.00 -4495.02 
472500.00 7657500.00 -3055.22 
477500.00 7657500.00 -3907.99 
482500.00 7657500.00 -6068.32 
487500.00 7657500.00 -5026.91 
492500.00 7657500.00 -4070.61 
497500.00 7657500.00 -3826.43 
502500.00 7657500.00 -4807.46 
507500.00 7657500.00 -3597.47 
512500.00 7657500.00 -3323.36 
517500.00 7657500.00 -5091.88 
522500.00 7657500.00 -6635.02 
527500.00 7657500.00 -6526.88 
532500.00 7657500.00 -5896.77 
537500.00 7657500.00 -5597.90 
542500.00 7657500.00 -4408.32 
547500.00 7657500.00 -4249.52 
552500.00 7657500.00 -5611.16 
557500.00 7657500.00 -7054.50 
562500.00 7657500.00 -7103.98 
567500.00 7657500.00 -6915.23 
572500.00 7657500.00 -6715.21 
577500.00 7657500.00 -6690.98 
402500.00 7662500.00 -4149.35 
407500.00 7662500.00 -4200.06 
412500.00 7662500.00 -4763.55 
417500.00 7662500.00 -4724.52 
422500.00 7662500.00 -4453.65 
427500.00 7662500.00 -4457.13 
432500.00 7662500.00 -4564.17 
437500.00 7662500.00 -4592.83 
442500.00 7662500.00 -4727.32 
447500.00 7662500.00 -4194.40 
452500.00 7662500.00 -4222.42 
457500.00 7662500.00 -5312.77 
462500.00 7662500.00 -4834.81 
467500.00 7662500.00 -4574.31 
472500.00 7662500.00 -3863.07 
477500.00 7662500.00 -4185.04 
482500.00 7662500.00 -5466.51 
487500.00 7662500.00 -3872.30 
492500.00 7662500.00 -4846.52 
497500.00 7662500.00 -4686.79 
502500.00 7662500.00 -6728.84 
507500.00 7662500.00 -4742.21 
512500.00 7662500.00 -3363.21 
517500.00 7662500.00 -4351.44 
522500.00 7662500.00 -7042.40 
527500.00 7662500.00 -5596.76 
532500.00 7662500.00 -6694.35 
537500.00 7662500.00 -5107.02 
542500.00 7662500.00 -4153.24 
547500.00 7662500.00 -4614.11 
552500.00 7662500.00 -4702.87 
557500.00 7662500.00 -6801.54 
562500.00 7662500.00 -7563.36 
567500.00 7662500.00 -7272.74 
572500.00 7662500.00 -7042.68 
577500.00 7662500.00 -7206.29 
402500.00 7667500.00 -3926.62 
407500.00 7667500.00 -4173.22 
412500.00 7667500.00 -4511.72 
417500.00 7667500.00 -4636.09 
422500.00 7667500.00 -4644.06 
427500.00 7667500.00 -4511.66 
432500.00 7667500.00 -4139.46 
437500.00 7667500.00 -4554.31 
442500.00 7667500.00 -4810.16 
447500.00 7667500.00 -4318.13 
452500.00 7667500.00 -4665.81 
457500.00 7667500.00 -5734.06 
462500.00 7667500.00 -5176.38 
467500.00 7667500.00 -5094.32 
472500.00 7667500.00 -5908.41 
477500.00 7667500.00 -4374.67 
482500.00 7667500.00 -5566.74 
487500.00 7667500.00 -4951.46 
492500.00 7667500.00 -5048.89 
497500.00 7667500.00 -5182.16 
502500.00 7667500.00 -7820.18 
507500.00 7667500.00 -5734.60 
512500.00 7667500.00 -3693.37 
517500.00 7667500.00 -4324.18 
522500.00 7667500.00 -6124.46 
527500.00 7667500.00 -5219.08 
532500.00 7667500.00 -7461.73 
537500.00 7667500.00 -7162.90 
542500.00 7667500.00 -5054.45 
547500.00 7667500.00 -5068.36 
552500.00 7667500.00 -5166.11 
557500.00 7667500.00 -6373.68 
562500.00 7667500.00 -7267.93 
567500.00 7667500.00 -7118.02 
572500.00 7667500.00 -6803.80 
577500.00 7667500.00 -6832.51 
402500.00 7672500.00 -3392.40 
407500.00 7672500.00 -3570.35 
412500.00 7672500.00 -4185.67 
417500.00 7672500.00 -4686.00 
422500.00 7672500.00 -4626.23 
427500.00 7672500.00 -4540.93 
432500.00 7672500.00 -4603.73 
437500.00 7672500.00 -4768.09 
442500.00 7672500.00 -4744.18 
447500.00 7672500.00 -4211.59 
452500.00 7672500.00 -4890.96 
457500.00 7672500.00 -5527.52 
462500.00 7672500.00 -5548.01 
467500.00 7672500.00 -4666.05 
472500.00 7672500.00 -5867.02 
477500.00 7672500.00 -5242.00 
482500.00 7672500.00 -5502.04 
487500.00 7672500.00 -6390.21 
492500.00 7672500.00 -4978.91 
497500.00 7672500.00 -6146.39 
502500.00 7672500.00 -7025.69 
507500.00 7672500.00 -4974.34 
512500.00 7672500.00 -3960.31 
517500.00 7672500.00 -4901.50 
522500.00 7672500.00 -5428.80 
527500.00 7672500.00 -5259.91 
532500.00 7672500.00 -7394.19 
537500.00 7672500.00 -7463.01 
542500.00 7672500.00 -5158.59 
547500.00 7672500.00 -4718.93 
552500.00 7672500.00 -5594.28 
557500.00 7672500.00 -6049.36 
562500.00 7672500.00 -6515.03 
567500.00 7672500.00 -6438.94 
572500.00 7672500.00 -6501.01 
577500.00 7672500.00 -6644.44 
402500.00 7677500.00 -3237.15 
407500.00 7677500.00 -3414.72 
412500.00 7677500.00 -3913.89 
417500.00 7677500.00 -4539.96 
422500.00 7677500.00 -4678.88 
427500.00 7677500.00 -4581.85 
432500.00 7677500.00 -4493.55 
437500.00 7677500.00 -4567.85 
442500.00 7677500.00 -4768.05 
447500.00 7677500.00 -4700.66 
452500.00 7677500.00 -5215.94 
457500.00 7677500.00 -5541.65 
462500.00 7677500.00 -5581.26 
467500.00 7677500.00 -4507.16 
472500.00 7677500.00 -5792.79 
477500.00 7677500.00 -5395.43 
482500.00 7677500.00 -4753.46 
487500.00 7677500.00 -6428.22 
492500.00 7677500.00 -4872.72 
497500.00 7677500.00 -7069.13 
502500.00 7677500.00 -5424.62 
507500.00 7677500.00 -4104.43 
512500.00 7677500.00 -3801.94 
517500.00 7677500.00 -4282.73 
522500.00 7677500.00 -6281.85 
527500.00 7677500.00 -6389.16 
532500.00 7677500.00 -7700.74 
537500.00 7677500.00 -7637.93 
542500.00 7677500.00 -5922.19 
547500.00 7677500.00 -5002.06 
552500.00 7677500.00 -5342.33 
557500.00 7677500.00 -6275.90 
562500.00 7677500.00 -6894.72 
567500.00 7677500.00 -6708.81 
572500.00 7677500.00 -6513.76 
577500.00 7677500.00 -7091.68 
402500.00 7682500.00 -3066.76 
407500.00 7682500.00 -3289.64 
412500.00 7682500.00 -3655.00 
417500.00 7682500.00 -4166.62 
422500.00 7682500.00 -4511.17 
427500.00 7682500.00 -4486.90 
432500.00 7682500.00 -4418.32 
437500.00 7682500.00 -4454.05 
442500.00 7682500.00 -4886.30 
447500.00 7682500.00 -5195.12 
452500.00 7682500.00 -4824.58 
457500.00 7682500.00 -4758.61 
462500.00 7682500.00 -5393.32 
467500.00 7682500.00 -4531.53 
472500.00 7682500.00 -5248.91 
477500.00 7682500.00 -5464.07 
482500.00 7682500.00 -4570.17 
487500.00 7682500.00 -6208.32 
492500.00 7682500.00 -5055.71 
497500.00 7682500.00 -6926.13 
502500.00 7682500.00 -6258.11 
507500.00 7682500.00 -7069.22 
512500.00 7682500.00 -5205.31 
517500.00 7682500.00 -5468.35 
522500.00 7682500.00 -6287.95 
527500.00 7682500.00 -5421.23 
532500.00 7682500.00 -7384.23 
537500.00 7682500.00 -7835.21 
542500.00 7682500.00 -6820.91 
547500.00 7682500.00 -5948.72 
552500.00 7682500.00 -7086.46 
557500.00 7682500.00 -6867.40 
562500.00 7682500.00 -6810.98 
567500.00 7682500.00 -6752.20 
572500.00 7682500.00 -6936.23 
577500.00 7682500.00 -7347.34 
402500.00 7687500.00 -2903.17 
407500.00 7687500.00 -3125.44 
412500.00 7687500.00 -3508.78 
417500.00 7687500.00 -3907.13 
422500.00 7687500.00 -4400.28 
427500.00 7687500.00 -4457.70 
432500.00 7687500.00 -4463.64 
437500.00 7687500.00 -4532.80 
442500.00 7687500.00 -4786.83 
447500.00 7687500.00 -4868.38 
452500.00 7687500.00 -4835.40 
457500.00 7687500.00 -4799.82 
462500.00 7687500.00 -5002.78 
467500.00 7687500.00 -4425.13 
472500.00 7687500.00 -5334.26 
477500.00 7687500.00 -5486.90 
482500.00 7687500.00 -5679.28 
487500.00 7687500.00 -6052.39 
492500.00 7687500.00 -6134.50 
497500.00 7687500.00 -5854.48 
502500.00 7687500.00 -7376.75 
507500.00 7687500.00 -7032.18 
512500.00 7687500.00 -5931.04 
517500.00 7687500.00 -5030.24 
522500.00 7687500.00 -6373.22 
527500.00 7687500.00 -5627.47 
532500.00 7687500.00 -6541.32 
537500.00 7687500.00 -7718.72 
542500.00 7687500.00 -7263.77 
547500.00 7687500.00 -5432.28 
552500.00 7687500.00 -4749.03 
557500.00 7687500.00 -4872.18 
562500.00 7687500.00 -6330.40 
567500.00 7687500.00 -6713.25 
572500.00 7687500.00 -7340.51 
577500.00 7687500.00 -7410.23 
402500.00 7692500.00 -2603.94 
407500.00 7692500.00 -2874.59 
412500.00 7692500.00 -3183.04 
417500.00 7692500.00 -3446.17 
422500.00 7692500.00 -4288.42 
427500.00 7692500.00 -4460.71 
432500.00 7692500.00 -4298.13 
437500.00 7692500.00 -4360.12 
442500.00 7692500.00 -4732.58 
447500.00 7692500.00 -4744.59 
452500.00 7692500.00 -4557.17 
457500.00 7692500.00 -4700.35 
462500.00 7692500.00 -4486.38 
467500.00 7692500.00 -4396.55 
472500.00 7692500.00 -4702.98 
477500.00 7692500.00 -4958.18 
482500.00 7692500.00 -6076.08 
487500.00 7692500.00 -5183.18 
492500.00 7692500.00 -5966.18 
497500.00 7692500.00 -5914.05 
502500.00 7692500.00 -7200.49 
507500.00 7692500.00 -5656.45 
512500.00 7692500.00 -4476.33 
517500.00 7692500.00 -3605.95 
522500.00 7692500.00 -4811.69 
527500.00 7692500.00 -5192.82 
532500.00 7692500.00 -5174.64 
537500.00 7692500.00 -7137.68 
542500.00 7692500.00 -7424.07 
547500.00 7692500.00 -5973.40 
552500.00 7692500.00 -5508.94 
557500.00 7692500.00 -5911.46 
562500.00 7692500.00 -6331.50 
567500.00 7692500.00 -6616.25 
572500.00 7692500.00 -7204.39 
577500.00 7692500.00 -7648.27 
402500.00 7697500.00 -2263.67 
407500.00 7697500.00 -2674.66 
412500.00 7697500.00 -3012.54 
417500.00 7697500.00 -3281.10 
422500.00 7697500.00 -3883.55 
427500.00 7697500.00 -4343.70 
432500.00 7697500.00 -4275.95 
437500.00 7697500.00 -4298.97 
442500.00 7697500.00 -4551.74 
447500.00 7697500.00 -4869.97 
452500.00 7697500.00 -4758.27 
457500.00 7697500.00 -4725.51 
462500.00 7697500.00 -5093.60 
467500.00 7697500.00 -4996.79 
472500.00 7697500.00 -5129.01 
477500.00 7697500.00 -4804.22 
482500.00 7697500.00 -5829.25 
487500.00 7697500.00 -4927.83 
492500.00 7697500.00 -5744.91 
497500.00 7697500.00 -6182.65 
502500.00 7697500.00 -6689.73 
507500.00 7697500.00 -7112.46 
512500.00 7697500.00 -6246.44 
517500.00 7697500.00 -4484.67 
522500.00 7697500.00 -3918.48 
527500.00 7697500.00 -4445.73 
532500.00 7697500.00 -4993.81 
537500.00 7697500.00 -6645.88 
542500.00 7697500.00 -7327.53 
547500.00 7697500.00 -6109.46 
552500.00 7697500.00 -5166.69 
557500.00 7697500.00 -6212.06 
562500.00 7697500.00 -6262.73 
567500.00 7697500.00 -6529.69 
572500.00 7697500.00 -7322.93 
577500.00 7697500.00 -7752.47 
402500.00 7702500.00 -1993.63 
407500.00 7702500.00 -2511.20 
412500.00 7702500.00 -2928.41 
417500.00 7702500.00 -3164.09 
422500.00 7702500.00 -3669.19 
427500.00 7702500.00 -4364.60 
432500.00 7702500.00 -4562.31 
437500.00 7702500.00 -4474.57 
442500.00 7702500.00 -4565.12 
447500.00 7702500.00 -4777.23 
452500.00 7702500.00 -4916.19 
457500.00 7702500.00 -4977.51 
462500.00 7702500.00 -5110.45 
467500.00 7702500.00 -5250.86 
472500.00 7702500.00 -5273.76 
477500.00 7702500.00 -5543.79 
482500.00 7702500.00 -6146.06 
487500.00 7702500.00 -5499.24 
492500.00 7702500.00 -5711.80 
497500.00 7702500.00 -6636.51 
502500.00 7702500.00 -6346.74 
507500.00 7702500.00 -6910.96 
512500.00 7702500.00 -5591.76 
517500.00 7702500.00 -4296.30 
522500.00 7702500.00 -3855.66 
527500.00 7702500.00 -4957.77 
532500.00 7702500.00 -6900.57 
537500.00 7702500.00 -6909.78 
542500.00 7702500.00 -7551.64 
547500.00 7702500.00 -6920.05 
552500.00 7702500.00 -4042.84 
557500.00 7702500.00 -4707.13 
562500.00 7702500.00 -6129.98 
567500.00 7702500.00 -6586.90 
572500.00 7702500.00 -7254.32 
577500.00 7702500.00 -7578.02 
402500.00 7707500.00 -1574.26 
407500.00 7707500.00 -2486.65 
412500.00 7707500.00 -2879.64 
417500.00 7707500.00 -3117.17 
422500.00 7707500.00 -3592.43 
427500.00 7707500.00 -4193.76 
432500.00 7707500.00 -4639.10 
437500.00 7707500.00 -4656.48 
442500.00 7707500.00 -4717.74 
447500.00 7707500.00 -4768.09 
452500.00 7707500.00 -4808.84 
457500.00 7707500.00 -4902.15 
462500.00 7707500.00 -4261.07 
467500.00 7707500.00 -5046.67 
472500.00 7707500.00 -5317.82 
477500.00 7707500.00 -5893.82 
482500.00 7707500.00 -6303.61 
487500.00 7707500.00 -5536.35 
492500.00 7707500.00 -6114.41 
497500.00 7707500.00 -6610.18 
502500.00 7707500.00 -6246.97 
507500.00 7707500.00 -4929.02 
512500.00 7707500.00 -5175.86 
517500.00 7707500.00 -5312.08 
522500.00 7707500.00 -4653.65 
527500.00 7707500.00 -5742.54 
532500.00 7707500.00 -6174.73 
537500.00 7707500.00 -6443.31 
542500.00 7707500.00 -7542.87 
547500.00 7707500.00 -6918.79 
552500.00 7707500.00 -4286.09 
557500.00 7707500.00 -4300.14 
562500.00 7707500.00 -6000.16 
567500.00 7707500.00 -6608.14 
572500.00 7707500.00 -6907.97 
577500.00 7707500.00 -7113.97 
402500.00 7712500.00 -1503.30 
407500.00 7712500.00 -2317.73 
412500.00 7712500.00 -2725.62 
417500.00 7712500.00 -2932.17 
422500.00 7712500.00 -3294.89 
427500.00 7712500.00 -3784.81 
432500.00 7712500.00 -4677.38 
437500.00 7712500.00 -4904.88 
442500.00 7712500.00 -4972.12 
447500.00 7712500.00 -4827.04 
452500.00 7712500.00 -4759.88 
457500.00 7712500.00 -5010.76 
462500.00 7712500.00 -4677.99 
467500.00 7712500.00 -5249.47 
472500.00 7712500.00 -5503.09 
477500.00 7712500.00 -4811.72 
482500.00 7712500.00 -6032.33 
487500.00 7712500.00 -5761.85 
492500.00 7712500.00 -6167.96 
497500.00 7712500.00 -5827.91 
502500.00 7712500.00 -6901.72 
507500.00 7712500.00 -6592.49 
512500.00 7712500.00 -5913.52 
517500.00 7712500.00 -6680.62 
522500.00 7712500.00 -6146.80 
527500.00 7712500.00 -6880.01 
532500.00 7712500.00 -7050.58 
537500.00 7712500.00 -5954.00 
542500.00 7712500.00 -7527.15 
547500.00 7712500.00 -7073.55 
552500.00 7712500.00 -4349.30 
557500.00 7712500.00 -3722.02 
562500.00 7712500.00 -6574.26 
567500.00 7712500.00 -6821.01 
572500.00 7712500.00 -6762.41 
577500.00 7712500.00 -6939.70 
402500.00 7717500.00 -1414.99 
407500.00 7717500.00 -2020.54 
412500.00 7717500.00 -2476.99 
417500.00 7717500.00 -2624.50 
422500.00 7717500.00 -3057.15 
427500.00 7717500.00 -3618.37 
432500.00 7717500.00 -4598.17 
437500.00 7717500.00 -4837.92 
442500.00 7717500.00 -4884.36 
447500.00 7717500.00 -4856.80 
452500.00 7717500.00 -4826.38 
457500.00 7717500.00 -4867.09 
462500.00 7717500.00 -5005.47 
467500.00 7717500.00 -4933.17 
472500.00 7717500.00 -5632.71 
477500.00 7717500.00 -4882.82 
482500.00 7717500.00 -5814.64 
487500.00 7717500.00 -6236.08 
492500.00 7717500.00 -5478.34 
497500.00 7717500.00 -6421.03 
502500.00 7717500.00 -6758.60 
507500.00 7717500.00 -7267.14 
512500.00 7717500.00 -5599.29 
517500.00 7717500.00 -6638.30 
522500.00 7717500.00 -5534.08 
527500.00 7717500.00 -6583.88 
532500.00 7717500.00 -8059.45 
537500.00 7717500.00 -6682.71 
542500.00 7717500.00 -6135.83 
547500.00 7717500.00 -6927.57 
552500.00 7717500.00 -4618.60 
557500.00 7717500.00 -3730.52 
562500.00 7717500.00 -6843.83 
567500.00 7717500.00 -6997.50 
572500.00 7717500.00 -6851.87 
577500.00 7717500.00 -6977.08 
402500.00 7722500.00 -1211.18 
407500.00 7722500.00 -1784.52 
412500.00 7722500.00 -2198.25 
417500.00 7722500.00 -2662.71 
422500.00 7722500.00 -3148.56 
427500.00 7722500.00 -3543.90 
432500.00 7722500.00 -4419.16 
437500.00 7722500.00 -4470.92 
442500.00 7722500.00 -4853.37 
447500.00 7722500.00 -4797.16 
452500.00 7722500.00 -4900.80 
457500.00 7722500.00 -4627.44 
462500.00 7722500.00 -5185.06 
467500.00 7722500.00 -5157.04 
472500.00 7722500.00 -5972.66 
477500.00 7722500.00 -4560.55 
482500.00 7722500.00 -6294.84 
487500.00 7722500.00 -6831.69 
492500.00 7722500.00 -5892.99 
497500.00 7722500.00 -7104.57 
502500.00 7722500.00 -7467.30 
507500.00 7722500.00 -7852.82 
512500.00 7722500.00 -6965.27 
517500.00 7722500.00 -8028.65 
522500.00 7722500.00 -7556.14 
527500.00 7722500.00 -6073.62 
532500.00 7722500.00 -7867.35 
537500.00 7722500.00 -7863.41 
542500.00 7722500.00 -5412.90 
547500.00 7722500.00 -4470.29 
552500.00 7722500.00 -5469.54 
557500.00 7722500.00 -5763.06 
562500.00 7722500.00 -7011.15 
567500.00 7722500.00 -6834.93 
572500.00 7722500.00 -6782.39 
577500.00 7722500.00 -7142.62 
402500.00 7727500.00 -1117.40 
407500.00 7727500.00 -1571.14 
412500.00 7727500.00 -2100.90 
417500.00 7727500.00 -2553.40 
422500.00 7727500.00 -2963.21 
427500.00 7727500.00 -3486.88 
432500.00 7727500.00 -4437.30 
437500.00 7727500.00 -4502.37 
442500.00 7727500.00 -4900.63 
447500.00 7727500.00 -5045.55 
452500.00 7727500.00 -4850.11 
457500.00 7727500.00 -4724.63 
462500.00 7727500.00 -5184.57 
467500.00 7727500.00 -5442.29 
472500.00 7727500.00 -6088.07 
477500.00 7727500.00 -4987.20 
482500.00 7727500.00 -6453.49 
487500.00 7727500.00 -6999.44 
492500.00 7727500.00 -6341.14 
497500.00 7727500.00 -6869.04 
502500.00 7727500.00 -7902.17 
507500.00 7727500.00 -7284.19 
512500.00 7727500.00 -7309.45 
517500.00 7727500.00 -8187.43 
522500.00 7727500.00 -6382.38 
527500.00 7727500.00 -5934.89 
532500.00 7727500.00 -7640.69 
537500.00 7727500.00 -7887.89 
542500.00 7727500.00 -5431.64 
547500.00 7727500.00 -4384.92 
552500.00 7727500.00 -6962.74 
557500.00 7727500.00 -7186.42 
562500.00 7727500.00 -6956.11 
567500.00 7727500.00 -6665.07 
572500.00 7727500.00 -6708.97 
577500.00 7727500.00 -7272.48 
402500.00 7732500.00 -1026.76 
407500.00 7732500.00 -1331.06 
412500.00 7732500.00 -1882.37 
417500.00 7732500.00 -2320.00 
422500.00 7732500.00 -2800.08 
427500.00 7732500.00 -3312.99 
432500.00 7732500.00 -4306.00 
437500.00 7732500.00 -4961.11 
442500.00 7732500.00 -5098.08 
447500.00 7732500.00 -5161.06 
452500.00 7732500.00 -5054.33 
457500.00 7732500.00 -4916.72 
462500.00 7732500.00 -4980.68 
467500.00 7732500.00 -5543.79 
472500.00 7732500.00 -5538.32 
477500.00 7732500.00 -5278.46 
482500.00 7732500.00 -6444.36 
487500.00 7732500.00 -5869.40 
492500.00 7732500.00 -6556.07 
497500.00 7732500.00 -6764.34 
502500.00 7732500.00 -6190.36 
507500.00 7732500.00 -6250.04 
512500.00 7732500.00 -7835.73 
517500.00 7732500.00 -4903.38 
522500.00 7732500.00 -6722.29 
527500.00 7732500.00 -6163.17 
532500.00 7732500.00 -7171.02 
537500.00 7732500.00 -7962.45 
542500.00 7732500.00 -8233.06 
547500.00 7732500.00 -7646.07 
552500.00 7732500.00 -7409.70 
557500.00 7732500.00 -7284.60 
562500.00 7732500.00 -7209.89 
567500.00 7732500.00 -6738.43 
572500.00 7732500.00 -7052.06 
577500.00 7732500.00 -7441.28 
402500.00 7737500.00 -999.69 
407500.00 7737500.00 -1202.20 
412500.00 7737500.00 -1838.14 
417500.00 7737500.00 -2352.44 
422500.00 7737500.00 -2781.33 
427500.00 7737500.00 -3106.21 
432500.00 7737500.00 -4242.26 
437500.00 7737500.00 -5252.28 
442500.00 7737500.00 -5157.97 
447500.00 7737500.00 -5272.01 
452500.00 7737500.00 -5132.36 
457500.00 7737500.00 -4956.69 
462500.00 7737500.00 -5007.68 
467500.00 7737500.00 -5565.71 
472500.00 7737500.00 -5616.22 
477500.00 7737500.00 -5615.37 
482500.00 7737500.00 -6492.45 
487500.00 7737500.00 -5591.98 
492500.00 7737500.00 -6360.89 
497500.00 7737500.00 -6550.67 
502500.00 7737500.00 -5790.30 
507500.00 7737500.00 -7203.02 
512500.00 7737500.00 -7218.23 
517500.00 7737500.00 -4768.48 
522500.00 7737500.00 -6593.63 
527500.00 7737500.00 -6591.18 
532500.00 7737500.00 -7125.91 
537500.00 7737500.00 -7690.03 
542500.00 7737500.00 -7638.77 
547500.00 7737500.00 -7616.56 
552500.00 7737500.00 -7131.26 
557500.00 7737500.00 -7215.22 
562500.00 7737500.00 -7576.34 
567500.00 7737500.00 -7467.72 
572500.00 7737500.00 -7880.74 
577500.00 7737500.00 -7898.28 
402500.00 7742500.00 -1138.53 
407500.00 7742500.00 -1236.80 
412500.00 7742500.00 -1748.29 
417500.00 7742500.00 -2321.61 
422500.00 7742500.00 -2815.07 
427500.00 7742500.00 -3139.92 
432500.00 7742500.00 -3770.10 
437500.00 7742500.00 -4716.26 
442500.00 7742500.00 -5320.32 
447500.00 7742500.00 -5562.03 
452500.00 7742500.00 -5117.31 
457500.00 7742500.00 -5085.93 
462500.00 7742500.00 -5397.53 
467500.00 7742500.00 -5664.68 
472500.00 7742500.00 -5957.04 
477500.00 7742500.00 -6167.04 
482500.00 7742500.00 -6572.33 
487500.00 7742500.00 -5924.27 
492500.00 7742500.00 -6113.97 
497500.00 7742500.00 -6343.55 
502500.00 7742500.00 -6402.54 
507500.00 7742500.00 -7044.19 
512500.00 7742500.00 -7118.54 
517500.00 7742500.00 -6542.12 
522500.00 7742500.00 -6177.51 
527500.00 7742500.00 -6293.59 
532500.00 7742500.00 -7373.21 
537500.00 7742500.00 -7934.09 
542500.00 7742500.00 -8045.93 
547500.00 7742500.00 -7716.05 
552500.00 7742500.00 -7189.92 
557500.00 7742500.00 -7003.21 
562500.00 7742500.00 -7703.96 
567500.00 7742500.00 -8249.23 
572500.00 7742500.00 -8990.86 
577500.00 7742500.00 -9087.95 
402500.00 7747500.00 -1230.64 
407500.00 7747500.00 -1306.84 
412500.00 7747500.00 -1563.27 
417500.00 7747500.00 -2171.09 
422500.00 7747500.00 -2785.46 
427500.00 7747500.00 -3209.05 
432500.00 7747500.00 -3946.32 
437500.00 7747500.00 -4740.71 
442500.00 7747500.00 -5458.18 
447500.00 7747500.00 -5540.16 
452500.00 7747500.00 -5272.20 
457500.00 7747500.00 -5286.22 
462500.00 7747500.00 -5565.52 
467500.00 7747500.00 -5695.97 
472500.00 7747500.00 -6230.49 
477500.00 7747500.00 -6101.24 
482500.00 7747500.00 -6541.56 
487500.00 7747500.00 -6208.15 
492500.00 7747500.00 -5795.89 
497500.00 7747500.00 -6056.99 
502500.00 7747500.00 -6717.00 
507500.00 7747500.00 -7151.33 
512500.00 7747500.00 -7499.92 
517500.00 7747500.00 -6966.69 
522500.00 7747500.00 -7552.71 
527500.00 7747500.00 -6806.02 
532500.00 7747500.00 -6208.52 
537500.00 7747500.00 -5756.32 
542500.00 7747500.00 -8174.74 
547500.00 7747500.00 -7077.07 
552500.00 7747500.00 -7187.66 
557500.00 7747500.00 -6933.31 
562500.00 7747500.00 -7537.83 
567500.00 7747500.00 -8007.80 
572500.00 7747500.00 -9218.82 
577500.00 7747500.00 -9330.57 
402500.00 7752500.00 -1170.52 
407500.00 7752500.00 -1238.41 
412500.00 7752500.00 -1411.18 
417500.00 7752500.00 -2120.10 
422500.00 7752500.00 -2607.94 
427500.00 7752500.00 -3166.19 
432500.00 7752500.00 -4113.33 
437500.00 7752500.00 -4873.07 
442500.00 7752500.00 -5545.79 
447500.00 7752500.00 -5647.23 
452500.00 7752500.00 -5514.41 
457500.00 7752500.00 -5382.45 
462500.00 7752500.00 -5461.32 
467500.00 7752500.00 -5667.63 
472500.00 7752500.00 -6318.08 
477500.00 7752500.00 -5258.76 
482500.00 7752500.00 -6647.03 
487500.00 7752500.00 -6894.81 
492500.00 7752500.00 -5300.57 
497500.00 7752500.00 -5815.51 
502500.00 7752500.00 -6322.28 
507500.00 7752500.00 -7186.01 
512500.00 7752500.00 -7740.23 
517500.00 7752500.00 -7643.33 
522500.00 7752500.00 -7473.44 
527500.00 7752500.00 -7980.53 
532500.00 7752500.00 -7914.09 
537500.00 7752500.00 -6819.25 
542500.00 7752500.00 -7878.49 
547500.00 7752500.00 -7484.58 
552500.00 7752500.00 -8199.11 
557500.00 7752500.00 -7732.43 
562500.00 7752500.00 -7941.65 
567500.00 7752500.00 -8425.35 
572500.00 7752500.00 -9180.26 
577500.00 7752500.00 -7512.59 
402500.00 7757500.00 -1047.40 
407500.00 7757500.00 -1227.31 
412500.00 7757500.00 -1323.09 
417500.00 7757500.00 -1857.22 
422500.00 7757500.00 -2495.17 
427500.00 7757500.00 -3110.25 
432500.00 7757500.00 -4060.84 
437500.00 7757500.00 -4721.23 
442500.00 7757500.00 -5248.27 
447500.00 7757500.00 -5800.79 
452500.00 7757500.00 -5595.45 
457500.00 7757500.00 -5515.55 
462500.00 7757500.00 -5670.73 
467500.00 7757500.00 -5852.23 
472500.00 7757500.00 -6251.37 
477500.00 7757500.00 -5785.41 
482500.00 7757500.00 -6778.63 
487500.00 7757500.00 -6810.46 
492500.00 7757500.00 -6221.82 
497500.00 7757500.00 -6444.15 
502500.00 7757500.00 -5888.06 
507500.00 7757500.00 -6903.36 
512500.00 7757500.00 -6744.57 
517500.00 7757500.00 -7032.11 
522500.00 7757500.00 -7722.17 
527500.00 7757500.00 -8252.16 
532500.00 7757500.00 -8022.83 
537500.00 7757500.00 -7455.25 
542500.00 7757500.00 -4741.15 
547500.00 7757500.00 -5265.56 
552500.00 7757500.00 -8391.06 
557500.00 7757500.00 -7711.08 
562500.00 7757500.00 -8278.24 
567500.00 7757500.00 -8928.19 
572500.00 7757500.00 -8925.32 
577500.00 7757500.00 -8953.67 
402500.00 7762500.00 -906.65 
407500.00 7762500.00 -1055.44 
412500.00 7762500.00 -1311.06 
417500.00 7762500.00 -2083.84 
422500.00 7762500.00 -2574.66 
427500.00 7762500.00 -3136.96 
432500.00 7762500.00 -4024.05 
437500.00 7762500.00 -4547.72 
442500.00 7762500.00 -4986.01 
447500.00 7762500.00 -5451.45 
452500.00 7762500.00 -5540.95 
457500.00 7762500.00 -5783.44 
462500.00 7762500.00 -5939.09 
467500.00 7762500.00 -5904.49 
472500.00 7762500.00 -6359.95 
477500.00 7762500.00 -5668.17 
482500.00 7762500.00 -6574.96 
487500.00 7762500.00 -6703.00 
492500.00 7762500.00 -6680.50 
497500.00 7762500.00 -6659.35 
502500.00 7762500.00 -5635.09 
507500.00 7762500.00 -6217.58 
512500.00 7762500.00 -6979.54 
517500.00 7762500.00 -7359.17 
522500.00 7762500.00 -7613.90 
527500.00 7762500.00 -7722.85 
532500.00 7762500.00 -7296.97 
537500.00 7762500.00 -7187.16 
542500.00 7762500.00 -7577.70 
547500.00 7762500.00 -7810.09 
552500.00 7762500.00 -8406.79 
557500.00 7762500.00 -7782.27 
562500.00 7762500.00 -7779.05 
567500.00 7762500.00 -8394.43 
572500.00 7762500.00 -8786.60 
577500.00 7762500.00 -8895.97 
402500.00 7767500.00 -901.06 
407500.00 7767500.00 -1086.52 
412500.00 7767500.00 -1283.92 
417500.00 7767500.00 -2107.84 
422500.00 7767500.00 -2614.37 
427500.00 7767500.00 -3084.86 
432500.00 7767500.00 -4029.67 
437500.00 7767500.00 -4531.56 
442500.00 7767500.00 -4999.23 
447500.00 7767500.00 -5343.39 
452500.00 7767500.00 -5578.89 
457500.00 7767500.00 -5960.00 
462500.00 7767500.00 -5885.06 
467500.00 7767500.00 -5963.80 
472500.00 7767500.00 -6184.71 
477500.00 7767500.00 -5836.02 
482500.00 7767500.00 -6389.02 
487500.00 7767500.00 -6402.15 
492500.00 7767500.00 -6318.06 
497500.00 7767500.00 -6305.72 
502500.00 7767500.00 -7225.59 
507500.00 7767500.00 -7122.56 
512500.00 7767500.00 -7018.50 
517500.00 7767500.00 -7057.67 
522500.00 7767500.00 -7907.90 
527500.00 7767500.00 -7863.70 
532500.00 7767500.00 -7502.66 
537500.00 7767500.00 -7392.07 
542500.00 7767500.00 -8157.41 
547500.00 7767500.00 -8179.64 
552500.00 7767500.00 -8076.41 
557500.00 7767500.00 -8140.04 
562500.00 7767500.00 -7956.11 
567500.00 7767500.00 -8603.34 
572500.00 7767500.00 -9108.32 
577500.00 7767500.00 -9267.85 
402500.00 7772500.00 -787.62 
407500.00 7772500.00 -1072.36 
412500.00 7772500.00 -1436.83 
417500.00 7772500.00 -2156.68 
422500.00 7772500.00 -2837.12 
427500.00 7772500.00 -3149.57 
432500.00 7772500.00 -3849.79 
437500.00 7772500.00 -4509.20 
442500.00 7772500.00 -4860.43 
447500.00 7772500.00 -5161.35 
452500.00 7772500.00 -5541.66 
457500.00 7772500.00 -5795.24 
462500.00 7772500.00 -5790.52 
467500.00 7772500.00 -6029.63 
472500.00 7772500.00 -6051.12 
477500.00 7772500.00 -6431.78 
482500.00 7772500.00 -6140.72 
487500.00 7772500.00 -5909.35 
492500.00 7772500.00 -7130.70 
497500.00 7772500.00 -7368.19 
502500.00 7772500.00 -7651.37 
507500.00 7772500.00 -7633.90 
512500.00 7772500.00 -7666.80 
517500.00 7772500.00 -6964.83 
522500.00 7772500.00 -7374.79 
527500.00 7772500.00 -7356.69 
532500.00 7772500.00 -7799.83 
537500.00 7772500.00 -8203.37 
542500.00 7772500.00 -8981.95 
547500.00 7772500.00 -8977.52 
552500.00 7772500.00 -9435.34 
557500.00 7772500.00 -9073.46 
562500.00 7772500.00 -9040.22 
567500.00 7772500.00 -9072.64 
572500.00 7772500.00 -9031.99 
577500.00 7772500.00 -9282.63 
402500.00 7777500.00 -765.14 
407500.00 7777500.00 -1085.47 
412500.00 7777500.00 -1543.81 
417500.00 7777500.00 -2072.77 
422500.00 7777500.00 -2873.93 
427500.00 7777500.00 -3220.88 
432500.00 7777500.00 -3826.43 
437500.00 7777500.00 -4272.99 
442500.00 7777500.00 -4642.43 
447500.00 7777500.00 -4991.38 
452500.00 7777500.00 -5505.28 
457500.00 7777500.00 -5880.74 
462500.00 7777500.00 -5854.07 
467500.00 7777500.00 -5753.91 
472500.00 7777500.00 -6132.13 
477500.00 7777500.00 -6315.56 
482500.00 7777500.00 -5990.42 
487500.00 7777500.00 -5940.88 
492500.00 7777500.00 -7387.54 
497500.00 7777500.00 -7703.51 
502500.00 7777500.00 -7336.16 
507500.00 7777500.00 -7525.68 
512500.00 7777500.00 -7756.86 
517500.00 7777500.00 -7290.27 
522500.00 7777500.00 -7769.31 
527500.00 7777500.00 -7776.86 
532500.00 7777500.00 -8882.08 
537500.00 7777500.00 -9678.83 
542500.00 7777500.00 -8904.13 
547500.00 7777500.00 -8545.80 
552500.00 7777500.00 -9311.79 
557500.00 7777500.00 -9183.79 
562500.00 7777500.00 -9534.06 
567500.00 7777500.00 -9757.70 
572500.00 7777500.00 -9133.57 
577500.00 7777500.00 -8976.25 
402500.00 7782500.00 -870.60 
407500.00 7782500.00 -1194.80 
412500.00 7782500.00 -1652.62 
417500.00 7782500.00 -2121.93 
422500.00 7782500.00 -2915.65 
427500.00 7782500.00 -3364.87 
432500.00 7782500.00 -3909.78 
437500.00 7782500.00 -4119.00 
442500.00 7782500.00 -4315.13 
447500.00 7782500.00 -4704.29 
452500.00 7782500.00 -5308.48 
457500.00 7782500.00 -5792.09 
462500.00 7782500.00 -5878.60 
467500.00 7782500.00 -5762.84 
472500.00 7782500.00 -6226.57 
477500.00 7782500.00 -5907.61 
482500.00 7782500.00 -5539.42 
487500.00 7782500.00 -7270.32 
492500.00 7782500.00 -7787.02 
497500.00 7782500.00 -7559.91 
502500.00 7782500.00 -6466.04 
507500.00 7782500.00 -7549.09 
512500.00 7782500.00 -7921.57 
517500.00 7782500.00 -7911.13 
522500.00 7782500.00 -7516.62 
527500.00 7782500.00 -8061.18 
532500.00 7782500.00 -9671.26 
537500.00 7782500.00 -9268.79 
542500.00 7782500.00 -7848.77 
547500.00 7782500.00 -7325.67 
552500.00 7782500.00 -9271.74 
557500.00 7782500.00 -9435.03 
562500.00 7782500.00 -9264.49 
567500.00 7782500.00 -9485.80 
572500.00 7782500.00 -9385.06 
577500.00 7782500.00 -9165.60 
402500.00 7787500.00 -995.67 
407500.00 7787500.00 -1226.74 
412500.00 7787500.00 -1723.36 
417500.00 7787500.00 -2066.58 
422500.00 7787500.00 -2710.88 
427500.00 7787500.00 -3271.06 
432500.00 7787500.00 -3874.01 
437500.00 7787500.00 -4236.40 
442500.00 7787500.00 -4285.50 
447500.00 7787500.00 -4638.43 
452500.00 7787500.00 -5465.81 
457500.00 7787500.00 -5944.27 
462500.00 7787500.00 -6070.59 
467500.00 7787500.00 -5838.27 
472500.00 7787500.00 -6363.38 
477500.00 7787500.00 -6671.19 
482500.00 7787500.00 -6275.36 
487500.00 7787500.00 -7181.01 
492500.00 7787500.00 -8049.89 
497500.00 7787500.00 -7073.42 
502500.00 7787500.00 -5471.61 
507500.00 7787500.00 -7648.75 
512500.00 7787500.00 -8034.98 
517500.00 7787500.00 -8181.24 
522500.00 7787500.00 -5663.16 
527500.00 7787500.00 -7839.72 
532500.00 7787500.00 -10071.62 
537500.00 7787500.00 -8785.53 
542500.00 7787500.00 -8185.98 
547500.00 7787500.00 -8044.90 
552500.00 7787500.00 -8946.67 
557500.00 7787500.00 -9176.14 
562500.00 7787500.00 -9139.37 
567500.00 7787500.00 -9150.22 
572500.00 7787500.00 -9277.32 
577500.00 7787500.00 -9189.91 
402500.00 7792500.00 -1058.96 
407500.00 7792500.00 -1184.93 
412500.00 7792500.00 -1604.43 
417500.00 7792500.00 -2040.00 
422500.00 7792500.00 -2633.16 
427500.00 7792500.00 -3176.12 
432500.00 7792500.00 -3836.13 
437500.00 7792500.00 -4355.29 
442500.00 7792500.00 -4683.83 
447500.00 7792500.00 -4717.37 
452500.00 7792500.00 -5304.54 
457500.00 7792500.00 -5688.41 
462500.00 7792500.00 -5816.95 
467500.00 7792500.00 -6143.94 
472500.00 7792500.00 -6113.17 
477500.00 7792500.00 -6402.55 
482500.00 7792500.00 -6684.32 
487500.00 7792500.00 -6908.02 
492500.00 7792500.00 -6457.40 
497500.00 7792500.00 -7047.06 
502500.00 7792500.00 -7705.73 
507500.00 7792500.00 -7987.97 
512500.00 7792500.00 -8120.46 
517500.00 7792500.00 -7976.07 
522500.00 7792500.00 -7020.09 
527500.00 7792500.00 -8069.53 
532500.00 7792500.00 -8895.29 
537500.00 7792500.00 -8538.00 
542500.00 7792500.00 -8715.26 
547500.00 7792500.00 -8774.14 
552500.00 7792500.00 -8858.35 
557500.00 7792500.00 -8964.34 
562500.00 7792500.00 -9224.05 
567500.00 7792500.00 -9170.01 
572500.00 7792500.00 -9190.38 
577500.00 7792500.00 -9169.07 
402500.00 7797500.00 -992.36 
407500.00 7797500.00 -1073.65 
412500.00 7797500.00 -1517.21 
417500.00 7797500.00 -2009.64 
422500.00 7797500.00 -2445.98 
427500.00 7797500.00 -2866.06 
432500.00 7797500.00 -4072.23 
437500.00 7797500.00 -4635.02 
442500.00 7797500.00 -4930.65 
447500.00 7797500.00 -4919.76 
452500.00 7797500.00 -5334.18 
457500.00 7797500.00 -5677.64 
462500.00 7797500.00 -6011.02 
467500.00 7797500.00 -6295.99 
472500.00 7797500.00 -5939.48 
477500.00 7797500.00 -6456.05 
482500.00 7797500.00 -6902.95 
487500.00 7797500.00 -7292.42 
492500.00 7797500.00 -6056.51 
497500.00 7797500.00 -6472.17 
502500.00 7797500.00 -7247.92 
507500.00 7797500.00 -7269.56 
512500.00 7797500.00 -7717.78 
517500.00 7797500.00 -7705.33 
522500.00 7797500.00 -7749.09 
527500.00 7797500.00 -7892.99 
532500.00 7797500.00 -8308.07 
537500.00 7797500.00 -8498.69 
542500.00 7797500.00 -8636.65 
547500.00 7797500.00 -8690.96 
552500.00 7797500.00 -8831.63 
557500.00 7797500.00 -8914.33 
562500.00 7797500.00 -9127.67 
567500.00 7797500.00 -9121.14 
572500.00 7797500.00 -9179.34 
577500.00 7797500.00 -9156.08 
402500.00 7802500.00 -880.04 
407500.00 7802500.00 -901.72 
412500.00 7802500.00 -1372.94 
417500.00 7802500.00 -1915.92 
422500.00 7802500.00 -2649.08 
427500.00 7802500.00 -3083.92 
432500.00 7802500.00 -3975.64 
437500.00 7802500.00 -4592.07 
442500.00 7802500.00 -4901.39 
447500.00 7802500.00 -5149.79 
452500.00 7802500.00 -5503.01 
457500.00 7802500.00 -5724.50 
462500.00 7802500.00 -6275.69 
467500.00 7802500.00 -6344.97 
472500.00 7802500.00 -6457.75 
477500.00 7802500.00 -5854.77 
482500.00 7802500.00 -5405.35 
487500.00 7802500.00 -6788.96 
492500.00 7802500.00 -6119.55 
497500.00 7802500.00 -4592.23 
502500.00 7802500.00 -6437.44 
507500.00 7802500.00 -6786.10 
512500.00 7802500.00 -7228.09 
517500.00 7802500.00 -7528.98 
522500.00 7802500.00 -7811.86 
527500.00 7802500.00 -7946.55 
532500.00 7802500.00 -8168.10 
537500.00 7802500.00 -8282.55 
542500.00 7802500.00 -8538.94 
547500.00 7802500.00 -8602.10 
552500.00 7802500.00 -8723.83 
557500.00 7802500.00 -8762.70 
562500.00 7802500.00 -8925.79 
567500.00 7802500.00 -8827.38 
572500.00 7802500.00 -8885.23 
577500.00 7802500.00 -8810.02 
