# Petrel Points with attributes
# Unit in X and Y direction: m
# Unit in depth: m
VERSION 1
BEGIN HEADER
X
Y
Z
END HEADER
402500.00 7652500.00 -4400.00 
407500.00 7652500.00 -4891.67 
412500.00 7652500.00 -5057.93 
417500.00 7652500.00 -4959.34 
422500.00 7652500.00 -5001.08 
427500.00 7652500.00 -4913.55 
432500.00 7652500.00 -4940.15 
437500.00 7652500.00 -5532.58 
442500.00 7652500.00 -5236.39 
447500.00 7652500.00 -5560.86 
452500.00 7652500.00 -5560.27 
457500.00 7652500.00 -5468.08 
462500.00 7652500.00 -5670.09 
467500.00 7652500.00 -4314.63 
472500.00 7652500.00 -3258.57 
477500.00 7652500.00 -4225.17 
482500.00 7652500.00 -5137.33 
487500.00 7652500.00 -6136.71 
492500.00 7652500.00 -6141.83 
497500.00 7652500.00 -4666.92 
502500.00 7652500.00 -5431.41 
507500.00 7652500.00 -4175.39 
512500.00 7652500.00 -4309.27 
517500.00 7652500.00 -5793.91 
522500.00 7652500.00 -6782.98 
527500.00 7652500.00 -6734.83 
532500.00 7652500.00 -6922.21 
537500.00 7652500.00 -5550.48 
542500.00 7652500.00 -4341.96 
547500.00 7652500.00 -3841.83 
552500.00 7652500.00 -5525.63 
557500.00 7652500.00 -6864.70 
562500.00 7652500.00 -6804.63 
567500.00 7652500.00 -6558.29 
572500.00 7652500.00 -6406.70 
577500.00 7652500.00 -6244.56 
402500.00 7657500.00 -4381.72 
407500.00 7657500.00 -4660.61 
412500.00 7657500.00 -5285.94 
417500.00 7657500.00 -5162.39 
422500.00 7657500.00 -4953.71 
427500.00 7657500.00 -4887.27 
432500.00 7657500.00 -5020.60 
437500.00 7657500.00 -5200.26 
442500.00 7657500.00 -5272.60 
447500.00 7657500.00 -5506.87 
452500.00 7657500.00 -4941.44 
457500.00 7657500.00 -4755.66 
462500.00 7657500.00 -4778.07 
467500.00 7657500.00 -4694.38 
472500.00 7657500.00 -3270.83 
477500.00 7657500.00 -4161.40 
482500.00 7657500.00 -6359.45 
487500.00 7657500.00 -5314.73 
492500.00 7657500.00 -4344.53 
497500.00 7657500.00 -4074.42 
502500.00 7657500.00 -5016.55 
507500.00 7657500.00 -3813.57 
512500.00 7657500.00 -3573.08 
517500.00 7657500.00 -5316.35 
522500.00 7657500.00 -6815.15 
527500.00 7657500.00 -6680.13 
532500.00 7657500.00 -6046.59 
537500.00 7657500.00 -5780.25 
542500.00 7657500.00 -4635.14 
547500.00 7657500.00 -4463.35 
552500.00 7657500.00 -5770.50 
557500.00 7657500.00 -7178.52 
562500.00 7657500.00 -7208.56 
567500.00 7657500.00 -7005.28 
572500.00 7657500.00 -6796.15 
577500.00 7657500.00 -6768.86 
402500.00 7662500.00 -4481.92 
407500.00 7662500.00 -4481.20 
412500.00 7662500.00 -5066.34 
417500.00 7662500.00 -5147.56 
422500.00 7662500.00 -4955.12 
427500.00 7662500.00 -4972.38 
432500.00 7662500.00 -5011.68 
437500.00 7662500.00 -5032.11 
442500.00 7662500.00 -5231.26 
447500.00 7662500.00 -4553.03 
452500.00 7662500.00 -4425.84 
457500.00 7662500.00 -5538.81 
462500.00 7662500.00 -5065.98 
467500.00 7662500.00 -4782.48 
472500.00 7662500.00 -4063.56 
477500.00 7662500.00 -4421.29 
482500.00 7662500.00 -5747.37 
487500.00 7662500.00 -4155.72 
492500.00 7662500.00 -5054.99 
497500.00 7662500.00 -4879.70 
502500.00 7662500.00 -6925.65 
507500.00 7662500.00 -4949.23 
512500.00 7662500.00 -3590.50 
517500.00 7662500.00 -4557.41 
522500.00 7662500.00 -7215.43 
527500.00 7662500.00 -5752.50 
532500.00 7662500.00 -6842.30 
537500.00 7662500.00 -5296.62 
542500.00 7662500.00 -4389.84 
547500.00 7662500.00 -4826.61 
552500.00 7662500.00 -4876.87 
557500.00 7662500.00 -6928.45 
562500.00 7662500.00 -7667.33 
567500.00 7662500.00 -7362.36 
572500.00 7662500.00 -7124.09 
577500.00 7662500.00 -7286.05 
402500.00 7667500.00 -4204.71 
407500.00 7667500.00 -4430.92 
412500.00 7667500.00 -4814.15 
417500.00 7667500.00 -5060.20 
422500.00 7667500.00 -5163.40 
427500.00 7667500.00 -5014.20 
432500.00 7667500.00 -4527.15 
437500.00 7667500.00 -4936.57 
442500.00 7667500.00 -5298.61 
447500.00 7667500.00 -4677.53 
452500.00 7667500.00 -4870.74 
457500.00 7667500.00 -5973.03 
462500.00 7667500.00 -5395.30 
467500.00 7667500.00 -5293.11 
472500.00 7667500.00 -6115.62 
477500.00 7667500.00 -4596.52 
482500.00 7667500.00 -5794.17 
487500.00 7667500.00 -5173.06 
492500.00 7667500.00 -5228.08 
497500.00 7667500.00 -5362.31 
502500.00 7667500.00 -8036.24 
507500.00 7667500.00 -5929.06 
512500.00 7667500.00 -3896.19 
517500.00 7667500.00 -4488.60 
522500.00 7667500.00 -6267.11 
527500.00 7667500.00 -5364.21 
532500.00 7667500.00 -7605.17 
537500.00 7667500.00 -7341.30 
542500.00 7667500.00 -5277.96 
547500.00 7667500.00 -5275.64 
552500.00 7667500.00 -5340.99 
557500.00 7667500.00 -6505.78 
562500.00 7667500.00 -7375.06 
567500.00 7667500.00 -7210.50 
572500.00 7667500.00 -6888.59 
577500.00 7667500.00 -6914.97 
402500.00 7672500.00 -3627.21 
407500.00 7672500.00 -3819.77 
412500.00 7672500.00 -4469.57 
417500.00 7672500.00 -5057.90 
422500.00 7672500.00 -5102.67 
427500.00 7672500.00 -5058.79 
432500.00 7672500.00 -5089.98 
437500.00 7672500.00 -5266.22 
442500.00 7672500.00 -5266.69 
447500.00 7672500.00 -4583.76 
452500.00 7672500.00 -5136.13 
457500.00 7672500.00 -5792.44 
462500.00 7672500.00 -5776.25 
467500.00 7672500.00 -4871.81 
472500.00 7672500.00 -6092.34 
477500.00 7672500.00 -5478.68 
482500.00 7672500.00 -5720.35 
487500.00 7672500.00 -6573.83 
492500.00 7672500.00 -5128.53 
497500.00 7672500.00 -6294.56 
502500.00 7672500.00 -7208.72 
507500.00 7672500.00 -5156.14 
512500.00 7672500.00 -4152.89 
517500.00 7672500.00 -5041.46 
522500.00 7672500.00 -5535.00 
527500.00 7672500.00 -5393.72 
532500.00 7672500.00 -7532.60 
537500.00 7672500.00 -7631.45 
542500.00 7672500.00 -5376.46 
547500.00 7672500.00 -4933.92 
552500.00 7672500.00 -5772.27 
557500.00 7672500.00 -6189.26 
562500.00 7672500.00 -6629.47 
567500.00 7672500.00 -6537.88 
572500.00 7672500.00 -6590.79 
577500.00 7672500.00 -6732.06 
402500.00 7677500.00 -3436.36 
407500.00 7677500.00 -3645.20 
412500.00 7677500.00 -4171.34 
417500.00 7677500.00 -4836.19 
422500.00 7677500.00 -5073.23 
427500.00 7677500.00 -5086.79 
432500.00 7677500.00 -5024.04 
437500.00 7677500.00 -5064.80 
442500.00 7677500.00 -5233.81 
447500.00 7677500.00 -5129.96 
452500.00 7677500.00 -5582.61 
457500.00 7677500.00 -5840.63 
462500.00 7677500.00 -5811.20 
467500.00 7677500.00 -4702.80 
472500.00 7677500.00 -6025.67 
477500.00 7677500.00 -5656.64 
482500.00 7677500.00 -4976.42 
487500.00 7677500.00 -6583.21 
492500.00 7677500.00 -4968.75 
497500.00 7677500.00 -7147.14 
502500.00 7677500.00 -5548.30 
507500.00 7677500.00 -4290.59 
512500.00 7677500.00 -3974.74 
517500.00 7677500.00 -4454.25 
522500.00 7677500.00 -6373.76 
527500.00 7677500.00 -6493.16 
532500.00 7677500.00 -7828.52 
537500.00 7677500.00 -7791.46 
542500.00 7677500.00 -6113.42 
547500.00 7677500.00 -5218.11 
552500.00 7677500.00 -5531.28 
557500.00 7677500.00 -6422.54 
562500.00 7677500.00 -7013.62 
567500.00 7677500.00 -6811.88 
572500.00 7677500.00 -6608.02 
577500.00 7677500.00 -7183.60 
402500.00 7682500.00 -3287.79 
407500.00 7682500.00 -3520.11 
412500.00 7682500.00 -3896.18 
417500.00 7682500.00 -4421.53 
422500.00 7682500.00 -4857.36 
427500.00 7682500.00 -4954.72 
432500.00 7682500.00 -4934.28 
437500.00 7682500.00 -4941.24 
442500.00 7682500.00 -5306.33 
447500.00 7682500.00 -5645.32 
452500.00 7682500.00 -5299.07 
457500.00 7682500.00 -5115.46 
462500.00 7682500.00 -5631.17 
467500.00 7682500.00 -4713.77 
472500.00 7682500.00 -5471.73 
477500.00 7682500.00 -5712.04 
482500.00 7682500.00 -4785.01 
487500.00 7682500.00 -6342.00 
492500.00 7682500.00 -5150.80 
497500.00 7682500.00 -7011.85 
502500.00 7682500.00 -6390.54 
507500.00 7682500.00 -7276.56 
512500.00 7682500.00 -5440.63 
517500.00 7682500.00 -5669.87 
522500.00 7682500.00 -6393.58 
527500.00 7682500.00 -5482.71 
532500.00 7682500.00 -7498.43 
537500.00 7682500.00 -7984.47 
542500.00 7682500.00 -7004.43 
547500.00 7682500.00 -6161.54 
552500.00 7682500.00 -7273.44 
557500.00 7682500.00 -7021.90 
562500.00 7682500.00 -6937.21 
567500.00 7682500.00 -6860.76 
572500.00 7682500.00 -7033.70 
577500.00 7682500.00 -7441.07 
402500.00 7687500.00 -3123.68 
407500.00 7687500.00 -3341.44 
412500.00 7687500.00 -3696.26 
417500.00 7687500.00 -4096.33 
422500.00 7687500.00 -4680.79 
427500.00 7687500.00 -4890.09 
432500.00 7687500.00 -4965.31 
437500.00 7687500.00 -5022.87 
442500.00 7687500.00 -5175.79 
447500.00 7687500.00 -5213.12 
452500.00 7687500.00 -5294.65 
457500.00 7687500.00 -5251.94 
462500.00 7687500.00 -5293.65 
467500.00 7687500.00 -4622.97 
472500.00 7687500.00 -5552.50 
477500.00 7687500.00 -5698.62 
482500.00 7687500.00 -5875.23 
487500.00 7687500.00 -6174.45 
492500.00 7687500.00 -6223.35 
497500.00 7687500.00 -5940.11 
502500.00 7687500.00 -7521.75 
507500.00 7687500.00 -7259.12 
512500.00 7687500.00 -6186.07 
517500.00 7687500.00 -5227.18 
522500.00 7687500.00 -6467.04 
527500.00 7687500.00 -5691.93 
532500.00 7687500.00 -6658.52 
537500.00 7687500.00 -7867.08 
542500.00 7687500.00 -7444.92 
547500.00 7687500.00 -5639.80 
552500.00 7687500.00 -4956.08 
557500.00 7687500.00 -5055.23 
562500.00 7687500.00 -6466.96 
567500.00 7687500.00 -6828.36 
572500.00 7687500.00 -7443.49 
577500.00 7687500.00 -7510.85 
402500.00 7692500.00 -2796.02 
407500.00 7692500.00 -3068.17 
412500.00 7692500.00 -3360.53 
417500.00 7692500.00 -3612.54 
422500.00 7692500.00 -4513.52 
427500.00 7692500.00 -4854.31 
432500.00 7692500.00 -4796.93 
437500.00 7692500.00 -4855.15 
442500.00 7692500.00 -5168.11 
447500.00 7692500.00 -5076.12 
452500.00 7692500.00 -4952.28 
457500.00 7692500.00 -5162.27 
462500.00 7692500.00 -4803.01 
467500.00 7692500.00 -4590.27 
472500.00 7692500.00 -4909.69 
477500.00 7692500.00 -5149.31 
482500.00 7692500.00 -6257.92 
487500.00 7692500.00 -5289.45 
492500.00 7692500.00 -6025.26 
497500.00 7692500.00 -5975.29 
502500.00 7692500.00 -7333.19 
507500.00 7692500.00 -5892.24 
512500.00 7692500.00 -4748.23 
517500.00 7692500.00 -3801.36 
522500.00 7692500.00 -4886.99 
527500.00 7692500.00 -5228.21 
532500.00 7692500.00 -5271.29 
537500.00 7692500.00 -7278.86 
542500.00 7692500.00 -7601.87 
547500.00 7692500.00 -6166.62 
552500.00 7692500.00 -5710.83 
557500.00 7692500.00 -6094.25 
562500.00 7692500.00 -6477.47 
567500.00 7692500.00 -6738.80 
572500.00 7692500.00 -7314.18 
577500.00 7692500.00 -7756.72 
402500.00 7697500.00 -2414.75 
407500.00 7697500.00 -2839.78 
412500.00 7697500.00 -3187.29 
417500.00 7697500.00 -3450.98 
422500.00 7697500.00 -4067.07 
427500.00 7697500.00 -4625.81 
432500.00 7697500.00 -4704.90 
437500.00 7697500.00 -4796.64 
442500.00 7697500.00 -5061.41 
447500.00 7697500.00 -5270.78 
452500.00 7697500.00 -5136.93 
457500.00 7697500.00 -5170.38 
462500.00 7697500.00 -5415.45 
467500.00 7697500.00 -5246.92 
472500.00 7697500.00 -5374.64 
477500.00 7697500.00 -5000.86 
482500.00 7697500.00 -5992.14 
487500.00 7697500.00 -5007.86 
492500.00 7697500.00 -5790.52 
497500.00 7697500.00 -6241.81 
502500.00 7697500.00 -6822.10 
507500.00 7697500.00 -7341.10 
512500.00 7697500.00 -6484.05 
517500.00 7697500.00 -4672.06 
522500.00 7697500.00 -4015.39 
527500.00 7697500.00 -4476.31 
532500.00 7697500.00 -5050.49 
537500.00 7697500.00 -6767.37 
542500.00 7697500.00 -7492.89 
547500.00 7697500.00 -6298.89 
552500.00 7697500.00 -5380.89 
557500.00 7697500.00 -6403.07 
562500.00 7697500.00 -6417.75 
567500.00 7697500.00 -6659.31 
572500.00 7697500.00 -7438.43 
577500.00 7697500.00 -7865.51 
402500.00 7702500.00 -2144.26 
407500.00 7702500.00 -2690.00 
412500.00 7702500.00 -3118.06 
417500.00 7702500.00 -3343.38 
422500.00 7702500.00 -3838.66 
427500.00 7702500.00 -4577.32 
432500.00 7702500.00 -4903.78 
437500.00 7702500.00 -4936.34 
442500.00 7702500.00 -5044.24 
447500.00 7702500.00 -5172.05 
452500.00 7702500.00 -5327.93 
457500.00 7702500.00 -5362.68 
462500.00 7702500.00 -5363.88 
467500.00 7702500.00 -5542.68 
472500.00 7702500.00 -5618.47 
477500.00 7702500.00 -5736.44 
482500.00 7702500.00 -6235.55 
487500.00 7702500.00 -5564.61 
492500.00 7702500.00 -5771.60 
497500.00 7702500.00 -6726.68 
502500.00 7702500.00 -6493.50 
507500.00 7702500.00 -7117.62 
512500.00 7702500.00 -5791.48 
517500.00 7702500.00 -4517.29 
522500.00 7702500.00 -4027.55 
527500.00 7702500.00 -5036.60 
532500.00 7702500.00 -6950.25 
537500.00 7702500.00 -7006.79 
542500.00 7702500.00 -7690.35 
547500.00 7702500.00 -7087.00 
552500.00 7702500.00 -4272.08 
557500.00 7702500.00 -4921.24 
562500.00 7702500.00 -6291.75 
567500.00 7702500.00 -6722.24 
572500.00 7702500.00 -7375.07 
577500.00 7702500.00 -7696.29 
402500.00 7707500.00 -1779.95 
407500.00 7707500.00 -2698.72 
412500.00 7707500.00 -3086.50 
417500.00 7707500.00 -3321.82 
422500.00 7707500.00 -3781.97 
427500.00 7707500.00 -4398.25 
432500.00 7707500.00 -4925.84 
437500.00 7707500.00 -5072.63 
442500.00 7707500.00 -5180.35 
447500.00 7707500.00 -5171.93 
452500.00 7707500.00 -5220.06 
457500.00 7707500.00 -5216.63 
462500.00 7707500.00 -4440.98 
467500.00 7707500.00 -5310.58 
472500.00 7707500.00 -5673.32 
477500.00 7707500.00 -6128.01 
482500.00 7707500.00 -6425.38 
487500.00 7707500.00 -5644.21 
492500.00 7707500.00 -6221.77 
497500.00 7707500.00 -6737.11 
502500.00 7707500.00 -6399.71 
507500.00 7707500.00 -5124.12 
512500.00 7707500.00 -5439.13 
517500.00 7707500.00 -5570.23 
522500.00 7707500.00 -4909.95 
527500.00 7707500.00 -5907.52 
532500.00 7707500.00 -6251.85 
537500.00 7707500.00 -6522.65 
542500.00 7707500.00 -7663.40 
547500.00 7707500.00 -7056.27 
552500.00 7707500.00 -4481.14 
557500.00 7707500.00 -4512.94 
562500.00 7707500.00 -6167.33 
567500.00 7707500.00 -6748.41 
572500.00 7707500.00 -7033.31 
577500.00 7707500.00 -7235.18 
402500.00 7712500.00 -1713.49 
407500.00 7712500.00 -2525.21 
412500.00 7712500.00 -2944.81 
417500.00 7712500.00 -3210.32 
422500.00 7712500.00 -3592.68 
427500.00 7712500.00 -4060.44 
432500.00 7712500.00 -4958.10 
437500.00 7712500.00 -5290.46 
442500.00 7712500.00 -5444.51 
447500.00 7712500.00 -5268.82 
452500.00 7712500.00 -5168.10 
457500.00 7712500.00 -5329.50 
462500.00 7712500.00 -4904.44 
467500.00 7712500.00 -5511.25 
472500.00 7712500.00 -5764.48 
477500.00 7712500.00 -4968.60 
482500.00 7712500.00 -6156.38 
487500.00 7712500.00 -5930.09 
492500.00 7712500.00 -6350.31 
497500.00 7712500.00 -6012.78 
502500.00 7712500.00 -7096.05 
507500.00 7712500.00 -6796.39 
512500.00 7712500.00 -6174.59 
517500.00 7712500.00 -6927.74 
522500.00 7712500.00 -6382.19 
527500.00 7712500.00 -7104.97 
532500.00 7712500.00 -7156.22 
537500.00 7712500.00 -6027.25 
542500.00 7712500.00 -7638.42 
547500.00 7712500.00 -7201.82 
552500.00 7712500.00 -4521.72 
557500.00 7712500.00 -3950.62 
562500.00 7712500.00 -6746.52 
567500.00 7712500.00 -6964.91 
572500.00 7712500.00 -6891.40 
577500.00 7712500.00 -7066.56 
402500.00 7717500.00 -1620.98 
407500.00 7717500.00 -2241.96 
412500.00 7717500.00 -2754.85 
417500.00 7717500.00 -3021.70 
422500.00 7717500.00 -3472.73 
427500.00 7717500.00 -4000.88 
432500.00 7717500.00 -4934.30 
437500.00 7717500.00 -5181.88 
442500.00 7717500.00 -5294.31 
447500.00 7717500.00 -5299.47 
452500.00 7717500.00 -5248.74 
457500.00 7717500.00 -5224.15 
462500.00 7717500.00 -5274.57 
467500.00 7717500.00 -5213.64 
472500.00 7717500.00 -5860.27 
477500.00 7717500.00 -4990.90 
482500.00 7717500.00 -5946.03 
487500.00 7717500.00 -6456.74 
492500.00 7717500.00 -5689.72 
497500.00 7717500.00 -6627.35 
502500.00 7717500.00 -7008.52 
507500.00 7717500.00 -7500.30 
512500.00 7717500.00 -5833.68 
517500.00 7717500.00 -6846.48 
522500.00 7717500.00 -5738.75 
527500.00 7717500.00 -6817.04 
532500.00 7717500.00 -8160.98 
537500.00 7717500.00 -6745.54 
542500.00 7717500.00 -6244.72 
547500.00 7717500.00 -7055.93 
552500.00 7717500.00 -4773.15 
557500.00 7717500.00 -3948.89 
562500.00 7717500.00 -7016.34 
567500.00 7717500.00 -7144.28 
572500.00 7717500.00 -6981.17 
577500.00 7717500.00 -7101.13 
402500.00 7722500.00 -1424.69 
407500.00 7722500.00 -2010.79 
412500.00 7722500.00 -2478.72 
417500.00 7722500.00 -2985.84 
422500.00 7722500.00 -3508.77 
427500.00 7722500.00 -3961.07 
432500.00 7722500.00 -4828.40 
437500.00 7722500.00 -4841.43 
442500.00 7722500.00 -5217.22 
447500.00 7722500.00 -5212.14 
452500.00 7722500.00 -5313.69 
457500.00 7722500.00 -4970.08 
462500.00 7722500.00 -5478.37 
467500.00 7722500.00 -5454.93 
472500.00 7722500.00 -6188.18 
477500.00 7722500.00 -4688.72 
482500.00 7722500.00 -6446.70 
487500.00 7722500.00 -7072.40 
492500.00 7722500.00 -6088.70 
497500.00 7722500.00 -7304.54 
502500.00 7722500.00 -7696.28 
507500.00 7722500.00 -8061.28 
512500.00 7722500.00 -7165.61 
517500.00 7722500.00 -8231.43 
522500.00 7722500.00 -7786.72 
527500.00 7722500.00 -6281.60 
532500.00 7722500.00 -7956.03 
537500.00 7722500.00 -7919.05 
542500.00 7722500.00 -5524.99 
547500.00 7722500.00 -4613.35 
552500.00 7722500.00 -5618.03 
557500.00 7722500.00 -5954.07 
562500.00 7722500.00 -7183.83 
567500.00 7722500.00 -6980.97 
572500.00 7722500.00 -6909.58 
577500.00 7722500.00 -7266.05 
402500.00 7727500.00 -1285.16 
407500.00 7727500.00 -1785.47 
412500.00 7727500.00 -2319.12 
417500.00 7727500.00 -2766.38 
422500.00 7727500.00 -3230.15 
427500.00 7727500.00 -3862.28 
432500.00 7727500.00 -4854.08 
437500.00 7727500.00 -4877.75 
442500.00 7727500.00 -5221.93 
447500.00 7727500.00 -5397.02 
452500.00 7727500.00 -5253.06 
457500.00 7727500.00 -5089.07 
462500.00 7727500.00 -5502.99 
467500.00 7727500.00 -5740.50 
472500.00 7727500.00 -6287.59 
477500.00 7727500.00 -5106.31 
482500.00 7727500.00 -6578.86 
487500.00 7727500.00 -7175.28 
492500.00 7727500.00 -6546.40 
497500.00 7727500.00 -7080.39 
502500.00 7727500.00 -8099.03 
507500.00 7727500.00 -7466.82 
512500.00 7727500.00 -7505.21 
517500.00 7727500.00 -8371.68 
522500.00 7727500.00 -6573.64 
527500.00 7727500.00 -6065.07 
532500.00 7727500.00 -7698.73 
537500.00 7727500.00 -7938.79 
542500.00 7727500.00 -5546.66 
547500.00 7727500.00 -4543.02 
552500.00 7727500.00 -7129.00 
557500.00 7727500.00 -7377.40 
562500.00 7727500.00 -7127.59 
567500.00 7727500.00 -6805.43 
572500.00 7727500.00 -6829.41 
577500.00 7727500.00 -7385.49 
402500.00 7732500.00 -1146.01 
407500.00 7732500.00 -1518.89 
412500.00 7732500.00 -2081.97 
417500.00 7732500.00 -2501.20 
422500.00 7732500.00 -3013.11 
427500.00 7732500.00 -3647.27 
432500.00 7732500.00 -4684.47 
437500.00 7732500.00 -5273.14 
442500.00 7732500.00 -5378.08 
447500.00 7732500.00 -5457.93 
452500.00 7732500.00 -5365.48 
457500.00 7732500.00 -5245.63 
462500.00 7732500.00 -5309.30 
467500.00 7732500.00 -5831.81 
472500.00 7732500.00 -5711.58 
477500.00 7732500.00 -5376.95 
482500.00 7732500.00 -6498.60 
487500.00 7732500.00 -5952.83 
492500.00 7732500.00 -6725.37 
497500.00 7732500.00 -6983.70 
502500.00 7732500.00 -6441.76 
507500.00 7732500.00 -6500.96 
512500.00 7732500.00 -8041.44 
517500.00 7732500.00 -5092.44 
522500.00 7732500.00 -6893.32 
527500.00 7732500.00 -6249.90 
532500.00 7732500.00 -7200.73 
537500.00 7732500.00 -8012.23 
542500.00 7732500.00 -8347.36 
547500.00 7732500.00 -7791.43 
552500.00 7732500.00 -7579.38 
557500.00 7732500.00 -7471.38 
562500.00 7732500.00 -7374.50 
567500.00 7732500.00 -6868.88 
572500.00 7732500.00 -7161.73 
577500.00 7732500.00 -7544.24 
402500.00 7737500.00 -1166.81 
407500.00 7737500.00 -1407.43 
412500.00 7737500.00 -2021.54 
417500.00 7737500.00 -2521.24 
422500.00 7737500.00 -2973.93 
427500.00 7737500.00 -3396.60 
432500.00 7737500.00 -4565.70 
437500.00 7737500.00 -5522.17 
442500.00 7737500.00 -5414.03 
447500.00 7737500.00 -5536.64 
452500.00 7737500.00 -5408.67 
457500.00 7737500.00 -5253.25 
462500.00 7737500.00 -5336.60 
467500.00 7737500.00 -5836.43 
472500.00 7737500.00 -5730.18 
477500.00 7737500.00 -5711.34 
482500.00 7737500.00 -6561.84 
487500.00 7737500.00 -5665.46 
492500.00 7737500.00 -6512.92 
497500.00 7737500.00 -6754.90 
502500.00 7737500.00 -6087.83 
507500.00 7737500.00 -7509.86 
512500.00 7737500.00 -7438.73 
517500.00 7737500.00 -4955.20 
522500.00 7737500.00 -6785.83 
527500.00 7737500.00 -6692.19 
532500.00 7737500.00 -7155.66 
537500.00 7737500.00 -7750.51 
542500.00 7737500.00 -7752.79 
547500.00 7737500.00 -7747.06 
552500.00 7737500.00 -7286.84 
557500.00 7737500.00 -7388.50 
562500.00 7737500.00 -7722.99 
567500.00 7737500.00 -7584.59 
572500.00 7737500.00 -7976.90 
577500.00 7737500.00 -7986.89 
402500.00 7742500.00 -1376.14 
407500.00 7742500.00 -1446.96 
412500.00 7742500.00 -1927.80 
417500.00 7742500.00 -2492.77 
422500.00 7742500.00 -3001.92 
427500.00 7742500.00 -3387.82 
432500.00 7742500.00 -4070.33 
437500.00 7742500.00 -5019.46 
442500.00 7742500.00 -5570.58 
447500.00 7742500.00 -5824.35 
452500.00 7742500.00 -5403.25 
457500.00 7742500.00 -5367.85 
462500.00 7742500.00 -5739.43 
467500.00 7742500.00 -5956.80 
472500.00 7742500.00 -6074.94 
477500.00 7742500.00 -6254.88 
482500.00 7742500.00 -6654.00 
487500.00 7742500.00 -6002.80 
492500.00 7742500.00 -6253.33 
497500.00 7742500.00 -6511.13 
502500.00 7742500.00 -6632.67 
507500.00 7742500.00 -7330.06 
512500.00 7742500.00 -7345.29 
517500.00 7742500.00 -6750.30 
522500.00 7742500.00 -6369.55 
527500.00 7742500.00 -6430.58 
532500.00 7742500.00 -7437.52 
537500.00 7742500.00 -8006.85 
542500.00 7742500.00 -8159.13 
547500.00 7742500.00 -7844.64 
552500.00 7742500.00 -7348.26 
557500.00 7742500.00 -7169.67 
562500.00 7742500.00 -7840.60 
567500.00 7742500.00 -8351.88 
572500.00 7742500.00 -9073.78 
577500.00 7742500.00 -9165.96 
402500.00 7747500.00 -1458.04 
407500.00 7747500.00 -1506.63 
412500.00 7747500.00 -1741.86 
417500.00 7747500.00 -2342.36 
422500.00 7747500.00 -2985.81 
427500.00 7747500.00 -3458.32 
432500.00 7747500.00 -4198.53 
437500.00 7747500.00 -4975.25 
442500.00 7747500.00 -5673.57 
447500.00 7747500.00 -5772.15 
452500.00 7747500.00 -5536.89 
457500.00 7747500.00 -5543.89 
462500.00 7747500.00 -5875.14 
467500.00 7747500.00 -6010.91 
472500.00 7747500.00 -6396.22 
477500.00 7747500.00 -6172.19 
482500.00 7747500.00 -6620.75 
487500.00 7747500.00 -6274.50 
492500.00 7747500.00 -5949.39 
497500.00 7747500.00 -6241.04 
502500.00 7747500.00 -6879.80 
507500.00 7747500.00 -7395.54 
512500.00 7747500.00 -7733.03 
517500.00 7747500.00 -7201.64 
522500.00 7747500.00 -7777.41 
527500.00 7747500.00 -6955.58 
532500.00 7747500.00 -6281.03 
537500.00 7747500.00 -5834.71 
542500.00 7747500.00 -8293.90 
547500.00 7747500.00 -7225.10 
552500.00 7747500.00 -7361.21 
557500.00 7747500.00 -7096.11 
562500.00 7747500.00 -7659.84 
567500.00 7747500.00 -8098.75 
572500.00 7747500.00 -9295.36 
577500.00 7747500.00 -9411.49 
402500.00 7752500.00 -1364.02 
407500.00 7752500.00 -1427.41 
412500.00 7752500.00 -1587.63 
417500.00 7752500.00 -2298.82 
422500.00 7752500.00 -2836.25 
427500.00 7752500.00 -3469.21 
432500.00 7752500.00 -4378.52 
437500.00 7752500.00 -5081.51 
442500.00 7752500.00 -5737.18 
447500.00 7752500.00 -5845.02 
452500.00 7752500.00 -5729.12 
457500.00 7752500.00 -5575.75 
462500.00 7752500.00 -5715.89 
467500.00 7752500.00 -5940.38 
472500.00 7752500.00 -6450.20 
477500.00 7752500.00 -5319.38 
482500.00 7752500.00 -6713.12 
487500.00 7752500.00 -6951.45 
492500.00 7752500.00 -5451.80 
497500.00 7752500.00 -6018.96 
502500.00 7752500.00 -6510.86 
507500.00 7752500.00 -7420.22 
512500.00 7752500.00 -7960.30 
517500.00 7752500.00 -7870.73 
522500.00 7752500.00 -7690.04 
527500.00 7752500.00 -8119.35 
532500.00 7752500.00 -7972.68 
537500.00 7752500.00 -6909.23 
542500.00 7752500.00 -8019.97 
547500.00 7752500.00 -7661.65 
552500.00 7752500.00 -8377.03 
557500.00 7752500.00 -7877.98 
562500.00 7752500.00 -8048.77 
567500.00 7752500.00 -8507.00 
572500.00 7752500.00 -9263.45 
577500.00 7752500.00 -7623.93 
402500.00 7757500.00 -1229.38 
407500.00 7757500.00 -1411.41 
412500.00 7757500.00 -1503.88 
417500.00 7757500.00 -2040.69 
422500.00 7757500.00 -2718.38 
427500.00 7757500.00 -3437.16 
432500.00 7757500.00 -4367.04 
437500.00 7757500.00 -4956.78 
442500.00 7757500.00 -5439.86 
447500.00 7757500.00 -5996.30 
452500.00 7757500.00 -5816.68 
457500.00 7757500.00 -5678.64 
462500.00 7757500.00 -5889.89 
467500.00 7757500.00 -6086.19 
472500.00 7757500.00 -6347.19 
477500.00 7757500.00 -5862.88 
482500.00 7757500.00 -6871.82 
487500.00 7757500.00 -6885.93 
492500.00 7757500.00 -6369.46 
497500.00 7757500.00 -6636.11 
502500.00 7757500.00 -6066.04 
507500.00 7757500.00 -7093.76 
512500.00 7757500.00 -6931.02 
517500.00 7757500.00 -7208.87 
522500.00 7757500.00 -7875.37 
527500.00 7757500.00 -8336.13 
532500.00 7757500.00 -8087.17 
537500.00 7757500.00 -7566.22 
542500.00 7757500.00 -4908.14 
547500.00 7757500.00 -5453.42 
552500.00 7757500.00 -8558.45 
557500.00 7757500.00 -7839.80 
562500.00 7757500.00 -8370.61 
567500.00 7757500.00 -9002.87 
572500.00 7757500.00 -9022.34 
577500.00 7757500.00 -9022.41 
402500.00 7762500.00 -1105.40 
407500.00 7762500.00 -1246.86 
412500.00 7762500.00 -1493.55 
417500.00 7762500.00 -2258.97 
422500.00 7762500.00 -2767.28 
427500.00 7762500.00 -3405.15 
432500.00 7762500.00 -4323.12 
437500.00 7762500.00 -4784.69 
442500.00 7762500.00 -5174.32 
447500.00 7762500.00 -5672.58 
452500.00 7762500.00 -5792.06 
457500.00 7762500.00 -5944.06 
462500.00 7762500.00 -6128.49 
467500.00 7762500.00 -6122.08 
472500.00 7762500.00 -6458.36 
477500.00 7762500.00 -5751.96 
482500.00 7762500.00 -6687.24 
487500.00 7762500.00 -6795.10 
492500.00 7762500.00 -6827.36 
497500.00 7762500.00 -6836.46 
502500.00 7762500.00 -5806.35 
507500.00 7762500.00 -6392.01 
512500.00 7762500.00 -7132.46 
517500.00 7762500.00 -7462.99 
522500.00 7762500.00 -7672.06 
527500.00 7762500.00 -7777.25 
532500.00 7762500.00 -7388.94 
537500.00 7762500.00 -7313.84 
542500.00 7762500.00 -7737.60 
547500.00 7762500.00 -7987.20 
552500.00 7762500.00 -8558.86 
557500.00 7762500.00 -7895.72 
562500.00 7762500.00 -7858.28 
567500.00 7762500.00 -8457.24 
572500.00 7762500.00 -8867.91 
577500.00 7762500.00 -8963.68 
402500.00 7767500.00 -1121.71 
407500.00 7767500.00 -1288.53 
412500.00 7767500.00 -1479.19 
417500.00 7767500.00 -2291.51 
422500.00 7767500.00 -2800.02 
427500.00 7767500.00 -3327.08 
432500.00 7767500.00 -4316.18 
437500.00 7767500.00 -4774.30 
442500.00 7767500.00 -5200.75 
447500.00 7767500.00 -5564.76 
452500.00 7767500.00 -5817.68 
457500.00 7767500.00 -6154.26 
462500.00 7767500.00 -6062.78 
467500.00 7767500.00 -6169.20 
472500.00 7767500.00 -6325.89 
477500.00 7767500.00 -5921.70 
482500.00 7767500.00 -6522.61 
487500.00 7767500.00 -6578.22 
492500.00 7767500.00 -6461.73 
497500.00 7767500.00 -6464.93 
502500.00 7767500.00 -7413.75 
507500.00 7767500.00 -7259.20 
512500.00 7767500.00 -7099.02 
517500.00 7767500.00 -7077.51 
522500.00 7767500.00 -7946.89 
527500.00 7767500.00 -7947.71 
532500.00 7767500.00 -7618.67 
537500.00 7767500.00 -7523.90 
542500.00 7767500.00 -8305.77 
547500.00 7767500.00 -8338.37 
552500.00 7767500.00 -8204.13 
557500.00 7767500.00 -8236.35 
562500.00 7767500.00 -8021.42 
567500.00 7767500.00 -8649.40 
572500.00 7767500.00 -9152.44 
577500.00 7767500.00 -9326.63 
402500.00 7772500.00 -1019.52 
407500.00 7772500.00 -1306.88 
412500.00 7772500.00 -1653.74 
417500.00 7772500.00 -2351.77 
422500.00 7772500.00 -3037.54 
427500.00 7772500.00 -3399.37 
432500.00 7772500.00 -4146.96 
437500.00 7772500.00 -4745.60 
442500.00 7772500.00 -5052.95 
447500.00 7772500.00 -5363.28 
452500.00 7772500.00 -5780.01 
457500.00 7772500.00 -6022.49 
462500.00 7772500.00 -5984.37 
467500.00 7772500.00 -6204.85 
472500.00 7772500.00 -6215.58 
477500.00 7772500.00 -6534.66 
482500.00 7772500.00 -6292.53 
487500.00 7772500.00 -6116.76 
492500.00 7772500.00 -7264.00 
497500.00 7772500.00 -7494.24 
502500.00 7772500.00 -7730.56 
507500.00 7772500.00 -7714.56 
512500.00 7772500.00 -7711.69 
517500.00 7772500.00 -7015.16 
522500.00 7772500.00 -7466.89 
527500.00 7772500.00 -7473.70 
532500.00 7772500.00 -7925.97 
537500.00 7772500.00 -8331.75 
542500.00 7772500.00 -9113.46 
547500.00 7772500.00 -9108.93 
552500.00 7772500.00 -9536.38 
557500.00 7772500.00 -9149.39 
562500.00 7772500.00 -9089.40 
567500.00 7772500.00 -9102.87 
572500.00 7772500.00 -9051.51 
577500.00 7772500.00 -9307.12 
402500.00 7777500.00 -977.12 
407500.00 7777500.00 -1314.41 
412500.00 7777500.00 -1759.14 
417500.00 7777500.00 -2267.24 
422500.00 7777500.00 -3079.67 
427500.00 7777500.00 -3496.71 
432500.00 7777500.00 -4123.91 
437500.00 7777500.00 -4493.58 
442500.00 7777500.00 -4849.26 
447500.00 7777500.00 -5216.76 
452500.00 7777500.00 -5743.91 
457500.00 7777500.00 -6100.85 
462500.00 7777500.00 -6036.55 
467500.00 7777500.00 -5900.27 
472500.00 7777500.00 -6279.08 
477500.00 7777500.00 -6510.62 
482500.00 7777500.00 -6201.11 
487500.00 7777500.00 -6092.28 
492500.00 7777500.00 -7444.92 
497500.00 7777500.00 -7789.05 
502500.00 7777500.00 -7377.75 
507500.00 7777500.00 -7576.94 
512500.00 7777500.00 -7834.17 
517500.00 7777500.00 -7394.28 
522500.00 7777500.00 -7890.13 
527500.00 7777500.00 -7903.50 
532500.00 7777500.00 -9005.84 
537500.00 7777500.00 -9792.45 
542500.00 7777500.00 -9015.67 
547500.00 7777500.00 -8651.97 
552500.00 7777500.00 -9392.29 
557500.00 7777500.00 -9240.50 
562500.00 7777500.00 -9567.42 
567500.00 7777500.00 -9775.41 
572500.00 7777500.00 -9147.18 
577500.00 7777500.00 -9001.16 
402500.00 7782500.00 -1088.33 
407500.00 7782500.00 -1415.16 
412500.00 7782500.00 -1862.30 
417500.00 7782500.00 -2307.79 
422500.00 7782500.00 -3125.13 
427500.00 7782500.00 -3640.66 
432500.00 7782500.00 -4187.63 
437500.00 7782500.00 -4335.88 
442500.00 7782500.00 -4534.30 
447500.00 7782500.00 -4953.84 
452500.00 7782500.00 -5550.83 
457500.00 7782500.00 -5996.63 
462500.00 7782500.00 -6056.91 
467500.00 7782500.00 -5893.63 
472500.00 7782500.00 -6350.81 
477500.00 7782500.00 -6225.21 
482500.00 7782500.00 -5852.62 
487500.00 7782500.00 -7329.91 
492500.00 7782500.00 -7787.02 
497500.00 7782500.00 -7604.41 
502500.00 7782500.00 -6556.74 
507500.00 7782500.00 -7649.96 
512500.00 7782500.00 -8037.48 
517500.00 7782500.00 -8037.13 
522500.00 7782500.00 -7646.48 
527500.00 7782500.00 -8187.58 
532500.00 7782500.00 -9786.26 
537500.00 7782500.00 -9376.65 
542500.00 7782500.00 -7944.05 
547500.00 7782500.00 -7405.92 
552500.00 7782500.00 -9330.93 
557500.00 7782500.00 -9473.72 
562500.00 7782500.00 -9281.73 
567500.00 7782500.00 -9491.21 
572500.00 7782500.00 -9407.83 
577500.00 7782500.00 -9222.87 
402500.00 7787500.00 -1260.02 
407500.00 7787500.00 -1503.60 
412500.00 7787500.00 -1983.43 
417500.00 7787500.00 -2278.67 
422500.00 7787500.00 -2926.85 
427500.00 7787500.00 -3519.16 
432500.00 7787500.00 -4117.47 
437500.00 7787500.00 -4443.82 
442500.00 7787500.00 -4489.92 
447500.00 7787500.00 -4852.16 
452500.00 7787500.00 -5682.24 
457500.00 7787500.00 -6135.90 
462500.00 7787500.00 -6249.53 
467500.00 7787500.00 -6007.27 
472500.00 7787500.00 -6490.95 
477500.00 7787500.00 -6873.84 
482500.00 7787500.00 -6542.45 
487500.00 7787500.00 -7291.58 
492500.00 7787500.00 -8130.25 
497500.00 7787500.00 -7148.03 
502500.00 7787500.00 -5602.84 
507500.00 7787500.00 -7775.38 
512500.00 7787500.00 -8165.13 
517500.00 7787500.00 -8315.13 
522500.00 7787500.00 -5803.61 
527500.00 7787500.00 -7982.18 
532500.00 7787500.00 -10199.74 
537500.00 7787500.00 -8888.35 
542500.00 7787500.00 -8264.61 
547500.00 7787500.00 -8110.29 
552500.00 7787500.00 -8997.11 
557500.00 7787500.00 -9207.56 
562500.00 7787500.00 -9148.30 
567500.00 7787500.00 -9175.20 
572500.00 7787500.00 -9322.54 
577500.00 7787500.00 -9273.63 
402500.00 7792500.00 -1359.41 
407500.00 7792500.00 -1502.49 
412500.00 7792500.00 -1911.04 
417500.00 7792500.00 -2285.87 
422500.00 7792500.00 -2857.16 
427500.00 7792500.00 -3395.77 
432500.00 7792500.00 -4077.54 
437500.00 7792500.00 -4551.86 
442500.00 7792500.00 -4864.40 
447500.00 7792500.00 -4892.05 
452500.00 7792500.00 -5491.57 
457500.00 7792500.00 -5897.42 
462500.00 7792500.00 -6017.94 
467500.00 7792500.00 -6324.99 
472500.00 7792500.00 -6247.49 
477500.00 7792500.00 -6514.58 
482500.00 7792500.00 -6828.08 
487500.00 7792500.00 -7117.33 
492500.00 7792500.00 -6709.40 
497500.00 7792500.00 -7201.54 
502500.00 7792500.00 -7842.22 
507500.00 7792500.00 -8119.99 
512500.00 7792500.00 -8256.96 
517500.00 7792500.00 -8140.37 
522500.00 7792500.00 -7201.54 
527500.00 7792500.00 -8234.43 
532500.00 7792500.00 -9016.59 
537500.00 7792500.00 -8622.38 
542500.00 7792500.00 -8778.57 
547500.00 7792500.00 -8834.99 
552500.00 7792500.00 -8919.86 
557500.00 7792500.00 -9008.27 
562500.00 7792500.00 -9249.14 
567500.00 7792500.00 -9200.01 
572500.00 7792500.00 -9248.87 
577500.00 7792500.00 -9249.63 
402500.00 7797500.00 -1299.98 
407500.00 7797500.00 -1397.71 
412500.00 7797500.00 -1854.78 
417500.00 7797500.00 -2291.00 
422500.00 7797500.00 -2674.17 
427500.00 7797500.00 -3096.09 
432500.00 7797500.00 -4309.42 
437500.00 7797500.00 -4804.02 
442500.00 7797500.00 -5093.42 
447500.00 7797500.00 -5095.89 
452500.00 7797500.00 -5499.45 
457500.00 7797500.00 -5861.60 
462500.00 7797500.00 -6154.40 
467500.00 7797500.00 -6444.19 
472500.00 7797500.00 -6131.58 
477500.00 7797500.00 -6679.18 
482500.00 7797500.00 -7064.79 
487500.00 7797500.00 -7473.16 
492500.00 7797500.00 -6344.54 
497500.00 7797500.00 -6584.80 
502500.00 7797500.00 -7364.78 
507500.00 7797500.00 -7401.65 
512500.00 7797500.00 -7865.24 
517500.00 7797500.00 -7891.74 
522500.00 7797500.00 -7932.55 
527500.00 7797500.00 -8038.76 
532500.00 7797500.00 -8405.88 
537500.00 7797500.00 -8564.22 
542500.00 7797500.00 -8689.75 
547500.00 7797500.00 -8766.34 
552500.00 7797500.00 -8928.07 
557500.00 7797500.00 -8999.59 
562500.00 7797500.00 -9160.01 
567500.00 7797500.00 -9140.57 
572500.00 7797500.00 -9225.77 
577500.00 7797500.00 -9239.12 
402500.00 7802500.00 -1216.70 
407500.00 7802500.00 -1264.66 
412500.00 7802500.00 -1744.32 
417500.00 7802500.00 -2213.74 
422500.00 7802500.00 -2890.84 
427500.00 7802500.00 -3326.22 
432500.00 7802500.00 -4229.48 
437500.00 7802500.00 -4836.30 
442500.00 7802500.00 -5166.18 
447500.00 7802500.00 -5427.44 
452500.00 7802500.00 -5662.31 
457500.00 7802500.00 -5846.42 
462500.00 7802500.00 -6286.87 
467500.00 7802500.00 -6421.73 
472500.00 7802500.00 -6622.45 
477500.00 7802500.00 -6106.65 
482500.00 7802500.00 -5620.26 
487500.00 7802500.00 -6954.81 
492500.00 7802500.00 -6349.22 
497500.00 7802500.00 -4652.01 
502500.00 7802500.00 -6546.83 
507500.00 7802500.00 -6916.37 
512500.00 7802500.00 -7375.58 
517500.00 7802500.00 -7706.34 
522500.00 7802500.00 -7965.57 
527500.00 7802500.00 -8056.96 
532500.00 7802500.00 -8235.25 
537500.00 7802500.00 -8323.36 
542500.00 7802500.00 -8576.27 
547500.00 7802500.00 -8684.00 
552500.00 7802500.00 -8780.83 
557500.00 7802500.00 -8835.42 
562500.00 7802500.00 -8958.20 
567500.00 7802500.00 -8849.69 
572500.00 7802500.00 -8923.43 
577500.00 7802500.00 -8879.58 
