# Petrel Points with attributes
# Unit in X and Y direction: m
# Unit in depth: m
VERSION 1
BEGIN HEADER
X
Y
Z
END HEADER
402500.00 7652500.00 -4356.90 
407500.00 7652500.00 -4849.07 
412500.00 7652500.00 -5008.28 
417500.00 7652500.00 -4895.25 
422500.00 7652500.00 -4922.13 
427500.00 7652500.00 -4830.18 
432500.00 7652500.00 -4858.43 
437500.00 7652500.00 -5446.38 
442500.00 7652500.00 -5139.51 
447500.00 7652500.00 -5460.95 
452500.00 7652500.00 -5462.48 
457500.00 7652500.00 -5373.02 
462500.00 7652500.00 -5579.10 
467500.00 7652500.00 -4235.39 
472500.00 7652500.00 -3194.94 
477500.00 7652500.00 -4152.24 
482500.00 7652500.00 -5040.77 
487500.00 7652500.00 -6062.60 
492500.00 7652500.00 -6092.54 
497500.00 7652500.00 -4613.55 
502500.00 7652500.00 -5376.11 
507500.00 7652500.00 -4119.21 
512500.00 7652500.00 -4250.01 
517500.00 7652500.00 -5730.02 
522500.00 7652500.00 -6750.19 
527500.00 7652500.00 -6711.03 
532500.00 7652500.00 -6896.58 
537500.00 7652500.00 -5496.61 
542500.00 7652500.00 -4283.40 
547500.00 7652500.00 -3788.13 
552500.00 7652500.00 -5488.73 
557500.00 7652500.00 -6832.59 
562500.00 7652500.00 -6773.17 
567500.00 7652500.00 -6528.84 
572500.00 7652500.00 -6379.70 
577500.00 7652500.00 -6217.86 
402500.00 7657500.00 -4333.48 
407500.00 7657500.00 -4615.87 
412500.00 7657500.00 -5235.55 
417500.00 7657500.00 -5100.57 
422500.00 7657500.00 -4875.49 
427500.00 7657500.00 -4800.52 
432500.00 7657500.00 -4933.02 
437500.00 7657500.00 -5110.43 
442500.00 7657500.00 -5175.95 
447500.00 7657500.00 -5413.87 
452500.00 7657500.00 -4852.39 
457500.00 7657500.00 -4664.98 
462500.00 7657500.00 -4691.86 
467500.00 7657500.00 -4638.84 
472500.00 7657500.00 -3224.38 
477500.00 7657500.00 -4100.27 
482500.00 7657500.00 -6286.95 
487500.00 7657500.00 -5257.63 
492500.00 7657500.00 -4293.33 
497500.00 7657500.00 -4020.27 
502500.00 7657500.00 -4963.12 
507500.00 7657500.00 -3761.20 
512500.00 7657500.00 -3519.60 
517500.00 7657500.00 -5249.86 
522500.00 7657500.00 -6771.40 
527500.00 7657500.00 -6656.57 
532500.00 7657500.00 -6022.31 
537500.00 7657500.00 -5727.49 
542500.00 7657500.00 -4577.68 
547500.00 7657500.00 -4412.85 
552500.00 7657500.00 -5733.72 
557500.00 7657500.00 -7146.97 
562500.00 7657500.00 -7178.85 
567500.00 7657500.00 -6977.19 
572500.00 7657500.00 -6769.66 
577500.00 7657500.00 -6742.94 
402500.00 7662500.00 -4429.91 
407500.00 7662500.00 -4428.98 
412500.00 7662500.00 -5014.49 
417500.00 7662500.00 -5092.57 
422500.00 7662500.00 -4889.07 
427500.00 7662500.00 -4894.09 
432500.00 7662500.00 -4928.95 
437500.00 7662500.00 -4947.58 
442500.00 7662500.00 -5143.51 
447500.00 7662500.00 -4465.34 
452500.00 7662500.00 -4338.32 
457500.00 7662500.00 -5446.89 
462500.00 7662500.00 -4977.65 
467500.00 7662500.00 -4711.69 
472500.00 7662500.00 -4014.80 
477500.00 7662500.00 -4374.15 
482500.00 7662500.00 -5690.11 
487500.00 7662500.00 -4097.14 
492500.00 7662500.00 -5010.50 
497500.00 7662500.00 -4838.85 
502500.00 7662500.00 -6885.35 
507500.00 7662500.00 -4912.06 
512500.00 7662500.00 -3552.33 
517500.00 7662500.00 -4498.01 
522500.00 7662500.00 -7164.13 
527500.00 7662500.00 -5726.91 
532500.00 7662500.00 -6817.56 
537500.00 7662500.00 -5242.08 
542500.00 7662500.00 -4330.08 
547500.00 7662500.00 -4776.73 
552500.00 7662500.00 -4836.81 
557500.00 7662500.00 -6896.60 
562500.00 7662500.00 -7638.21 
567500.00 7662500.00 -7334.69 
572500.00 7662500.00 -7097.57 
577500.00 7662500.00 -7259.64 
402500.00 7667500.00 -4148.23 
407500.00 7667500.00 -4374.54 
412500.00 7667500.00 -4761.79 
417500.00 7667500.00 -5009.33 
422500.00 7667500.00 -5106.11 
427500.00 7667500.00 -4946.58 
432500.00 7667500.00 -4453.14 
437500.00 7667500.00 -4859.33 
442500.00 7667500.00 -5216.05 
447500.00 7667500.00 -4595.36 
452500.00 7667500.00 -4788.47 
457500.00 7667500.00 -5885.81 
462500.00 7667500.00 -5307.68 
467500.00 7667500.00 -5214.84 
472500.00 7667500.00 -6048.08 
477500.00 7667500.00 -4542.42 
482500.00 7667500.00 -5739.84 
487500.00 7667500.00 -5121.62 
492500.00 7667500.00 -5191.97 
497500.00 7667500.00 -5334.12 
502500.00 7667500.00 -8000.06 
507500.00 7667500.00 -5892.55 
512500.00 7667500.00 -3856.49 
517500.00 7667500.00 -4451.25 
522500.00 7667500.00 -6228.25 
527500.00 7667500.00 -5338.98 
532500.00 7667500.00 -7579.99 
537500.00 7667500.00 -7290.54 
542500.00 7667500.00 -5221.38 
547500.00 7667500.00 -5225.78 
552500.00 7667500.00 -5300.72 
557500.00 7667500.00 -6473.22 
562500.00 7667500.00 -7345.69 
567500.00 7667500.00 -7182.57 
572500.00 7667500.00 -6861.34 
577500.00 7667500.00 -6887.95 
402500.00 7672500.00 -3557.32 
407500.00 7672500.00 -3751.69 
412500.00 7672500.00 -4413.76 
417500.00 7672500.00 -5009.90 
422500.00 7672500.00 -5050.85 
427500.00 7672500.00 -4999.75 
432500.00 7672500.00 -5024.01 
437500.00 7672500.00 -5192.37 
442500.00 7672500.00 -5188.30 
447500.00 7672500.00 -4503.44 
452500.00 7672500.00 -5050.67 
457500.00 7672500.00 -5701.95 
462500.00 7672500.00 -5701.62 
467500.00 7672500.00 -4807.14 
472500.00 7672500.00 -6029.80 
477500.00 7672500.00 -5421.05 
482500.00 7672500.00 -5669.88 
487500.00 7672500.00 -6531.60 
492500.00 7672500.00 -5099.89 
497500.00 7672500.00 -6275.26 
502500.00 7672500.00 -7182.08 
507500.00 7672500.00 -5124.71 
512500.00 7672500.00 -4103.32 
517500.00 7672500.00 -5016.39 
522500.00 7672500.00 -5511.75 
527500.00 7672500.00 -5369.27 
532500.00 7672500.00 -7508.65 
537500.00 7672500.00 -7585.17 
542500.00 7672500.00 -5319.74 
547500.00 7672500.00 -4881.38 
552500.00 7672500.00 -5731.63 
557500.00 7672500.00 -6155.51 
562500.00 7672500.00 -6598.99 
567500.00 7672500.00 -6508.88 
572500.00 7672500.00 -6562.58 
577500.00 7672500.00 -6703.87 
402500.00 7677500.00 -3359.79 
407500.00 7677500.00 -3573.06 
412500.00 7677500.00 -4115.41 
417500.00 7677500.00 -4788.85 
422500.00 7677500.00 -5022.55 
427500.00 7677500.00 -5028.63 
432500.00 7677500.00 -4958.27 
437500.00 7677500.00 -4991.77 
442500.00 7677500.00 -5162.85 
447500.00 7677500.00 -5061.62 
452500.00 7677500.00 -5515.68 
457500.00 7677500.00 -5767.90 
462500.00 7677500.00 -5751.40 
467500.00 7677500.00 -4658.28 
472500.00 7677500.00 -5974.56 
477500.00 7677500.00 -5596.87 
482500.00 7677500.00 -4928.23 
487500.00 7677500.00 -6550.37 
492500.00 7677500.00 -4948.23 
497500.00 7677500.00 -7135.88 
502500.00 7677500.00 -5539.03 
507500.00 7677500.00 -4257.22 
512500.00 7677500.00 -3904.49 
517500.00 7677500.00 -4424.01 
522500.00 7677500.00 -6358.80 
527500.00 7677500.00 -6470.38 
532500.00 7677500.00 -7804.33 
537500.00 7677500.00 -7758.30 
542500.00 7677500.00 -6059.16 
547500.00 7677500.00 -5164.31 
552500.00 7677500.00 -5488.02 
557500.00 7677500.00 -6387.73 
562500.00 7677500.00 -6982.86 
567500.00 7677500.00 -6782.62 
572500.00 7677500.00 -6579.28 
577500.00 7677500.00 -7154.70 
402500.00 7682500.00 -3215.77 
407500.00 7682500.00 -3453.70 
412500.00 7682500.00 -3840.40 
417500.00 7682500.00 -4368.38 
422500.00 7682500.00 -4802.59 
427500.00 7682500.00 -4896.06 
432500.00 7682500.00 -4869.87 
437500.00 7682500.00 -4876.64 
442500.00 7682500.00 -5250.93 
447500.00 7682500.00 -5599.54 
452500.00 7682500.00 -5257.54 
457500.00 7682500.00 -5073.84 
462500.00 7682500.00 -5611.11 
467500.00 7682500.00 -4709.93 
472500.00 7682500.00 -5447.91 
477500.00 7682500.00 -5677.86 
482500.00 7682500.00 -4751.60 
487500.00 7682500.00 -6338.92 
492500.00 7682500.00 -5150.80 
497500.00 7682500.00 -7011.85 
502500.00 7682500.00 -6390.54 
507500.00 7682500.00 -7190.98 
512500.00 7682500.00 -5331.23 
517500.00 7682500.00 -5668.56 
522500.00 7682500.00 -6384.63 
527500.00 7682500.00 -5462.66 
532500.00 7682500.00 -7474.02 
537500.00 7682500.00 -7953.91 
542500.00 7682500.00 -6951.31 
547500.00 7682500.00 -6108.69 
552500.00 7682500.00 -7230.43 
557500.00 7682500.00 -6985.95 
562500.00 7682500.00 -6905.62 
567500.00 7682500.00 -6830.99 
572500.00 7682500.00 -7004.93 
577500.00 7682500.00 -7412.32 
402500.00 7687500.00 -3058.65 
407500.00 7687500.00 -3273.16 
412500.00 7687500.00 -3632.93 
417500.00 7687500.00 -4037.57 
422500.00 7687500.00 -4625.85 
427500.00 7687500.00 -4833.11 
432500.00 7687500.00 -4900.98 
437500.00 7687500.00 -4954.35 
442500.00 7687500.00 -5115.27 
447500.00 7687500.00 -5162.63 
452500.00 7687500.00 -5239.72 
457500.00 7687500.00 -5186.82 
462500.00 7687500.00 -5232.88 
467500.00 7687500.00 -4556.75 
472500.00 7687500.00 -5457.76 
477500.00 7687500.00 -5590.10 
482500.00 7687500.00 -5788.36 
487500.00 7687500.00 -6139.94 
492500.00 7687500.00 -6223.35 
497500.00 7687500.00 -5940.11 
502500.00 7687500.00 -7480.27 
507500.00 7687500.00 -7120.99 
512500.00 7687500.00 -6072.63 
517500.00 7687500.00 -5225.44 
522500.00 7687500.00 -6460.23 
527500.00 7687500.00 -5676.58 
532500.00 7687500.00 -6634.43 
537500.00 7687500.00 -7835.21 
542500.00 7687500.00 -7391.89 
547500.00 7687500.00 -5583.49 
552500.00 7687500.00 -4905.74 
557500.00 7687500.00 -5013.62 
562500.00 7687500.00 -6433.97 
567500.00 7687500.00 -6797.92 
572500.00 7687500.00 -7414.10 
577500.00 7687500.00 -7480.83 
402500.00 7692500.00 -2721.54 
407500.00 7692500.00 -2993.39 
412500.00 7692500.00 -3288.04 
417500.00 7692500.00 -3547.59 
422500.00 7692500.00 -4460.14 
427500.00 7692500.00 -4805.18 
432500.00 7692500.00 -4735.04 
437500.00 7692500.00 -4782.15 
442500.00 7692500.00 -5095.82 
447500.00 7692500.00 -5017.93 
452500.00 7692500.00 -4890.20 
457500.00 7692500.00 -5100.83 
462500.00 7692500.00 -4755.34 
467500.00 7692500.00 -4544.96 
472500.00 7692500.00 -4845.00 
477500.00 7692500.00 -5081.65 
482500.00 7692500.00 -6205.18 
487500.00 7692500.00 -5261.01 
492500.00 7692500.00 -6025.26 
497500.00 7692500.00 -5973.86 
502500.00 7692500.00 -7290.22 
507500.00 7692500.00 -5740.62 
512500.00 7692500.00 -4613.19 
517500.00 7692500.00 -3793.68 
522500.00 7692500.00 -4881.69 
527500.00 7692500.00 -5218.70 
532500.00 7692500.00 -5247.65 
537500.00 7692500.00 -7247.72 
542500.00 7692500.00 -7549.34 
547500.00 7692500.00 -6109.80 
552500.00 7692500.00 -5658.55 
557500.00 7692500.00 -6052.25 
562500.00 7692500.00 -6442.90 
567500.00 7692500.00 -6707.43 
572500.00 7692500.00 -7283.87 
577500.00 7692500.00 -7725.22 
402500.00 7697500.00 -2322.23 
407500.00 7697500.00 -2758.41 
412500.00 7697500.00 -3114.42 
417500.00 7697500.00 -3383.55 
422500.00 7697500.00 -4006.85 
427500.00 7697500.00 -4570.60 
432500.00 7697500.00 -4638.92 
437500.00 7697500.00 -4718.48 
442500.00 7697500.00 -4981.32 
447500.00 7697500.00 -5203.58 
452500.00 7697500.00 -5071.03 
457500.00 7697500.00 -5091.70 
462500.00 7697500.00 -5355.24 
467500.00 7697500.00 -5196.69 
472500.00 7697500.00 -5322.47 
477500.00 7697500.00 -4952.52 
482500.00 7697500.00 -5943.40 
487500.00 7697500.00 -4991.09 
492500.00 7697500.00 -5790.52 
497500.00 7697500.00 -6237.88 
502500.00 7697500.00 -6794.93 
507500.00 7697500.00 -7215.10 
512500.00 7697500.00 -6341.72 
517500.00 7697500.00 -4625.28 
522500.00 7697500.00 -4013.59 
527500.00 7697500.00 -4476.31 
532500.00 7697500.00 -5031.46 
537500.00 7697500.00 -6743.33 
542500.00 7697500.00 -7445.91 
547500.00 7697500.00 -6244.17 
552500.00 7697500.00 -5325.06 
557500.00 7697500.00 -6357.45 
562500.00 7697500.00 -6380.90 
567500.00 7697500.00 -6627.04 
572500.00 7697500.00 -7407.51 
577500.00 7697500.00 -7833.59 
402500.00 7702500.00 -2052.56 
407500.00 7702500.00 -2612.06 
412500.00 7702500.00 -3053.67 
417500.00 7702500.00 -3282.43 
422500.00 7702500.00 -3781.30 
427500.00 7702500.00 -4526.97 
432500.00 7702500.00 -4851.95 
437500.00 7702500.00 -4873.42 
442500.00 7702500.00 -4973.50 
447500.00 7702500.00 -5102.43 
452500.00 7702500.00 -5251.39 
457500.00 7702500.00 -5271.44 
462500.00 7702500.00 -5287.21 
467500.00 7702500.00 -5488.70 
472500.00 7702500.00 -5576.11 
477500.00 7702500.00 -5694.75 
482500.00 7702500.00 -6212.82 
487500.00 7702500.00 -5549.47 
492500.00 7702500.00 -5768.29 
497500.00 7702500.00 -6724.19 
502500.00 7702500.00 -6478.51 
507500.00 7702500.00 -7019.00 
512500.00 7702500.00 -5630.77 
517500.00 7702500.00 -4411.74 
522500.00 7702500.00 -4026.07 
527500.00 7702500.00 -5036.60 
532500.00 7702500.00 -6938.09 
537500.00 7702500.00 -6985.76 
542500.00 7702500.00 -7662.85 
547500.00 7702500.00 -7046.23 
552500.00 7702500.00 -4215.27 
557500.00 7702500.00 -4868.04 
562500.00 7702500.00 -6252.30 
567500.00 7702500.00 -6689.18 
572500.00 7702500.00 -7343.60 
577500.00 7702500.00 -7663.72 
402500.00 7707500.00 -1711.43 
407500.00 7707500.00 -2637.63 
412500.00 7707500.00 -3033.57 
417500.00 7707500.00 -3270.08 
422500.00 7707500.00 -3733.29 
427500.00 7707500.00 -4357.12 
432500.00 7707500.00 -4885.73 
437500.00 7707500.00 -5029.12 
442500.00 7707500.00 -5128.22 
447500.00 7707500.00 -5104.97 
452500.00 7707500.00 -5142.46 
457500.00 7707500.00 -5148.11 
462500.00 7707500.00 -4369.18 
467500.00 7707500.00 -5262.13 
472500.00 7707500.00 -5633.56 
477500.00 7707500.00 -6095.12 
482500.00 7707500.00 -6404.54 
487500.00 7707500.00 -5620.30 
492500.00 7707500.00 -6205.70 
497500.00 7707500.00 -6727.04 
502500.00 7707500.00 -6387.92 
507500.00 7707500.00 -5053.29 
512500.00 7707500.00 -5301.30 
517500.00 7707500.00 -5427.27 
522500.00 7707500.00 -4841.27 
527500.00 7707500.00 -5890.31 
532500.00 7707500.00 -6242.11 
537500.00 7707500.00 -6506.40 
542500.00 7707500.00 -7639.53 
547500.00 7707500.00 -7033.14 
552500.00 7707500.00 -4443.56 
557500.00 7707500.00 -4456.38 
562500.00 7707500.00 -6125.65 
567500.00 7707500.00 -6714.55 
572500.00 7707500.00 -7001.31 
577500.00 7707500.00 -7202.51 
402500.00 7712500.00 -1664.33 
407500.00 7712500.00 -2474.77 
412500.00 7712500.00 -2896.04 
417500.00 7712500.00 -3162.16 
422500.00 7712500.00 -3544.21 
427500.00 7712500.00 -4016.60 
432500.00 7712500.00 -4920.15 
437500.00 7712500.00 -5251.86 
442500.00 7712500.00 -5395.25 
447500.00 7712500.00 -5206.67 
452500.00 7712500.00 -5122.07 
457500.00 7712500.00 -5284.18 
462500.00 7712500.00 -4845.39 
467500.00 7712500.00 -5458.79 
472500.00 7712500.00 -5713.18 
477500.00 7712500.00 -4944.40 
482500.00 7712500.00 -6147.30 
487500.00 7712500.00 -5904.46 
492500.00 7712500.00 -6316.01 
497500.00 7712500.00 -5991.75 
502500.00 7712500.00 -7085.56 
507500.00 7712500.00 -6756.38 
512500.00 7712500.00 -6080.10 
517500.00 7712500.00 -6795.14 
522500.00 7712500.00 -6248.76 
527500.00 7712500.00 -7055.92 
532500.00 7712500.00 -7133.79 
537500.00 7712500.00 -6012.42 
542500.00 7712500.00 -7614.39 
547500.00 7712500.00 -7177.02 
552500.00 7712500.00 -4491.04 
557500.00 7712500.00 -3889.88 
562500.00 7712500.00 -6703.94 
567500.00 7712500.00 -6930.34 
572500.00 7712500.00 -6858.86 
577500.00 7712500.00 -7032.56 
402500.00 7717500.00 -1571.93 
407500.00 7717500.00 -2189.14 
412500.00 7717500.00 -2703.12 
417500.00 7717500.00 -2969.53 
422500.00 7717500.00 -3420.17 
427500.00 7717500.00 -3952.31 
432500.00 7717500.00 -4891.60 
437500.00 7717500.00 -5139.02 
442500.00 7717500.00 -5242.81 
447500.00 7717500.00 -5237.01 
452500.00 7717500.00 -5196.23 
457500.00 7717500.00 -5167.03 
462500.00 7717500.00 -5216.71 
467500.00 7717500.00 -5155.62 
472500.00 7717500.00 -5813.53 
477500.00 7717500.00 -4977.16 
482500.00 7717500.00 -5940.34 
487500.00 7717500.00 -6423.42 
492500.00 7717500.00 -5629.90 
497500.00 7717500.00 -6590.47 
502500.00 7717500.00 -6982.97 
507500.00 7717500.00 -7460.83 
512500.00 7717500.00 -5786.67 
517500.00 7717500.00 -6750.36 
522500.00 7717500.00 -5605.65 
527500.00 7717500.00 -6784.53 
532500.00 7717500.00 -8140.13 
537500.00 7717500.00 -6731.48 
542500.00 7717500.00 -6220.38 
547500.00 7717500.00 -7030.76 
552500.00 7717500.00 -4744.29 
557500.00 7717500.00 -3889.69 
562500.00 7717500.00 -6973.16 
567500.00 7717500.00 -7109.46 
572500.00 7717500.00 -6948.67 
577500.00 7717500.00 -7068.05 
402500.00 7722500.00 -1362.48 
407500.00 7722500.00 -1953.46 
412500.00 7722500.00 -2420.24 
417500.00 7722500.00 -2927.36 
422500.00 7722500.00 -3454.16 
427500.00 7722500.00 -3907.20 
432500.00 7722500.00 -4774.70 
437500.00 7722500.00 -4785.40 
442500.00 7722500.00 -5160.35 
447500.00 7722500.00 -5146.16 
452500.00 7722500.00 -5246.01 
457500.00 7722500.00 -4913.23 
462500.00 7722500.00 -5420.85 
467500.00 7722500.00 -5392.57 
472500.00 7722500.00 -6150.97 
477500.00 7722500.00 -4688.72 
482500.00 7722500.00 -6446.70 
487500.00 7722500.00 -7035.26 
492500.00 7722500.00 -6033.74 
497500.00 7722500.00 -7261.52 
502500.00 7722500.00 -7665.83 
507500.00 7722500.00 -8024.12 
512500.00 7722500.00 -7123.99 
517500.00 7722500.00 -8171.95 
522500.00 7722500.00 -7694.42 
527500.00 7722500.00 -6264.30 
532500.00 7722500.00 -7944.22 
537500.00 7722500.00 -7906.09 
542500.00 7722500.00 -5499.39 
547500.00 7722500.00 -4586.51 
552500.00 7722500.00 -5588.33 
557500.00 7722500.00 -5901.05 
562500.00 7722500.00 -7141.07 
567500.00 7722500.00 -6946.45 
572500.00 7722500.00 -6877.31 
577500.00 7722500.00 -7232.58 
402500.00 7727500.00 -1192.38 
407500.00 7727500.00 -1715.51 
412500.00 7727500.00 -2251.72 
417500.00 7727500.00 -2694.90 
422500.00 7727500.00 -3166.21 
427500.00 7727500.00 -3803.90 
432500.00 7727500.00 -4788.95 
437500.00 7727500.00 -4810.54 
442500.00 7727500.00 -5156.10 
447500.00 7727500.00 -5328.43 
452500.00 7727500.00 -5175.07 
457500.00 7727500.00 -5010.19 
462500.00 7727500.00 -5430.68 
467500.00 7727500.00 -5676.01 
472500.00 7727500.00 -6245.79 
477500.00 7727500.00 -5080.77 
482500.00 7727500.00 -6566.30 
487500.00 7727500.00 -7153.02 
492500.00 7727500.00 -6495.37 
497500.00 7727500.00 -7039.07 
502500.00 7727500.00 -8073.60 
507500.00 7727500.00 -7434.97 
512500.00 7727500.00 -7455.89 
517500.00 7727500.00 -8326.48 
522500.00 7727500.00 -6522.30 
527500.00 7727500.00 -6052.46 
532500.00 7727500.00 -7698.73 
537500.00 7727500.00 -7922.42 
542500.00 7727500.00 -5519.71 
547500.00 7727500.00 -4515.79 
552500.00 7727500.00 -7093.89 
557500.00 7727500.00 -7325.53 
562500.00 7727500.00 -7086.24 
567500.00 7727500.00 -6771.91 
572500.00 7727500.00 -6798.11 
577500.00 7727500.00 -7354.02 
402500.00 7732500.00 -1026.76 
407500.00 7732500.00 -1436.94 
412500.00 7732500.00 -2011.26 
417500.00 7732500.00 -2426.11 
422500.00 7732500.00 -2949.17 
427500.00 7732500.00 -3590.04 
432500.00 7732500.00 -4622.90 
437500.00 7732500.00 -5208.12 
442500.00 7732500.00 -5311.61 
447500.00 7732500.00 -5382.38 
452500.00 7732500.00 -5285.67 
457500.00 7732500.00 -5155.31 
462500.00 7732500.00 -5214.96 
467500.00 7732500.00 -5763.81 
472500.00 7732500.00 -5664.28 
477500.00 7732500.00 -5345.32 
482500.00 7732500.00 -6489.86 
487500.00 7732500.00 -5952.83 
492500.00 7732500.00 -6715.61 
497500.00 7732500.00 -6970.02 
502500.00 7732500.00 -6426.86 
507500.00 7732500.00 -6469.69 
512500.00 7732500.00 -7981.76 
517500.00 7732500.00 -5036.36 
522500.00 7732500.00 -6860.19 
527500.00 7732500.00 -6249.90 
532500.00 7732500.00 -7200.73 
537500.00 7732500.00 -7991.48 
542500.00 7732500.00 -8320.81 
547500.00 7732500.00 -7765.55 
552500.00 7732500.00 -7538.93 
557500.00 7732500.00 -7420.69 
562500.00 7732500.00 -7335.55 
567500.00 7732500.00 -6836.95 
572500.00 7732500.00 -7132.05 
577500.00 7732500.00 -7514.34 
402500.00 7737500.00 -1066.52 
407500.00 7737500.00 -1345.44 
412500.00 7737500.00 -1966.38 
417500.00 7737500.00 -2455.72 
422500.00 7737500.00 -2910.63 
427500.00 7737500.00 -3334.64 
432500.00 7737500.00 -4500.03 
437500.00 7737500.00 -5449.97 
442500.00 7737500.00 -5337.22 
447500.00 7737500.00 -5466.35 
452500.00 7737500.00 -5339.12 
457500.00 7737500.00 -5170.76 
462500.00 7737500.00 -5264.09 
467500.00 7737500.00 -5785.04 
472500.00 7737500.00 -5687.26 
477500.00 7737500.00 -5665.58 
482500.00 7737500.00 -6545.09 
487500.00 7737500.00 -5665.46 
492500.00 7737500.00 -6512.92 
497500.00 7737500.00 -6752.57 
502500.00 7737500.00 -6077.00 
507500.00 7737500.00 -7478.29 
512500.00 7737500.00 -7366.82 
517500.00 7737500.00 -4890.54 
522500.00 7737500.00 -6727.87 
527500.00 7737500.00 -6681.61 
532500.00 7737500.00 -7155.66 
537500.00 7737500.00 -7730.43 
542500.00 7737500.00 -7727.01 
547500.00 7737500.00 -7722.91 
552500.00 7737500.00 -7248.18 
557500.00 7737500.00 -7340.79 
562500.00 7737500.00 -7687.08 
567500.00 7737500.00 -7554.61 
572500.00 7737500.00 -7949.43 
577500.00 7737500.00 -7960.13 
402500.00 7742500.00 -1328.14 
407500.00 7742500.00 -1407.53 
412500.00 7742500.00 -1885.94 
417500.00 7742500.00 -2435.97 
422500.00 7742500.00 -2936.88 
427500.00 7742500.00 -3313.33 
432500.00 7742500.00 -3993.95 
437500.00 7742500.00 -4942.13 
442500.00 7742500.00 -5490.02 
447500.00 7742500.00 -5757.11 
452500.00 7742500.00 -5343.05 
457500.00 7742500.00 -5301.17 
462500.00 7742500.00 -5676.84 
467500.00 7742500.00 -5906.20 
472500.00 7742500.00 -6033.04 
477500.00 7742500.00 -6217.75 
482500.00 7742500.00 -6640.24 
487500.00 7742500.00 -6002.80 
492500.00 7742500.00 -6253.33 
497500.00 7742500.00 -6500.87 
502500.00 7742500.00 -6598.30 
507500.00 7742500.00 -7268.43 
512500.00 7742500.00 -7284.10 
517500.00 7742500.00 -6693.91 
522500.00 7742500.00 -6309.39 
527500.00 7742500.00 -6406.35 
532500.00 7742500.00 -7428.05 
537500.00 7742500.00 -7988.98 
542500.00 7742500.00 -8134.14 
547500.00 7742500.00 -7821.78 
552500.00 7742500.00 -7309.74 
557500.00 7742500.00 -7125.26 
562500.00 7742500.00 -7808.02 
567500.00 7742500.00 -8324.27 
572500.00 7742500.00 -9049.49 
577500.00 7742500.00 -9143.65 
402500.00 7747500.00 -1424.53 
407500.00 7747500.00 -1472.37 
412500.00 7747500.00 -1701.10 
417500.00 7747500.00 -2287.54 
422500.00 7747500.00 -2916.80 
427500.00 7747500.00 -3381.51 
432500.00 7747500.00 -4124.13 
437500.00 7747500.00 -4912.52 
442500.00 7747500.00 -5601.60 
447500.00 7747500.00 -5708.33 
452500.00 7747500.00 -5480.38 
457500.00 7747500.00 -5486.51 
462500.00 7747500.00 -5815.18 
467500.00 7747500.00 -5958.05 
472500.00 7747500.00 -6350.36 
477500.00 7747500.00 -6132.97 
482500.00 7747500.00 -6599.38 
487500.00 7747500.00 -6274.50 
492500.00 7747500.00 -5949.39 
497500.00 7747500.00 -6216.84 
502500.00 7747500.00 -6840.26 
507500.00 7747500.00 -7356.76 
512500.00 7747500.00 -7689.81 
517500.00 7747500.00 -7140.26 
522500.00 7747500.00 -7721.27 
527500.00 7747500.00 -6926.19 
532500.00 7747500.00 -6270.60 
537500.00 7747500.00 -5816.57 
542500.00 7747500.00 -8270.34 
547500.00 7747500.00 -7198.48 
552500.00 7747500.00 -7316.31 
557500.00 7747500.00 -7054.78 
562500.00 7747500.00 -7629.99 
567500.00 7747500.00 -8073.36 
572500.00 7747500.00 -9274.60 
577500.00 7747500.00 -9393.89 
402500.00 7752500.00 -1328.62 
407500.00 7752500.00 -1389.01 
412500.00 7752500.00 -1542.43 
417500.00 7752500.00 -2235.17 
422500.00 7752500.00 -2758.05 
427500.00 7752500.00 -3393.61 
432500.00 7752500.00 -4312.28 
437500.00 7752500.00 -5033.17 
442500.00 7752500.00 -5696.04 
447500.00 7752500.00 -5802.11 
452500.00 7752500.00 -5686.09 
457500.00 7752500.00 -5529.10 
462500.00 7752500.00 -5661.37 
467500.00 7752500.00 -5888.91 
472500.00 7752500.00 -6404.88 
477500.00 7752500.00 -5280.20 
482500.00 7752500.00 -6695.65 
487500.00 7752500.00 -6949.60 
492500.00 7752500.00 -5448.43 
497500.00 7752500.00 -5994.75 
502500.00 7752500.00 -6478.35 
507500.00 7752500.00 -7399.90 
512500.00 7752500.00 -7934.94 
517500.00 7752500.00 -7825.47 
522500.00 7752500.00 -7634.09 
527500.00 7752500.00 -8096.04 
532500.00 7752500.00 -7963.74 
537500.00 7752500.00 -6889.38 
542500.00 7752500.00 -7985.25 
547500.00 7752500.00 -7614.16 
552500.00 7752500.00 -8327.96 
557500.00 7752500.00 -7840.84 
562500.00 7752500.00 -8021.38 
567500.00 7752500.00 -8485.14 
572500.00 7752500.00 -9246.16 
577500.00 7752500.00 -7601.08 
402500.00 7757500.00 -1182.42 
407500.00 7757500.00 -1366.87 
412500.00 7757500.00 -1452.33 
417500.00 7757500.00 -1967.35 
422500.00 7757500.00 -2636.08 
427500.00 7757500.00 -3357.79 
432500.00 7757500.00 -4304.72 
437500.00 7757500.00 -4915.31 
442500.00 7757500.00 -5409.94 
447500.00 7757500.00 -5960.43 
452500.00 7757500.00 -5776.26 
457500.00 7757500.00 -5636.29 
462500.00 7757500.00 -5835.84 
467500.00 7757500.00 -6035.25 
472500.00 7757500.00 -6309.66 
477500.00 7757500.00 -5832.33 
482500.00 7757500.00 -6851.16 
487500.00 7757500.00 -6867.94 
492500.00 7757500.00 -6351.22 
497500.00 7757500.00 -6601.79 
502500.00 7757500.00 -6022.08 
507500.00 7757500.00 -7072.75 
512500.00 7757500.00 -6905.67 
517500.00 7757500.00 -7163.63 
522500.00 7757500.00 -7842.14 
527500.00 7757500.00 -8329.82 
532500.00 7757500.00 -8073.82 
537500.00 7757500.00 -7543.36 
542500.00 7757500.00 -4860.99 
547500.00 7757500.00 -5399.83 
552500.00 7757500.00 -8512.51 
557500.00 7757500.00 -7806.84 
562500.00 7757500.00 -8345.67 
567500.00 7757500.00 -8985.02 
572500.00 7757500.00 -9006.85 
577500.00 7757500.00 -8955.32 
402500.00 7762500.00 -1045.21 
407500.00 7762500.00 -1196.69 
412500.00 7762500.00 -1445.51 
417500.00 7762500.00 -2197.67 
422500.00 7762500.00 -2707.52 
427500.00 7762500.00 -3331.73 
432500.00 7762500.00 -4260.83 
437500.00 7762500.00 -4746.56 
442500.00 7762500.00 -5140.35 
447500.00 7762500.00 -5636.74 
452500.00 7762500.00 -5748.12 
457500.00 7762500.00 -5898.35 
462500.00 7762500.00 -6072.69 
467500.00 7762500.00 -6068.77 
472500.00 7762500.00 -6418.90 
477500.00 7762500.00 -5723.25 
482500.00 7762500.00 -6660.55 
487500.00 7762500.00 -6767.71 
492500.00 7762500.00 -6792.69 
497500.00 7762500.00 -6772.93 
502500.00 7762500.00 -5743.88 
507500.00 7762500.00 -6358.06 
512500.00 7762500.00 -7105.96 
517500.00 7762500.00 -7455.12 
522500.00 7762500.00 -7667.09 
527500.00 7762500.00 -7763.34 
532500.00 7762500.00 -7366.51 
537500.00 7762500.00 -7289.48 
542500.00 7762500.00 -7693.35 
547500.00 7762500.00 -7935.83 
552500.00 7762500.00 -8516.65 
557500.00 7762500.00 -7865.96 
562500.00 7762500.00 -7835.09 
567500.00 7762500.00 -8441.05 
572500.00 7762500.00 -8854.64 
577500.00 7762500.00 -8912.71 
402500.00 7767500.00 -1053.41 
407500.00 7767500.00 -1235.53 
412500.00 7767500.00 -1433.37 
417500.00 7767500.00 -2244.86 
422500.00 7767500.00 -2759.70 
427500.00 7767500.00 -3255.09 
432500.00 7767500.00 -4250.50 
437500.00 7767500.00 -4729.48 
442500.00 7767500.00 -5158.56 
447500.00 7767500.00 -5518.71 
452500.00 7767500.00 -5763.17 
457500.00 7767500.00 -6099.13 
462500.00 7767500.00 -6006.47 
467500.00 7767500.00 -6116.41 
472500.00 7767500.00 -6283.91 
477500.00 7767500.00 -5892.99 
482500.00 7767500.00 -6496.54 
487500.00 7767500.00 -6552.14 
492500.00 7767500.00 -6410.56 
497500.00 7767500.00 -6404.90 
502500.00 7767500.00 -7384.25 
507500.00 7767500.00 -7237.80 
512500.00 7767500.00 -7095.24 
517500.00 7767500.00 -7077.51 
522500.00 7767500.00 -7933.47 
527500.00 7767500.00 -7924.69 
532500.00 7767500.00 -7592.72 
537500.00 7767500.00 -7499.29 
542500.00 7767500.00 -8272.52 
547500.00 7767500.00 -8289.96 
552500.00 7767500.00 -8166.63 
557500.00 7767500.00 -8209.53 
562500.00 7767500.00 -7999.97 
567500.00 7767500.00 -8634.39 
572500.00 7767500.00 -9143.05 
577500.00 7767500.00 -9318.19 
402500.00 7772500.00 -931.80 
407500.00 7772500.00 -1246.29 
412500.00 7772500.00 -1613.97 
417500.00 7772500.00 -2321.22 
422500.00 7772500.00 -2997.03 
427500.00 7772500.00 -3329.28 
432500.00 7772500.00 -4092.83 
437500.00 7772500.00 -4697.76 
442500.00 7772500.00 -5004.49 
447500.00 7772500.00 -5308.96 
452500.00 7772500.00 -5718.88 
457500.00 7772500.00 -5962.87 
462500.00 7772500.00 -5935.05 
467500.00 7772500.00 -6166.64 
472500.00 7772500.00 -6183.32 
477500.00 7772500.00 -6508.08 
482500.00 7772500.00 -6268.87 
487500.00 7772500.00 -6083.18 
492500.00 7772500.00 -7226.99 
497500.00 7772500.00 -7471.55 
502500.00 7772500.00 -7721.04 
507500.00 7772500.00 -7708.08 
512500.00 7772500.00 -7699.48 
517500.00 7772500.00 -6995.22 
522500.00 7772500.00 -7441.92 
527500.00 7772500.00 -7447.29 
532500.00 7772500.00 -7899.49 
537500.00 7772500.00 -8307.25 
542500.00 7772500.00 -9085.30 
547500.00 7772500.00 -9066.93 
552500.00 7772500.00 -9506.61 
557500.00 7772500.00 -9125.72 
562500.00 7772500.00 -9071.07 
567500.00 7772500.00 -9091.03 
572500.00 7772500.00 -9045.78 
577500.00 7772500.00 -9307.12 
402500.00 7777500.00 -884.10 
407500.00 7777500.00 -1253.24 
412500.00 7777500.00 -1726.33 
417500.00 7777500.00 -2239.60 
422500.00 7777500.00 -3036.58 
427500.00 7777500.00 -3436.83 
432500.00 7777500.00 -4070.89 
437500.00 7777500.00 -4442.97 
442500.00 7777500.00 -4798.75 
447500.00 7777500.00 -5163.06 
452500.00 7777500.00 -5683.94 
457500.00 7777500.00 -6041.27 
462500.00 7777500.00 -5983.77 
467500.00 7777500.00 -5855.05 
472500.00 7777500.00 -6233.61 
477500.00 7777500.00 -6466.71 
482500.00 7777500.00 -6166.03 
487500.00 7777500.00 -6058.40 
492500.00 7777500.00 -7408.65 
497500.00 7777500.00 -7770.57 
502500.00 7777500.00 -7365.97 
507500.00 7777500.00 -7561.55 
512500.00 7777500.00 -7810.81 
517500.00 7777500.00 -7368.18 
522500.00 7777500.00 -7863.52 
527500.00 7777500.00 -7876.92 
532500.00 7777500.00 -8980.02 
537500.00 7777500.00 -9769.95 
542500.00 7777500.00 -8980.83 
547500.00 7777500.00 -8619.87 
552500.00 7777500.00 -9368.43 
557500.00 7777500.00 -9220.67 
562500.00 7777500.00 -9554.07 
567500.00 7777500.00 -9768.27 
572500.00 7777500.00 -9144.28 
577500.00 7777500.00 -8997.01 
402500.00 7782500.00 -1014.48 
407500.00 7782500.00 -1370.96 
412500.00 7782500.00 -1834.18 
417500.00 7782500.00 -2280.94 
422500.00 7782500.00 -3076.49 
427500.00 7782500.00 -3587.16 
432500.00 7782500.00 -4140.75 
437500.00 7782500.00 -4285.51 
442500.00 7782500.00 -4484.24 
447500.00 7782500.00 -4903.13 
452500.00 7782500.00 -5494.28 
457500.00 7782500.00 -5942.08 
462500.00 7782500.00 -6006.64 
467500.00 7782500.00 -5845.17 
472500.00 7782500.00 -6300.92 
477500.00 7782500.00 -6180.23 
482500.00 7782500.00 -5817.80 
487500.00 7782500.00 -7296.88 
492500.00 7782500.00 -7787.02 
497500.00 7782500.00 -7569.56 
502500.00 7782500.00 -6536.75 
507500.00 7782500.00 -7625.64 
512500.00 7782500.00 -8011.20 
517500.00 7782500.00 -8010.75 
522500.00 7782500.00 -7620.50 
527500.00 7782500.00 -8162.49 
532500.00 7782500.00 -9763.44 
537500.00 7782500.00 -9352.19 
542500.00 7782500.00 -7913.47 
547500.00 7782500.00 -7382.77 
552500.00 7782500.00 -9311.76 
557500.00 7782500.00 -9460.37 
562500.00 7782500.00 -9274.95 
567500.00 7782500.00 -9491.21 
572500.00 7782500.00 -9407.83 
577500.00 7782500.00 -9208.52 
402500.00 7787500.00 -1217.43 
407500.00 7787500.00 -1471.65 
412500.00 7787500.00 -1957.22 
417500.00 7787500.00 -2249.91 
422500.00 7787500.00 -2879.14 
427500.00 7787500.00 -3460.07 
432500.00 7787500.00 -4068.37 
437500.00 7787500.00 -4398.93 
442500.00 7787500.00 -4441.49 
447500.00 7787500.00 -4799.45 
452500.00 7787500.00 -5625.30 
457500.00 7787500.00 -6082.69 
462500.00 7787500.00 -6199.61 
467500.00 7787500.00 -5954.92 
472500.00 7787500.00 -6437.84 
477500.00 7787500.00 -6829.10 
482500.00 7787500.00 -6504.62 
487500.00 7787500.00 -7252.79 
492500.00 7787500.00 -8081.13 
497500.00 7787500.00 -7093.03 
502500.00 7787500.00 -5574.91 
507500.00 7787500.00 -7750.18 
512500.00 7787500.00 -8139.18 
517500.00 7787500.00 -8290.24 
522500.00 7787500.00 -5778.93 
527500.00 7787500.00 -7954.13 
532500.00 7787500.00 -10165.80 
537500.00 7787500.00 -8856.31 
542500.00 7787500.00 -8242.66 
547500.00 7787500.00 -8091.03 
552500.00 7787500.00 -8983.62 
557500.00 7787500.00 -9199.83 
562500.00 7787500.00 -9147.84 
567500.00 7787500.00 -9175.20 
572500.00 7787500.00 -9318.66 
577500.00 7787500.00 -9245.59 
402500.00 7792500.00 -1327.11 
407500.00 7792500.00 -1468.42 
412500.00 7792500.00 -1882.08 
417500.00 7792500.00 -2254.97 
422500.00 7792500.00 -2815.63 
427500.00 7792500.00 -3338.52 
432500.00 7792500.00 -4031.17 
437500.00 7792500.00 -4517.93 
442500.00 7792500.00 -4824.49 
447500.00 7792500.00 -4841.25 
452500.00 7792500.00 -5433.56 
457500.00 7792500.00 -5840.32 
462500.00 7792500.00 -5965.66 
467500.00 7792500.00 -6272.87 
472500.00 7792500.00 -6193.07 
477500.00 7792500.00 -6462.62 
482500.00 7792500.00 -6780.90 
487500.00 7792500.00 -7073.46 
492500.00 7792500.00 -6650.63 
497500.00 7792500.00 -7143.52 
502500.00 7792500.00 -7812.46 
507500.00 7792500.00 -8095.21 
512500.00 7792500.00 -8232.48 
517500.00 7792500.00 -8103.74 
522500.00 7792500.00 -7154.62 
527500.00 7792500.00 -8186.88 
532500.00 7792500.00 -8979.00 
537500.00 7792500.00 -8598.48 
542500.00 7792500.00 -8760.39 
547500.00 7792500.00 -8821.67 
552500.00 7792500.00 -8908.82 
557500.00 7792500.00 -9001.65 
562500.00 7792500.00 -9249.14 
567500.00 7792500.00 -9200.01 
572500.00 7792500.00 -9236.33 
577500.00 7792500.00 -9217.88 
402500.00 7797500.00 -1258.69 
407500.00 7797500.00 -1352.22 
412500.00 7797500.00 -1816.07 
417500.00 7797500.00 -2256.61 
422500.00 7797500.00 -2639.89 
427500.00 7797500.00 -3057.41 
432500.00 7797500.00 -4279.27 
437500.00 7797500.00 -4782.22 
442500.00 7797500.00 -5066.54 
447500.00 7797500.00 -5057.22 
452500.00 7797500.00 -5448.47 
457500.00 7797500.00 -5805.57 
462500.00 7797500.00 -6100.90 
467500.00 7797500.00 -6392.72 
472500.00 7797500.00 -6077.54 
477500.00 7797500.00 -6620.30 
482500.00 7797500.00 -7006.52 
487500.00 7797500.00 -7422.48 
492500.00 7797500.00 -6292.27 
497500.00 7797500.00 -6545.55 
502500.00 7797500.00 -7340.13 
507500.00 7797500.00 -7376.97 
512500.00 7797500.00 -7833.33 
517500.00 7797500.00 -7841.44 
522500.00 7797500.00 -7881.24 
527500.00 7797500.00 -7994.61 
532500.00 7797500.00 -8377.01 
537500.00 7797500.00 -8543.63 
542500.00 7797500.00 -8677.84 
547500.00 7797500.00 -8752.44 
552500.00 7797500.00 -8897.27 
557500.00 7797500.00 -8976.74 
562500.00 7797500.00 -9156.28 
567500.00 7797500.00 -9140.57 
572500.00 7797500.00 -9217.53 
577500.00 7797500.00 -9214.68 
402500.00 7802500.00 -1153.53 
407500.00 7802500.00 -1198.03 
412500.00 7802500.00 -1690.97 
417500.00 7802500.00 -2179.28 
422500.00 7802500.00 -2861.58 
427500.00 7802500.00 -3300.16 
432500.00 7802500.00 -4205.82 
437500.00 7802500.00 -4809.49 
442500.00 7802500.00 -5137.24 
447500.00 7802500.00 -5399.80 
452500.00 7802500.00 -5626.02 
457500.00 7802500.00 -5799.72 
462500.00 7802500.00 -6275.69 
467500.00 7802500.00 -6367.38 
472500.00 7802500.00 -6565.12 
477500.00 7802500.00 -6046.16 
482500.00 7802500.00 -5565.76 
487500.00 7802500.00 -6915.56 
492500.00 7802500.00 -6319.86 
497500.00 7802500.00 -4626.80 
502500.00 7802500.00 -6520.99 
507500.00 7802500.00 -6891.48 
512500.00 7802500.00 -7339.31 
517500.00 7802500.00 -7655.58 
522500.00 7802500.00 -7917.92 
527500.00 7802500.00 -8021.58 
532500.00 7802500.00 -8212.74 
537500.00 7802500.00 -8308.74 
542500.00 7802500.00 -8570.77 
547500.00 7802500.00 -8663.73 
552500.00 7802500.00 -8728.52 
557500.00 7802500.00 -8802.84 
562500.00 7802500.00 -8958.20 
567500.00 7802500.00 -8849.69 
572500.00 7802500.00 -8923.43 
577500.00 7802500.00 -8859.68 
