# Petrel Points with attributes
# Unit in X and Y direction: m
# Unit in depth: m
VERSION 1
BEGIN HEADER
X
Y
Z
END HEADER
402500.00 7652500.00 -4266.94 
407500.00 7652500.00 -4770.12 
412500.00 7652500.00 -4915.17 
417500.00 7652500.00 -4759.50 
422500.00 7652500.00 -4761.09 
427500.00 7652500.00 -4682.09 
432500.00 7652500.00 -4733.81 
437500.00 7652500.00 -5321.13 
442500.00 7652500.00 -5000.53 
447500.00 7652500.00 -5336.43 
452500.00 7652500.00 -5357.51 
457500.00 7652500.00 -5283.84 
462500.00 7652500.00 -5499.44 
467500.00 7652500.00 -4172.73 
472500.00 7652500.00 -3092.24 
477500.00 7652500.00 -4004.89 
482500.00 7652500.00 -4877.60 
487500.00 7652500.00 -5910.66 
492500.00 7652500.00 -5956.68 
497500.00 7652500.00 -4486.78 
502500.00 7652500.00 -5278.89 
507500.00 7652500.00 -4030.53 
512500.00 7652500.00 -4156.36 
517500.00 7652500.00 -5638.39 
522500.00 7652500.00 -6692.39 
527500.00 7652500.00 -6682.23 
532500.00 7652500.00 -6859.97 
537500.00 7652500.00 -5423.56 
542500.00 7652500.00 -4185.68 
547500.00 7652500.00 -3696.80 
552500.00 7652500.00 -5423.18 
557500.00 7652500.00 -6778.80 
562500.00 7652500.00 -6724.97 
567500.00 7652500.00 -6487.37 
572500.00 7652500.00 -6344.33 
577500.00 7652500.00 -6184.18 
402500.00 7657500.00 -4239.55 
407500.00 7657500.00 -4541.89 
412500.00 7657500.00 -5152.45 
417500.00 7657500.00 -4974.76 
422500.00 7657500.00 -4717.37 
427500.00 7657500.00 -4638.49 
432500.00 7657500.00 -4786.89 
437500.00 7657500.00 -4964.31 
442500.00 7657500.00 -5019.46 
447500.00 7657500.00 -5292.95 
452500.00 7657500.00 -4759.35 
457500.00 7657500.00 -4566.22 
462500.00 7657500.00 -4596.30 
467500.00 7657500.00 -4548.34 
472500.00 7657500.00 -3129.70 
477500.00 7657500.00 -3989.55 
482500.00 7657500.00 -6158.97 
487500.00 7657500.00 -5115.22 
492500.00 7657500.00 -4160.05 
497500.00 7657500.00 -3898.58 
502500.00 7657500.00 -4864.93 
507500.00 7657500.00 -3674.41 
512500.00 7657500.00 -3426.59 
517500.00 7657500.00 -5147.24 
522500.00 7657500.00 -6708.86 
527500.00 7657500.00 -6625.33 
532500.00 7657500.00 -5988.07 
537500.00 7657500.00 -5658.57 
542500.00 7657500.00 -4482.75 
547500.00 7657500.00 -4328.44 
552500.00 7657500.00 -5669.07 
557500.00 7657500.00 -7093.95 
562500.00 7657500.00 -7132.92 
567500.00 7657500.00 -6937.52 
572500.00 7657500.00 -6734.71 
577500.00 7657500.00 -6710.07 
402500.00 7662500.00 -4343.21 
407500.00 7662500.00 -4355.35 
412500.00 7662500.00 -4932.80 
417500.00 7662500.00 -4971.76 
422500.00 7662500.00 -4734.46 
427500.00 7662500.00 -4727.00 
432500.00 7662500.00 -4784.25 
437500.00 7662500.00 -4808.06 
442500.00 7662500.00 -4978.88 
447500.00 7662500.00 -4348.19 
452500.00 7662500.00 -4263.47 
457500.00 7662500.00 -5356.29 
462500.00 7662500.00 -4884.07 
467500.00 7662500.00 -4623.31 
472500.00 7662500.00 -3932.40 
477500.00 7662500.00 -4286.00 
482500.00 7662500.00 -5579.44 
487500.00 7662500.00 -3965.31 
492500.00 7662500.00 -4902.96 
497500.00 7662500.00 -4751.62 
502500.00 7662500.00 -6805.28 
507500.00 7662500.00 -4840.72 
512500.00 7662500.00 -3479.83 
517500.00 7662500.00 -4403.39 
522500.00 7662500.00 -7096.50 
527500.00 7662500.00 -5688.34 
532500.00 7662500.00 -6781.72 
537500.00 7662500.00 -5171.06 
542500.00 7662500.00 -4231.76 
547500.00 7662500.00 -4693.09 
552500.00 7662500.00 -4767.03 
557500.00 7662500.00 -6842.58 
562500.00 7662500.00 -7592.57 
567500.00 7662500.00 -7295.00 
572500.00 7662500.00 -7061.98 
577500.00 7662500.00 -7225.40 
402500.00 7667500.00 -4075.74 
407500.00 7667500.00 -4306.28 
412500.00 7667500.00 -4677.78 
417500.00 7667500.00 -4885.35 
422500.00 7667500.00 -4945.59 
427500.00 7667500.00 -4785.50 
432500.00 7667500.00 -4323.50 
437500.00 7667500.00 -4730.94 
442500.00 7667500.00 -5051.82 
447500.00 7667500.00 -4481.77 
452500.00 7667500.00 -4715.42 
457500.00 7667500.00 -5797.76 
462500.00 7667500.00 -5217.95 
467500.00 7667500.00 -5123.60 
472500.00 7667500.00 -5966.85 
477500.00 7667500.00 -4454.56 
482500.00 7667500.00 -5642.27 
487500.00 7667500.00 -5017.71 
492500.00 7667500.00 -5111.40 
497500.00 7667500.00 -5264.25 
502500.00 7667500.00 -7919.96 
507500.00 7667500.00 -5819.09 
512500.00 7667500.00 -3779.13 
517500.00 7667500.00 -4384.49 
522500.00 7667500.00 -6173.39 
527500.00 7667500.00 -5303.13 
532500.00 7667500.00 -7544.63 
537500.00 7667500.00 -7224.71 
542500.00 7667500.00 -5129.63 
547500.00 7667500.00 -5142.86 
552500.00 7667500.00 -5231.38 
557500.00 7667500.00 -6417.46 
562500.00 7667500.00 -7298.82 
567500.00 7667500.00 -7141.50 
572500.00 7667500.00 -6823.88 
577500.00 7667500.00 -6852.01 
402500.00 7672500.00 -3490.90 
407500.00 7672500.00 -3682.19 
412500.00 7672500.00 -4332.67 
417500.00 7672500.00 -4899.66 
422500.00 7672500.00 -4904.70 
427500.00 7672500.00 -4836.40 
432500.00 7672500.00 -4870.38 
437500.00 7672500.00 -5033.36 
442500.00 7672500.00 -5015.13 
447500.00 7672500.00 -4379.75 
452500.00 7672500.00 -4961.40 
457500.00 7672500.00 -5606.95 
462500.00 7672500.00 -5605.00 
467500.00 7672500.00 -4705.50 
472500.00 7672500.00 -5932.95 
477500.00 7672500.00 -5330.54 
482500.00 7672500.00 -5579.30 
487500.00 7672500.00 -6450.62 
492500.00 7672500.00 -5041.14 
497500.00 7672500.00 -6218.95 
502500.00 7672500.00 -7113.71 
507500.00 7672500.00 -5041.61 
512500.00 7672500.00 -4000.05 
517500.00 7672500.00 -4961.22 
522500.00 7672500.00 -5475.80 
527500.00 7672500.00 -5339.49 
532500.00 7672500.00 -7480.79 
537500.00 7672500.00 -7524.58 
542500.00 7672500.00 -5230.85 
547500.00 7672500.00 -4793.97 
552500.00 7672500.00 -5662.16 
557500.00 7672500.00 -6097.26 
562500.00 7672500.00 -6549.27 
567500.00 7672500.00 -6464.97 
572500.00 7672500.00 -6522.65 
577500.00 7672500.00 -6665.21 
402500.00 7677500.00 -3296.06 
407500.00 7677500.00 -3506.11 
412500.00 7677500.00 -4040.25 
417500.00 7677500.00 -4701.20 
422500.00 7677500.00 -4902.35 
427500.00 7677500.00 -4873.00 
432500.00 7677500.00 -4794.07 
437500.00 7677500.00 -4836.95 
442500.00 7677500.00 -5006.81 
447500.00 7677500.00 -4911.85 
452500.00 7677500.00 -5390.55 
457500.00 7677500.00 -5660.42 
462500.00 7677500.00 -5663.97 
467500.00 7677500.00 -4572.23 
472500.00 7677500.00 -5877.53 
477500.00 7677500.00 -5492.04 
482500.00 7677500.00 -4840.51 
487500.00 7677500.00 -6497.80 
492500.00 7677500.00 -4922.86 
497500.00 7677500.00 -7114.73 
502500.00 7677500.00 -5486.09 
507500.00 7677500.00 -4153.45 
512500.00 7677500.00 -3801.94 
517500.00 7677500.00 -4360.06 
522500.00 7677500.00 -6341.72 
527500.00 7677500.00 -6446.42 
532500.00 7677500.00 -7783.07 
537500.00 7677500.00 -7708.74 
542500.00 7677500.00 -5980.54 
547500.00 7677500.00 -5074.65 
552500.00 7677500.00 -5414.95 
557500.00 7677500.00 -6327.91 
562500.00 7677500.00 -6931.78 
567500.00 7677500.00 -6737.12 
572500.00 7677500.00 -6537.29 
577500.00 7677500.00 -7113.82 
402500.00 7682500.00 -3156.21 
407500.00 7682500.00 -3390.39 
412500.00 7682500.00 -3772.84 
417500.00 7682500.00 -4295.53 
422500.00 7682500.00 -4698.06 
427500.00 7682500.00 -4753.51 
432500.00 7682500.00 -4710.76 
437500.00 7682500.00 -4722.16 
442500.00 7682500.00 -5102.69 
447500.00 7682500.00 -5436.90 
452500.00 7682500.00 -5076.46 
457500.00 7682500.00 -4934.06 
462500.00 7682500.00 -5494.87 
467500.00 7682500.00 -4605.38 
472500.00 7682500.00 -5324.36 
477500.00 7682500.00 -5539.80 
482500.00 7682500.00 -4649.75 
487500.00 7682500.00 -6278.54 
492500.00 7682500.00 -5106.99 
497500.00 7682500.00 -6969.81 
502500.00 7682500.00 -6305.44 
507500.00 7682500.00 -7090.67 
512500.00 7682500.00 -5205.31 
517500.00 7682500.00 -5572.56 
522500.00 7682500.00 -6368.13 
527500.00 7682500.00 -5445.11 
532500.00 7682500.00 -7454.10 
537500.00 7682500.00 -7907.88 
542500.00 7682500.00 -6878.16 
547500.00 7682500.00 -6019.64 
552500.00 7682500.00 -7158.23 
557500.00 7682500.00 -6924.57 
562500.00 7682500.00 -6852.13 
567500.00 7682500.00 -6783.42 
572500.00 7682500.00 -6961.63 
577500.00 7682500.00 -7370.64 
402500.00 7687500.00 -3005.45 
407500.00 7687500.00 -3215.18 
412500.00 7687500.00 -3577.94 
417500.00 7687500.00 -3980.97 
422500.00 7687500.00 -4540.06 
427500.00 7687500.00 -4700.28 
432500.00 7687500.00 -4742.40 
437500.00 7687500.00 -4794.65 
442500.00 7687500.00 -4981.23 
447500.00 7687500.00 -5039.15 
452500.00 7687500.00 -5079.86 
457500.00 7687500.00 -5017.54 
462500.00 7687500.00 -5125.05 
467500.00 7687500.00 -4485.13 
472500.00 7687500.00 -5380.88 
477500.00 7687500.00 -5503.38 
482500.00 7687500.00 -5727.64 
487500.00 7687500.00 -6098.87 
492500.00 7687500.00 -6179.68 
497500.00 7687500.00 -5889.36 
502500.00 7687500.00 -7395.41 
507500.00 7687500.00 -7032.18 
512500.00 7687500.00 -5966.58 
517500.00 7687500.00 -5120.92 
522500.00 7687500.00 -6439.11 
527500.00 7687500.00 -5659.23 
532500.00 7687500.00 -6609.28 
537500.00 7687500.00 -7788.14 
542500.00 7687500.00 -7322.10 
547500.00 7687500.00 -5491.38 
552500.00 7687500.00 -4821.11 
557500.00 7687500.00 -4942.04 
562500.00 7687500.00 -6377.01 
567500.00 7687500.00 -6747.95 
572500.00 7687500.00 -7368.60 
577500.00 7687500.00 -7436.11 
402500.00 7692500.00 -2673.11 
407500.00 7692500.00 -2939.35 
412500.00 7692500.00 -3234.51 
417500.00 7692500.00 -3496.64 
422500.00 7692500.00 -4392.78 
427500.00 7692500.00 -4687.30 
432500.00 7692500.00 -4581.79 
437500.00 7692500.00 -4618.41 
442500.00 7692500.00 -4952.20 
447500.00 7692500.00 -4901.60 
452500.00 7692500.00 -4762.30 
457500.00 7692500.00 -4941.65 
462500.00 7692500.00 -4619.77 
467500.00 7692500.00 -4455.95 
472500.00 7692500.00 -4742.65 
477500.00 7692500.00 -4973.02 
482500.00 7692500.00 -6135.26 
487500.00 7692500.00 -5235.97 
492500.00 7692500.00 -6008.97 
497500.00 7692500.00 -5943.96 
502500.00 7692500.00 -7200.49 
507500.00 7692500.00 -5656.45 
512500.00 7692500.00 -4514.33 
517500.00 7692500.00 -3680.44 
522500.00 7692500.00 -4861.04 
527500.00 7692500.00 -5215.36 
532500.00 7692500.00 -5225.68 
537500.00 7692500.00 -7203.19 
542500.00 7692500.00 -7483.14 
547500.00 7692500.00 -6025.45 
552500.00 7692500.00 -5571.95 
557500.00 7692500.00 -5981.12 
562500.00 7692500.00 -6383.10 
567500.00 7692500.00 -6654.73 
572500.00 7692500.00 -7235.64 
577500.00 7692500.00 -7677.10 
402500.00 7697500.00 -2269.89 
407500.00 7697500.00 -2703.72 
412500.00 7697500.00 -3062.32 
417500.00 7697500.00 -3333.80 
422500.00 7697500.00 -3953.54 
427500.00 7697500.00 -4486.11 
432500.00 7697500.00 -4510.96 
437500.00 7697500.00 -4564.90 
442500.00 7697500.00 -4824.04 
447500.00 7697500.00 -5073.53 
452500.00 7697500.00 -4941.00 
457500.00 7697500.00 -4947.91 
462500.00 7697500.00 -5226.54 
467500.00 7697500.00 -5082.77 
472500.00 7697500.00 -5204.33 
477500.00 7697500.00 -4843.67 
482500.00 7697500.00 -5880.93 
487500.00 7697500.00 -4975.06 
492500.00 7697500.00 -5785.07 
497500.00 7697500.00 -6223.13 
502500.00 7697500.00 -6720.47 
507500.00 7697500.00 -7123.66 
512500.00 7697500.00 -6257.00 
517500.00 7697500.00 -4527.28 
522500.00 7697500.00 -3977.67 
527500.00 7697500.00 -4475.40 
532500.00 7697500.00 -5017.38 
537500.00 7697500.00 -6711.80 
542500.00 7697500.00 -7386.49 
547500.00 7697500.00 -6169.52 
552500.00 7697500.00 -5233.76 
557500.00 7697500.00 -6282.18 
562500.00 7697500.00 -6318.28 
567500.00 7697500.00 -6571.73 
572500.00 7697500.00 -7357.06 
577500.00 7697500.00 -7783.65 
402500.00 7702500.00 -2000.67 
407500.00 7702500.00 -2559.99 
412500.00 7702500.00 -3004.80 
417500.00 7702500.00 -3234.33 
422500.00 7702500.00 -3734.30 
427500.00 7702500.00 -4466.50 
432500.00 7702500.00 -4752.63 
437500.00 7702500.00 -4738.98 
442500.00 7702500.00 -4833.81 
447500.00 7702500.00 -4974.48 
452500.00 7702500.00 -5111.77 
457500.00 7702500.00 -5124.10 
462500.00 7702500.00 -5149.44 
467500.00 7702500.00 -5359.27 
472500.00 7702500.00 -5440.67 
477500.00 7702500.00 -5588.84 
482500.00 7702500.00 -6168.45 
487500.00 7702500.00 -5526.40 
492500.00 7702500.00 -5754.85 
497500.00 7702500.00 -6702.74 
502500.00 7702500.00 -6424.45 
507500.00 7702500.00 -6959.90 
512500.00 7702500.00 -5591.76 
517500.00 7702500.00 -4322.15 
522500.00 7702500.00 -3942.92 
527500.00 7702500.00 -5024.97 
532500.00 7702500.00 -6930.40 
537500.00 7702500.00 -6963.47 
542500.00 7702500.00 -7622.64 
547500.00 7702500.00 -6987.64 
552500.00 7702500.00 -4125.58 
557500.00 7702500.00 -4781.50 
562500.00 7702500.00 -6187.18 
567500.00 7702500.00 -6631.78 
572500.00 7702500.00 -7291.15 
577500.00 7702500.00 -7611.66 
402500.00 7707500.00 -1666.42 
407500.00 7707500.00 -2588.71 
412500.00 7707500.00 -2985.36 
417500.00 7707500.00 -3219.77 
422500.00 7707500.00 -3682.18 
427500.00 7707500.00 -4300.84 
432500.00 7707500.00 -4806.65 
437500.00 7707500.00 -4908.30 
442500.00 7707500.00 -4988.69 
447500.00 7707500.00 -4974.84 
452500.00 7707500.00 -5001.76 
457500.00 7707500.00 -4996.14 
462500.00 7707500.00 -4261.07 
467500.00 7707500.00 -5141.29 
472500.00 7707500.00 -5524.99 
477500.00 7707500.00 -6016.28 
482500.00 7707500.00 -6350.43 
487500.00 7707500.00 -5577.80 
492500.00 7707500.00 -6166.55 
497500.00 7707500.00 -6684.21 
502500.00 7707500.00 -6324.31 
507500.00 7707500.00 -4992.95 
512500.00 7707500.00 -5237.13 
517500.00 7707500.00 -5342.58 
522500.00 7707500.00 -4735.36 
527500.00 7707500.00 -5820.86 
532500.00 7707500.00 -6219.54 
537500.00 7707500.00 -6483.37 
542500.00 7707500.00 -7619.83 
547500.00 7707500.00 -7005.36 
552500.00 7707500.00 -4377.01 
557500.00 7707500.00 -4365.90 
562500.00 7707500.00 -6058.45 
567500.00 7707500.00 -6655.61 
572500.00 7707500.00 -6947.16 
577500.00 7707500.00 -7149.39 
402500.00 7712500.00 -1619.38 
407500.00 7712500.00 -2425.72 
412500.00 7712500.00 -2840.82 
417500.00 7712500.00 -3087.83 
422500.00 7712500.00 -3463.27 
427500.00 7712500.00 -3943.92 
432500.00 7712500.00 -4846.85 
437500.00 7712500.00 -5142.89 
442500.00 7712500.00 -5253.60 
447500.00 7712500.00 -5062.66 
452500.00 7712500.00 -4951.85 
457500.00 7712500.00 -5123.71 
462500.00 7712500.00 -4740.00 
467500.00 7712500.00 -5346.54 
472500.00 7712500.00 -5646.25 
477500.00 7712500.00 -4912.82 
482500.00 7712500.00 -6110.46 
487500.00 7712500.00 -5829.52 
492500.00 7712500.00 -6213.43 
497500.00 7712500.00 -5877.56 
502500.00 7712500.00 -6981.58 
507500.00 7712500.00 -6680.17 
512500.00 7712500.00 -5999.65 
517500.00 7712500.00 -6721.27 
522500.00 7712500.00 -6160.48 
527500.00 7712500.00 -6919.64 
532500.00 7712500.00 -7085.07 
537500.00 7712500.00 -5991.05 
542500.00 7712500.00 -7597.42 
547500.00 7712500.00 -7159.18 
552500.00 7712500.00 -4437.44 
557500.00 7712500.00 -3792.34 
562500.00 7712500.00 -6635.58 
567500.00 7712500.00 -6870.58 
572500.00 7712500.00 -6803.44 
577500.00 7712500.00 -6976.98 
402500.00 7717500.00 -1525.30 
407500.00 7717500.00 -2134.05 
412500.00 7717500.00 -2629.86 
417500.00 7717500.00 -2863.24 
422500.00 7717500.00 -3307.58 
427500.00 7717500.00 -3848.17 
432500.00 7717500.00 -4801.63 
437500.00 7717500.00 -5040.35 
442500.00 7717500.00 -5116.74 
447500.00 7717500.00 -5089.31 
452500.00 7717500.00 -5022.86 
457500.00 7717500.00 -5020.84 
462500.00 7717500.00 -5100.85 
467500.00 7717500.00 -5047.29 
472500.00 7717500.00 -5759.05 
477500.00 7717500.00 -4977.16 
482500.00 7717500.00 -5913.30 
487500.00 7717500.00 -6324.39 
492500.00 7717500.00 -5478.34 
497500.00 7717500.00 -6432.08 
502500.00 7717500.00 -6852.50 
507500.00 7717500.00 -7380.85 
512500.00 7717500.00 -5708.36 
517500.00 7717500.00 -6658.82 
522500.00 7717500.00 -5534.08 
527500.00 7717500.00 -6658.31 
532500.00 7717500.00 -8094.11 
537500.00 7717500.00 -6714.11 
542500.00 7717500.00 -6203.35 
547500.00 7717500.00 -7014.10 
552500.00 7717500.00 -4697.76 
557500.00 7717500.00 -3795.94 
562500.00 7717500.00 -6904.32 
567500.00 7717500.00 -7049.12 
572500.00 7717500.00 -6893.27 
577500.00 7717500.00 -7013.84 
402500.00 7722500.00 -1321.32 
407500.00 7722500.00 -1899.57 
412500.00 7722500.00 -2345.77 
417500.00 7722500.00 -2837.04 
422500.00 7722500.00 -3351.12 
427500.00 7722500.00 -3787.50 
432500.00 7722500.00 -4657.72 
437500.00 7722500.00 -4679.85 
442500.00 7722500.00 -5048.71 
447500.00 7722500.00 -5008.31 
452500.00 7722500.00 -5093.04 
457500.00 7722500.00 -4755.28 
462500.00 7722500.00 -5274.27 
467500.00 7722500.00 -5246.00 
472500.00 7722500.00 -6076.14 
477500.00 7722500.00 -4653.80 
482500.00 7722500.00 -6415.61 
487500.00 7722500.00 -6941.45 
492500.00 7722500.00 -5892.99 
497500.00 7722500.00 -7107.11 
502500.00 7722500.00 -7528.33 
507500.00 7722500.00 -7925.84 
512500.00 7722500.00 -7033.69 
517500.00 7722500.00 -8072.27 
522500.00 7722500.00 -7591.28 
527500.00 7722500.00 -6159.24 
532500.00 7722500.00 -7915.22 
537500.00 7722500.00 -7891.50 
542500.00 7722500.00 -5479.98 
547500.00 7722500.00 -4564.95 
552500.00 7722500.00 -5541.76 
557500.00 7722500.00 -5817.63 
562500.00 7722500.00 -7072.29 
567500.00 7722500.00 -6886.45 
572500.00 7722500.00 -6822.77 
577500.00 7722500.00 -7178.47 
402500.00 7727500.00 -1138.96 
407500.00 7727500.00 -1660.80 
412500.00 7727500.00 -2192.00 
417500.00 7727500.00 -2631.96 
422500.00 7727500.00 -3089.09 
427500.00 7727500.00 -3693.50 
432500.00 7727500.00 -4665.30 
437500.00 7727500.00 -4700.67 
442500.00 7727500.00 -5063.21 
447500.00 7727500.00 -5215.57 
452500.00 7727500.00 -5027.48 
457500.00 7727500.00 -4842.85 
462500.00 7727500.00 -5256.43 
467500.00 7727500.00 -5499.61 
472500.00 7727500.00 -6113.51 
477500.00 7727500.00 -5020.50 
482500.00 7727500.00 -6521.29 
487500.00 7727500.00 -7083.37 
492500.00 7727500.00 -6392.08 
497500.00 7727500.00 -6918.39 
502500.00 7727500.00 -7956.85 
507500.00 7727500.00 -7333.99 
512500.00 7727500.00 -7375.28 
517500.00 7727500.00 -8251.44 
522500.00 7727500.00 -6424.11 
527500.00 7727500.00 -6019.68 
532500.00 7727500.00 -7693.80 
537500.00 7727500.00 -7906.46 
542500.00 7727500.00 -5493.80 
547500.00 7727500.00 -4480.58 
552500.00 7727500.00 -7037.24 
557500.00 7727500.00 -7242.43 
562500.00 7727500.00 -7018.70 
567500.00 7727500.00 -6713.76 
572500.00 7727500.00 -6746.22 
577500.00 7727500.00 -7304.43 
402500.00 7732500.00 -1026.76 
407500.00 7732500.00 -1377.24 
412500.00 7732500.00 -1954.95 
417500.00 7732500.00 -2367.64 
422500.00 7732500.00 -2885.22 
427500.00 7732500.00 -3491.26 
432500.00 7732500.00 -4510.43 
437500.00 7732500.00 -5115.53 
442500.00 7732500.00 -5230.08 
447500.00 7732500.00 -5294.17 
452500.00 7732500.00 -5168.25 
457500.00 7732500.00 -5010.43 
462500.00 7732500.00 -5078.65 
467500.00 7732500.00 -5632.62 
472500.00 7732500.00 -5563.48 
477500.00 7732500.00 -5285.29 
482500.00 7732500.00 -6464.97 
487500.00 7732500.00 -5940.35 
492500.00 7732500.00 -6674.85 
497500.00 7732500.00 -6892.36 
502500.00 7732500.00 -6319.46 
507500.00 7732500.00 -6350.44 
512500.00 7732500.00 -7897.23 
517500.00 7732500.00 -4958.02 
522500.00 7732500.00 -6761.09 
527500.00 7732500.00 -6238.96 
532500.00 7732500.00 -7200.65 
537500.00 7732500.00 -7975.69 
542500.00 7732500.00 -8294.23 
547500.00 7732500.00 -7729.08 
552500.00 7732500.00 -7478.18 
557500.00 7732500.00 -7340.82 
562500.00 7732500.00 -7270.97 
567500.00 7732500.00 -6782.34 
572500.00 7732500.00 -7084.70 
577500.00 7732500.00 -7469.45 
402500.00 7737500.00 -1007.80 
407500.00 7737500.00 -1293.34 
412500.00 7737500.00 -1918.62 
417500.00 7737500.00 -2407.48 
422500.00 7737500.00 -2856.27 
427500.00 7737500.00 -3249.65 
432500.00 7737500.00 -4404.19 
437500.00 7737500.00 -5367.61 
442500.00 7737500.00 -5258.30 
447500.00 7737500.00 -5377.12 
452500.00 7737500.00 -5235.26 
457500.00 7737500.00 -5043.45 
462500.00 7737500.00 -5095.39 
467500.00 7737500.00 -5646.47 
472500.00 7737500.00 -5616.22 
477500.00 7737500.00 -5618.13 
482500.00 7737500.00 -6530.92 
487500.00 7737500.00 -5661.61 
492500.00 7737500.00 -6487.53 
497500.00 7737500.00 -6672.71 
502500.00 7737500.00 -5932.82 
507500.00 7737500.00 -7317.20 
512500.00 7737500.00 -7263.22 
517500.00 7737500.00 -4787.12 
522500.00 7737500.00 -6620.22 
527500.00 7737500.00 -6654.46 
532500.00 7737500.00 -7154.66 
537500.00 7737500.00 -7713.60 
542500.00 7737500.00 -7707.37 
547500.00 7737500.00 -7697.16 
552500.00 7737500.00 -7191.36 
557500.00 7737500.00 -7267.50 
562500.00 7737500.00 -7627.75 
567500.00 7737500.00 -7505.28 
572500.00 7737500.00 -7908.45 
577500.00 7737500.00 -7922.83 
402500.00 7742500.00 -1273.93 
407500.00 7742500.00 -1361.89 
412500.00 7742500.00 -1845.27 
417500.00 7742500.00 -2394.27 
422500.00 7742500.00 -2888.08 
427500.00 7742500.00 -3242.84 
432500.00 7742500.00 -3903.88 
437500.00 7742500.00 -4850.60 
442500.00 7742500.00 -5409.99 
447500.00 7742500.00 -5654.92 
452500.00 7742500.00 -5234.07 
457500.00 7742500.00 -5199.17 
462500.00 7742500.00 -5532.96 
467500.00 7742500.00 -5785.17 
472500.00 7742500.00 -5974.66 
477500.00 7742500.00 -6179.75 
482500.00 7742500.00 -6628.38 
487500.00 7742500.00 -6000.32 
492500.00 7742500.00 -6211.80 
497500.00 7742500.00 -6402.47 
502500.00 7742500.00 -6476.51 
507500.00 7742500.00 -7127.70 
512500.00 7742500.00 -7151.28 
517500.00 7742500.00 -6566.15 
522500.00 7742500.00 -6177.51 
527500.00 7742500.00 -6347.81 
532500.00 7742500.00 -7415.30 
537500.00 7742500.00 -7969.44 
542500.00 7742500.00 -8118.12 
547500.00 7742500.00 -7798.58 
552500.00 7742500.00 -7251.45 
557500.00 7742500.00 -7057.27 
562500.00 7742500.00 -7752.49 
567500.00 7742500.00 -8281.36 
572500.00 7742500.00 -9016.14 
577500.00 7742500.00 -9114.56 
402500.00 7747500.00 -1372.86 
407500.00 7747500.00 -1428.13 
412500.00 7747500.00 -1661.75 
417500.00 7747500.00 -2245.66 
422500.00 7747500.00 -2862.70 
427500.00 7747500.00 -3306.69 
432500.00 7747500.00 -4043.91 
437500.00 7747500.00 -4829.51 
442500.00 7747500.00 -5538.20 
447500.00 7747500.00 -5615.31 
452500.00 7747500.00 -5359.31 
457500.00 7747500.00 -5350.90 
462500.00 7747500.00 -5658.68 
467500.00 7747500.00 -5826.20 
472500.00 7747500.00 -6273.19 
477500.00 7747500.00 -6101.24 
482500.00 7747500.00 -6575.41 
487500.00 7747500.00 -6270.80 
492500.00 7747500.00 -5930.13 
497500.00 7747500.00 -6139.58 
502500.00 7747500.00 -6738.87 
507500.00 7747500.00 -7230.06 
512500.00 7747500.00 -7566.20 
517500.00 7747500.00 -7025.20 
522500.00 7747500.00 -7582.23 
527500.00 7747500.00 -6860.00 
532500.00 7747500.00 -6255.96 
537500.00 7747500.00 -5797.39 
542500.00 7747500.00 -8246.91 
547500.00 7747500.00 -7155.15 
552500.00 7747500.00 -7247.74 
557500.00 7747500.00 -6989.95 
562500.00 7747500.00 -7579.83 
567500.00 7747500.00 -8036.77 
572500.00 7747500.00 -9247.23 
577500.00 7747500.00 -9368.11 
402500.00 7752500.00 -1284.29 
407500.00 7752500.00 -1348.11 
412500.00 7752500.00 -1501.36 
417500.00 7752500.00 -2187.42 
422500.00 7752500.00 -2690.68 
427500.00 7752500.00 -3297.19 
432500.00 7752500.00 -4225.26 
437500.00 7752500.00 -4973.48 
442500.00 7752500.00 -5640.03 
447500.00 7752500.00 -5728.21 
452500.00 7752500.00 -5592.45 
457500.00 7752500.00 -5433.93 
462500.00 7752500.00 -5558.48 
467500.00 7752500.00 -5790.12 
472500.00 7752500.00 -6343.89 
477500.00 7752500.00 -5258.76 
482500.00 7752500.00 -6674.99 
487500.00 7752500.00 -6946.39 
492500.00 7752500.00 -5432.12 
497500.00 7752500.00 -5920.71 
502500.00 7752500.00 -6373.06 
507500.00 7752500.00 -7287.21 
512500.00 7752500.00 -7833.15 
517500.00 7752500.00 -7707.01 
522500.00 7752500.00 -7508.96 
527500.00 7752500.00 -8047.39 
532500.00 7752500.00 -7956.99 
537500.00 7752500.00 -6867.85 
542500.00 7752500.00 -7937.26 
547500.00 7752500.00 -7548.79 
552500.00 7752500.00 -8252.75 
557500.00 7752500.00 -7781.65 
562500.00 7752500.00 -7977.72 
567500.00 7752500.00 -8454.93 
572500.00 7752500.00 -9218.78 
577500.00 7752500.00 -7557.03 
402500.00 7757500.00 -1139.38 
407500.00 7757500.00 -1325.16 
412500.00 7757500.00 -1407.88 
417500.00 7757500.00 -1912.57 
422500.00 7757500.00 -2559.25 
427500.00 7757500.00 -3252.93 
432500.00 7757500.00 -4211.35 
437500.00 7757500.00 -4853.50 
442500.00 7757500.00 -5346.77 
447500.00 7757500.00 -5883.02 
452500.00 7757500.00 -5683.46 
457500.00 7757500.00 -5549.98 
462500.00 7757500.00 -5737.26 
467500.00 7757500.00 -5941.47 
472500.00 7757500.00 -6255.11 
477500.00 7757500.00 -5800.55 
482500.00 7757500.00 -6818.73 
487500.00 7757500.00 -6845.85 
492500.00 7757500.00 -6309.43 
497500.00 7757500.00 -6518.19 
502500.00 7757500.00 -5924.16 
507500.00 7757500.00 -6976.97 
512500.00 7757500.00 -6818.58 
517500.00 7757500.00 -7065.00 
522500.00 7757500.00 -7768.03 
527500.00 7757500.00 -8309.96 
532500.00 7757500.00 -8058.74 
537500.00 7757500.00 -7517.55 
542500.00 7757500.00 -4800.91 
547500.00 7757500.00 -5326.69 
552500.00 7757500.00 -8442.26 
557500.00 7757500.00 -7754.07 
562500.00 7757500.00 -8308.53 
567500.00 7757500.00 -8960.57 
572500.00 7757500.00 -8974.05 
577500.00 7757500.00 -8953.67 
402500.00 7762500.00 -993.79 
407500.00 7762500.00 -1150.02 
412500.00 7762500.00 -1399.61 
417500.00 7762500.00 -2144.04 
422500.00 7762500.00 -2617.45 
427500.00 7762500.00 -3236.42 
432500.00 7762500.00 -4165.16 
437500.00 7762500.00 -4665.19 
442500.00 7762500.00 -5068.67 
447500.00 7762500.00 -5555.98 
452500.00 7762500.00 -5653.80 
457500.00 7762500.00 -5812.11 
462500.00 7762500.00 -5980.84 
467500.00 7762500.00 -5979.89 
472500.00 7762500.00 -6367.14 
477500.00 7762500.00 -5689.04 
482500.00 7762500.00 -6620.86 
487500.00 7762500.00 -6729.25 
492500.00 7762500.00 -6730.48 
497500.00 7762500.00 -6687.05 
502500.00 7762500.00 -5645.39 
507500.00 7762500.00 -6267.54 
512500.00 7762500.00 -7045.33 
517500.00 7762500.00 -7430.70 
522500.00 7762500.00 -7654.64 
527500.00 7762500.00 -7749.35 
532500.00 7762500.00 -7347.04 
537500.00 7762500.00 -7265.28 
542500.00 7762500.00 -7636.42 
547500.00 7762500.00 -7864.16 
552500.00 7762500.00 -8453.75 
557500.00 7762500.00 -7818.91 
562500.00 7762500.00 -7803.21 
567500.00 7762500.00 -8421.22 
572500.00 7762500.00 -8827.56 
577500.00 7762500.00 -8895.97 
402500.00 7767500.00 -986.15 
407500.00 7767500.00 -1179.51 
412500.00 7767500.00 -1382.29 
417500.00 7767500.00 -2185.27 
422500.00 7767500.00 -2665.32 
427500.00 7767500.00 -3182.96 
432500.00 7767500.00 -4159.16 
437500.00 7767500.00 -4642.19 
442500.00 7767500.00 -5081.24 
447500.00 7767500.00 -5433.65 
452500.00 7767500.00 -5666.94 
457500.00 7767500.00 -6003.72 
462500.00 7767500.00 -5916.97 
467500.00 7767500.00 -6034.07 
472500.00 7767500.00 -6228.54 
477500.00 7767500.00 -5860.29 
482500.00 7767500.00 -6457.93 
487500.00 7767500.00 -6500.91 
492500.00 7767500.00 -6345.21 
497500.00 7767500.00 -6317.60 
502500.00 7767500.00 -7291.71 
507500.00 7767500.00 -7191.93 
512500.00 7767500.00 -7083.38 
517500.00 7767500.00 -7077.31 
522500.00 7767500.00 -7922.85 
527500.00 7767500.00 -7906.75 
532500.00 7767500.00 -7577.39 
537500.00 7767500.00 -7479.97 
542500.00 7767500.00 -8223.45 
547500.00 7767500.00 -8221.97 
552500.00 7767500.00 -8113.33 
557500.00 7767500.00 -8168.53 
562500.00 7767500.00 -7973.47 
567500.00 7767500.00 -8619.38 
572500.00 7767500.00 -9130.29 
577500.00 7767500.00 -9298.89 
402500.00 7772500.00 -845.60 
407500.00 7772500.00 -1172.21 
412500.00 7772500.00 -1546.53 
417500.00 7772500.00 -2244.19 
422500.00 7772500.00 -2903.66 
427500.00 7772500.00 -3271.47 
432500.00 7772500.00 -3995.50 
437500.00 7772500.00 -4613.30 
442500.00 7772500.00 -4928.15 
447500.00 7772500.00 -5224.79 
452500.00 7772500.00 -5617.77 
457500.00 7772500.00 -5859.48 
462500.00 7772500.00 -5844.93 
467500.00 7772500.00 -6090.65 
472500.00 7772500.00 -6114.92 
477500.00 7772500.00 -6454.44 
482500.00 7772500.00 -6218.52 
487500.00 7772500.00 -6026.62 
492500.00 7772500.00 -7162.73 
497500.00 7772500.00 -7407.15 
502500.00 7772500.00 -7700.52 
507500.00 7772500.00 -7694.89 
512500.00 7772500.00 -7690.84 
517500.00 7772500.00 -6982.51 
522500.00 7772500.00 -7426.91 
527500.00 7772500.00 -7432.61 
532500.00 7772500.00 -7884.84 
537500.00 7772500.00 -8288.84 
542500.00 7772500.00 -9041.51 
547500.00 7772500.00 -9008.70 
552500.00 7772500.00 -9463.48 
557500.00 7772500.00 -9093.28 
562500.00 7772500.00 -9051.91 
567500.00 7772500.00 -9081.52 
572500.00 7772500.00 -9041.53 
577500.00 7772500.00 -9305.07 
402500.00 7777500.00 -789.86 
407500.00 7777500.00 -1172.33 
412500.00 7777500.00 -1652.87 
417500.00 7777500.00 -2159.50 
422500.00 7777500.00 -2944.19 
427500.00 7777500.00 -3336.96 
432500.00 7777500.00 -3959.42 
437500.00 7777500.00 -4359.34 
442500.00 7777500.00 -4719.35 
447500.00 7777500.00 -5074.31 
452500.00 7777500.00 -5582.21 
457500.00 7777500.00 -5940.83 
462500.00 7777500.00 -5898.72 
467500.00 7777500.00 -5786.17 
472500.00 7777500.00 -6162.60 
477500.00 7777500.00 -6395.86 
482500.00 7777500.00 -6101.69 
487500.00 7777500.00 -6001.40 
492500.00 7777500.00 -7387.54 
497500.00 7777500.00 -7736.16 
502500.00 7777500.00 -7357.79 
507500.00 7777500.00 -7544.64 
512500.00 7777500.00 -7792.70 
517500.00 7777500.00 -7353.46 
522500.00 7777500.00 -7848.99 
527500.00 7777500.00 -7862.31 
532500.00 7777500.00 -8964.77 
537500.00 7777500.00 -9746.14 
542500.00 7777500.00 -8933.34 
547500.00 7777500.00 -8575.16 
552500.00 7777500.00 -9334.03 
557500.00 7777500.00 -9197.90 
562500.00 7777500.00 -9542.68 
567500.00 7777500.00 -9763.49 
572500.00 7777500.00 -9142.27 
577500.00 7777500.00 -8990.55 
402500.00 7782500.00 -926.17 
407500.00 7782500.00 -1283.47 
412500.00 7782500.00 -1760.57 
417500.00 7782500.00 -2200.23 
422500.00 7782500.00 -2965.18 
427500.00 7782500.00 -3446.71 
432500.00 7782500.00 -4007.78 
437500.00 7782500.00 -4193.64 
442500.00 7782500.00 -4398.60 
447500.00 7782500.00 -4809.20 
452500.00 7782500.00 -5395.12 
457500.00 7782500.00 -5850.65 
462500.00 7782500.00 -5923.76 
467500.00 7782500.00 -5768.66 
472500.00 7782500.00 -6226.57 
477500.00 7782500.00 -6087.44 
482500.00 7782500.00 -5738.76 
487500.00 7782500.00 -7272.09 
492500.00 7782500.00 -7787.02 
497500.00 7782500.00 -7559.91 
502500.00 7782500.00 -6505.82 
507500.00 7782500.00 -7609.08 
512500.00 7782500.00 -7996.49 
517500.00 7782500.00 -7995.93 
522500.00 7782500.00 -7604.99 
527500.00 7782500.00 -8145.02 
532500.00 7782500.00 -9739.48 
537500.00 7782500.00 -9312.42 
542500.00 7782500.00 -7873.09 
547500.00 7782500.00 -7348.10 
552500.00 7782500.00 -9288.46 
557500.00 7782500.00 -9446.93 
562500.00 7782500.00 -9269.99 
567500.00 7782500.00 -9491.10 
572500.00 7782500.00 -9405.64 
577500.00 7782500.00 -9183.64 
402500.00 7787500.00 -1114.33 
407500.00 7787500.00 -1363.80 
412500.00 7787500.00 -1865.25 
417500.00 7787500.00 -2167.16 
422500.00 7787500.00 -2758.72 
427500.00 7787500.00 -3295.30 
432500.00 7787500.00 -3910.91 
437500.00 7787500.00 -4306.49 
442500.00 7787500.00 -4360.19 
447500.00 7787500.00 -4711.11 
452500.00 7787500.00 -5529.89 
457500.00 7787500.00 -5994.89 
462500.00 7787500.00 -6117.08 
467500.00 7787500.00 -5867.90 
472500.00 7787500.00 -6363.38 
477500.00 7787500.00 -6749.04 
482500.00 7787500.00 -6436.77 
487500.00 7787500.00 -7202.85 
492500.00 7787500.00 -8049.89 
497500.00 7787500.00 -7073.42 
502500.00 7787500.00 -5531.18 
507500.00 7787500.00 -7733.20 
512500.00 7787500.00 -8122.86 
517500.00 7787500.00 -8267.68 
522500.00 7787500.00 -5745.87 
527500.00 7787500.00 -7908.78 
532500.00 7787500.00 -10114.25 
537500.00 7787500.00 -8813.59 
542500.00 7787500.00 -8208.90 
547500.00 7787500.00 -8065.84 
552500.00 7787500.00 -8965.41 
557500.00 7787500.00 -9189.08 
562500.00 7787500.00 -9147.45 
567500.00 7787500.00 -9173.42 
572500.00 7787500.00 -9309.70 
577500.00 7787500.00 -9196.52 
402500.00 7792500.00 -1233.52 
407500.00 7792500.00 -1374.18 
412500.00 7792500.00 -1772.98 
417500.00 7792500.00 -2170.80 
422500.00 7792500.00 -2688.48 
427500.00 7792500.00 -3176.12 
432500.00 7792500.00 -3905.17 
437500.00 7792500.00 -4449.76 
442500.00 7792500.00 -4763.55 
447500.00 7792500.00 -4766.00 
452500.00 7792500.00 -5342.99 
457500.00 7792500.00 -5744.62 
462500.00 7792500.00 -5876.26 
467500.00 7792500.00 -6185.30 
472500.00 7792500.00 -6113.17 
477500.00 7792500.00 -6402.55 
482500.00 7792500.00 -6718.31 
487500.00 7792500.00 -6997.32 
492500.00 7792500.00 -6552.15 
497500.00 7792500.00 -7057.14 
502500.00 7792500.00 -7766.08 
507500.00 7792500.00 -8076.82 
512500.00 7792500.00 -8205.03 
517500.00 7792500.00 -8048.90 
522500.00 7792500.00 -7087.41 
527500.00 7792500.00 -8117.70 
532500.00 7792500.00 -8927.13 
537500.00 7792500.00 -8561.91 
542500.00 7792500.00 -8736.52 
547500.00 7792500.00 -8800.06 
552500.00 7792500.00 -8887.70 
557500.00 7792500.00 -8988.91 
562500.00 7792500.00 -9246.84 
567500.00 7792500.00 -9197.42 
572500.00 7792500.00 -9213.29 
577500.00 7792500.00 -9169.07 
402500.00 7797500.00 -1177.57 
407500.00 7797500.00 -1255.78 
412500.00 7797500.00 -1690.14 
417500.00 7797500.00 -2163.98 
422500.00 7797500.00 -2494.76 
427500.00 7797500.00 -2866.36 
432500.00 7797500.00 -4179.41 
437500.00 7797500.00 -4733.35 
442500.00 7797500.00 -5024.73 
447500.00 7797500.00 -5000.63 
452500.00 7797500.00 -5372.98 
457500.00 7797500.00 -5716.65 
462500.00 7797500.00 -6016.29 
467500.00 7797500.00 -6311.41 
472500.00 7797500.00 -5986.55 
477500.00 7797500.00 -6518.74 
482500.00 7797500.00 -6925.26 
487500.00 7797500.00 -7344.58 
492500.00 7797500.00 -6190.70 
497500.00 7797500.00 -6475.65 
502500.00 7797500.00 -7309.37 
507500.00 7797500.00 -7357.36 
512500.00 7797500.00 -7788.19 
517500.00 7797500.00 -7772.55 
522500.00 7797500.00 -7806.31 
527500.00 7797500.00 -7931.66 
532500.00 7797500.00 -8334.96 
537500.00 7797500.00 -8517.12 
542500.00 7797500.00 -8661.13 
547500.00 7797500.00 -8725.54 
552500.00 7797500.00 -8843.06 
557500.00 7797500.00 -8934.92 
562500.00 7797500.00 -9148.05 
567500.00 7797500.00 -9139.12 
572500.00 7797500.00 -9202.32 
577500.00 7797500.00 -9170.10 
402500.00 7802500.00 -1042.29 
407500.00 7802500.00 -1077.41 
412500.00 7802500.00 -1567.21 
417500.00 7802500.00 -2072.03 
422500.00 7802500.00 -2741.64 
427500.00 7802500.00 -3165.89 
432500.00 7802500.00 -4122.95 
437500.00 7802500.00 -4749.42 
442500.00 7802500.00 -5081.08 
447500.00 7802500.00 -5343.70 
452500.00 7802500.00 -5569.00 
457500.00 7802500.00 -5735.19 
462500.00 7802500.00 -6275.69 
467500.00 7802500.00 -6344.97 
472500.00 7802500.00 -6478.11 
477500.00 7802500.00 -5941.77 
482500.00 7802500.00 -5474.92 
487500.00 7802500.00 -6841.89 
492500.00 7802500.00 -6242.63 
497500.00 7802500.00 -4592.54 
502500.00 7802500.00 -6503.92 
507500.00 7802500.00 -6871.28 
512500.00 7802500.00 -7288.30 
517500.00 7802500.00 -7584.68 
522500.00 7802500.00 -7850.24 
527500.00 7802500.00 -7974.62 
532500.00 7802500.00 -8183.05 
537500.00 7802500.00 -8294.74 
542500.00 7802500.00 -8561.94 
547500.00 7802500.00 -8627.21 
552500.00 7802500.00 -8723.83 
557500.00 7802500.00 -8762.70 
562500.00 7802500.00 -8953.20 
567500.00 7802500.00 -8849.61 
572500.00 7802500.00 -8918.84 
577500.00 7802500.00 -8825.76 
