# Petrel Points with attributes
# Unit in X and Y direction: m
# Unit in depth: m
VERSION 1
BEGIN HEADER
X
Y
Z
END HEADER
402500.00 7652500.00 -3888.98 
407500.00 7652500.00 -4448.99 
412500.00 7652500.00 -4568.10 
417500.00 7652500.00 -4302.93 
422500.00 7652500.00 -4269.76 
427500.00 7652500.00 -4283.78 
432500.00 7652500.00 -4398.90 
437500.00 7652500.00 -4976.63 
442500.00 7652500.00 -4634.29 
447500.00 7652500.00 -5012.00 
452500.00 7652500.00 -5127.07 
457500.00 7652500.00 -5120.60 
462500.00 7652500.00 -5406.33 
467500.00 7652500.00 -4070.09 
472500.00 7652500.00 -2957.50 
477500.00 7652500.00 -3951.35 
482500.00 7652500.00 -4831.85 
487500.00 7652500.00 -5805.23 
492500.00 7652500.00 -5766.15 
497500.00 7652500.00 -4279.65 
502500.00 7652500.00 -5155.20 
507500.00 7652500.00 -3882.65 
512500.00 7652500.00 -3976.77 
517500.00 7652500.00 -5538.19 
522500.00 7652500.00 -6501.32 
527500.00 7652500.00 -6457.47 
532500.00 7652500.00 -6688.56 
537500.00 7652500.00 -5300.39 
542500.00 7652500.00 -4039.47 
547500.00 7652500.00 -3529.41 
552500.00 7652500.00 -5317.38 
557500.00 7652500.00 -6711.25 
562500.00 7652500.00 -6672.85 
567500.00 7652500.00 -6444.38 
572500.00 7652500.00 -6305.52 
577500.00 7652500.00 -6144.64 
402500.00 7657500.00 -3860.13 
407500.00 7657500.00 -4243.99 
412500.00 7657500.00 -4844.93 
417500.00 7657500.00 -4516.70 
422500.00 7657500.00 -4184.11 
427500.00 7657500.00 -4138.58 
432500.00 7657500.00 -4327.78 
437500.00 7657500.00 -4492.87 
442500.00 7657500.00 -4534.20 
447500.00 7657500.00 -5000.63 
452500.00 7657500.00 -4636.85 
457500.00 7657500.00 -4466.54 
462500.00 7657500.00 -4501.21 
467500.00 7657500.00 -4441.11 
472500.00 7657500.00 -2973.42 
477500.00 7657500.00 -3814.56 
482500.00 7657500.00 -5973.60 
487500.00 7657500.00 -4945.39 
492500.00 7657500.00 -3997.82 
497500.00 7657500.00 -3768.69 
502500.00 7657500.00 -4772.00 
507500.00 7657500.00 -3525.99 
512500.00 7657500.00 -3217.11 
517500.00 7657500.00 -5052.30 
522500.00 7657500.00 -6568.19 
527500.00 7657500.00 -6421.44 
532500.00 7657500.00 -5802.29 
537500.00 7657500.00 -5549.53 
542500.00 7657500.00 -4346.78 
547500.00 7657500.00 -4181.16 
552500.00 7657500.00 -5564.42 
557500.00 7657500.00 -7026.79 
562500.00 7657500.00 -7083.47 
567500.00 7657500.00 -6897.27 
572500.00 7657500.00 -6697.66 
577500.00 7657500.00 -6673.03 
402500.00 7662500.00 -4013.12 
407500.00 7662500.00 -4081.57 
412500.00 7662500.00 -4633.63 
417500.00 7662500.00 -4509.83 
422500.00 7662500.00 -4176.94 
427500.00 7662500.00 -4188.09 
432500.00 7662500.00 -4346.82 
437500.00 7662500.00 -4376.30 
442500.00 7662500.00 -4455.72 
447500.00 7662500.00 -4050.99 
452500.00 7662500.00 -4182.67 
457500.00 7662500.00 -5265.89 
462500.00 7662500.00 -4786.34 
467500.00 7662500.00 -4526.22 
472500.00 7662500.00 -3786.20 
477500.00 7662500.00 -4071.73 
482500.00 7662500.00 -5358.29 
487500.00 7662500.00 -3797.96 
492500.00 7662500.00 -4800.19 
497500.00 7662500.00 -4635.32 
502500.00 7662500.00 -6660.83 
507500.00 7662500.00 -4638.89 
512500.00 7662500.00 -3237.02 
517500.00 7662500.00 -4314.66 
522500.00 7662500.00 -6998.43 
527500.00 7662500.00 -5503.08 
532500.00 7662500.00 -6605.92 
537500.00 7662500.00 -5056.28 
542500.00 7662500.00 -4085.37 
547500.00 7662500.00 -4544.05 
552500.00 7662500.00 -4649.84 
557500.00 7662500.00 -6772.56 
562500.00 7662500.00 -7543.52 
567500.00 7662500.00 -7255.77 
572500.00 7662500.00 -7025.92 
577500.00 7662500.00 -7188.63 
402500.00 7667500.00 -3835.61 
407500.00 7667500.00 -4083.72 
412500.00 7667500.00 -4376.22 
417500.00 7667500.00 -4392.31 
422500.00 7667500.00 -4322.68 
427500.00 7667500.00 -4220.65 
432500.00 7667500.00 -3924.97 
437500.00 7667500.00 -4350.71 
442500.00 7667500.00 -4518.45 
447500.00 7667500.00 -4131.84 
452500.00 7667500.00 -4608.80 
457500.00 7667500.00 -5669.86 
462500.00 7667500.00 -5135.86 
467500.00 7667500.00 -5068.03 
472500.00 7667500.00 -5844.92 
477500.00 7667500.00 -4284.03 
482500.00 7667500.00 -5494.11 
487500.00 7667500.00 -4901.14 
492500.00 7667500.00 -4992.63 
497500.00 7667500.00 -5097.78 
502500.00 7667500.00 -7714.30 
507500.00 7667500.00 -5647.78 
512500.00 7667500.00 -3613.57 
517500.00 7667500.00 -4275.29 
522500.00 7667500.00 -6079.23 
527500.00 7667500.00 -5137.66 
532500.00 7667500.00 -7381.29 
537500.00 7667500.00 -7113.70 
542500.00 7667500.00 -4987.40 
547500.00 7667500.00 -5002.23 
552500.00 7667500.00 -5111.01 
557500.00 7667500.00 -6342.03 
562500.00 7667500.00 -7247.64 
567500.00 7667500.00 -7101.26 
572500.00 7667500.00 -6787.33 
577500.00 7667500.00 -6815.10 
402500.00 7672500.00 -3351.08 
407500.00 7672500.00 -3501.26 
412500.00 7672500.00 -4055.74 
417500.00 7672500.00 -4463.56 
422500.00 7672500.00 -4318.10 
427500.00 7672500.00 -4203.39 
432500.00 7672500.00 -4289.27 
437500.00 7672500.00 -4456.41 
442500.00 7672500.00 -4414.70 
447500.00 7672500.00 -4006.40 
452500.00 7672500.00 -4799.15 
457500.00 7672500.00 -5429.50 
462500.00 7672500.00 -5487.79 
467500.00 7672500.00 -4627.90 
472500.00 7672500.00 -5797.58 
477500.00 7672500.00 -5157.84 
482500.00 7672500.00 -5438.26 
487500.00 7672500.00 -6334.01 
492500.00 7672500.00 -4914.04 
497500.00 7672500.00 -6063.51 
502500.00 7672500.00 -6931.45 
507500.00 7672500.00 -4917.10 
512500.00 7672500.00 -3959.01 
517500.00 7672500.00 -4851.63 
522500.00 7672500.00 -5365.09 
527500.00 7672500.00 -5183.29 
532500.00 7672500.00 -7316.07 
537500.00 7672500.00 -7414.01 
542500.00 7672500.00 -5094.22 
547500.00 7672500.00 -4653.41 
552500.00 7672500.00 -5535.69 
557500.00 7672500.00 -6013.27 
562500.00 7672500.00 -6492.66 
567500.00 7672500.00 -6421.44 
572500.00 7672500.00 -6484.28 
577500.00 7672500.00 -6626.74 
402500.00 7677500.00 -3211.51 
407500.00 7677500.00 -3355.67 
412500.00 7677500.00 -3797.54 
417500.00 7677500.00 -4374.48 
422500.00 7677500.00 -4441.55 
427500.00 7677500.00 -4261.57 
432500.00 7677500.00 -4145.31 
437500.00 7677500.00 -4249.09 
442500.00 7677500.00 -4469.53 
447500.00 7677500.00 -4427.62 
452500.00 7677500.00 -4999.65 
457500.00 7677500.00 -5377.18 
462500.00 7677500.00 -5483.63 
467500.00 7677500.00 -4436.22 
472500.00 7677500.00 -5701.54 
477500.00 7677500.00 -5292.64 
482500.00 7677500.00 -4671.40 
487500.00 7677500.00 -6355.03 
492500.00 7677500.00 -4814.74 
497500.00 7677500.00 -7015.16 
502500.00 7677500.00 -5358.60 
507500.00 7677500.00 -4066.06 
512500.00 7677500.00 -3801.94 
517500.00 7677500.00 -4219.62 
522500.00 7677500.00 -6196.75 
527500.00 7677500.00 -6323.27 
532500.00 7677500.00 -7635.00 
537500.00 7677500.00 -7577.90 
542500.00 7677500.00 -5875.68 
547500.00 7677500.00 -4942.10 
552500.00 7677500.00 -5279.22 
557500.00 7677500.00 -6234.85 
562500.00 7677500.00 -6869.92 
567500.00 7677500.00 -6690.41 
572500.00 7677500.00 -6496.54 
577500.00 7677500.00 -7073.72 
402500.00 7682500.00 -3021.89 
407500.00 7682500.00 -3223.57 
412500.00 7682500.00 -3560.34 
417500.00 7682500.00 -4054.94 
422500.00 7682500.00 -4328.58 
427500.00 7682500.00 -4211.87 
432500.00 7682500.00 -4114.76 
437500.00 7682500.00 -4181.54 
442500.00 7682500.00 -4643.10 
447500.00 7682500.00 -4904.31 
452500.00 7682500.00 -4503.62 
457500.00 7682500.00 -4540.72 
462500.00 7682500.00 -5281.32 
467500.00 7682500.00 -4455.78 
472500.00 7682500.00 -5184.59 
477500.00 7682500.00 -5405.21 
482500.00 7682500.00 -4513.59 
487500.00 7682500.00 -6148.77 
492500.00 7682500.00 -5006.21 
497500.00 7682500.00 -6877.55 
502500.00 7682500.00 -6201.79 
507500.00 7682500.00 -7050.26 
512500.00 7682500.00 -5205.31 
517500.00 7682500.00 -5377.78 
522500.00 7682500.00 -6184.00 
527500.00 7682500.00 -5380.91 
532500.00 7682500.00 -7333.18 
537500.00 7682500.00 -7774.47 
542500.00 7682500.00 -6779.28 
547500.00 7682500.00 -5891.51 
552500.00 7682500.00 -7024.71 
557500.00 7682500.00 -6820.41 
562500.00 7682500.00 -6782.24 
567500.00 7682500.00 -6732.18 
572500.00 7682500.00 -6918.59 
577500.00 7682500.00 -7329.57 
402500.00 7687500.00 -2850.42 
407500.00 7687500.00 -3067.24 
412500.00 7687500.00 -3451.17 
417500.00 7687500.00 -3835.67 
422500.00 7687500.00 -4243.19 
427500.00 7687500.00 -4169.88 
432500.00 7687500.00 -4137.43 
437500.00 7687500.00 -4226.71 
442500.00 7687500.00 -4547.04 
447500.00 7687500.00 -4644.38 
452500.00 7687500.00 -4519.59 
457500.00 7687500.00 -4484.02 
462500.00 7687500.00 -4855.04 
467500.00 7687500.00 -4357.71 
472500.00 7687500.00 -5324.55 
477500.00 7687500.00 -5486.90 
482500.00 7687500.00 -5657.98 
487500.00 7687500.00 -6013.48 
492500.00 7687500.00 -6089.74 
497500.00 7687500.00 -5823.12 
502500.00 7687500.00 -7367.41 
507500.00 7687500.00 -7032.18 
512500.00 7687500.00 -5898.36 
517500.00 7687500.00 -4956.71 
522500.00 7687500.00 -6286.73 
527500.00 7687500.00 -5569.23 
532500.00 7687500.00 -6480.67 
537500.00 7687500.00 -7664.36 
542500.00 7687500.00 -7225.14 
547500.00 7687500.00 -5389.11 
552500.00 7687500.00 -4691.71 
557500.00 7687500.00 -4814.14 
562500.00 7687500.00 -6296.53 
567500.00 7687500.00 -6690.96 
572500.00 7687500.00 -7321.91 
577500.00 7687500.00 -7391.43 
402500.00 7692500.00 -2572.37 
407500.00 7692500.00 -2845.25 
412500.00 7692500.00 -3162.21 
417500.00 7692500.00 -3413.67 
422500.00 7692500.00 -4182.07 
427500.00 7692500.00 -4212.81 
432500.00 7692500.00 -3983.33 
437500.00 7692500.00 -4060.58 
442500.00 7692500.00 -4461.73 
447500.00 7692500.00 -4518.21 
452500.00 7692500.00 -4288.83 
457500.00 7692500.00 -4381.06 
462500.00 7692500.00 -4326.61 
467500.00 7692500.00 -4364.21 
472500.00 7692500.00 -4699.28 
477500.00 7692500.00 -4958.18 
482500.00 7692500.00 -6030.31 
487500.00 7692500.00 -5122.14 
492500.00 7692500.00 -5908.34 
497500.00 7692500.00 -5882.81 
502500.00 7692500.00 -7200.49 
507500.00 7692500.00 -5656.45 
512500.00 7692500.00 -4442.24 
517500.00 7692500.00 -3553.88 
522500.00 7692500.00 -4745.99 
527500.00 7692500.00 -5138.01 
532500.00 7692500.00 -5122.43 
537500.00 7692500.00 -7091.23 
542500.00 7692500.00 -7386.39 
547500.00 7692500.00 -5940.12 
552500.00 7692500.00 -5463.98 
557500.00 7692500.00 -5853.96 
562500.00 7692500.00 -6292.71 
567500.00 7692500.00 -6591.16 
572500.00 7692500.00 -7184.37 
577500.00 7692500.00 -7628.15 
402500.00 7697500.00 -2235.81 
407500.00 7697500.00 -2646.09 
412500.00 7697500.00 -2991.00 
417500.00 7697500.00 -3262.98 
422500.00 7697500.00 -3837.00 
427500.00 7697500.00 -4199.20 
432500.00 7697500.00 -4023.35 
437500.00 7697500.00 -3993.86 
442500.00 7697500.00 -4231.01 
447500.00 7697500.00 -4615.21 
452500.00 7697500.00 -4516.08 
457500.00 7697500.00 -4448.01 
462500.00 7697500.00 -4959.20 
467500.00 7697500.00 -4917.29 
472500.00 7697500.00 -5069.06 
477500.00 7697500.00 -4785.73 
482500.00 7697500.00 -5781.83 
487500.00 7697500.00 -4859.68 
492500.00 7697500.00 -5673.81 
497500.00 7697500.00 -6128.42 
502500.00 7697500.00 -6655.12 
507500.00 7697500.00 -7099.43 
512500.00 7697500.00 -6240.89 
517500.00 7697500.00 -4459.58 
522500.00 7697500.00 -3852.89 
527500.00 7697500.00 -4382.00 
532500.00 7697500.00 -4952.75 
537500.00 7697500.00 -6599.40 
542500.00 7697500.00 -7286.74 
547500.00 7697500.00 -6066.16 
552500.00 7697500.00 -5116.77 
557500.00 7697500.00 -6153.44 
562500.00 7697500.00 -6220.21 
567500.00 7697500.00 -6501.86 
572500.00 7697500.00 -7301.54 
577500.00 7697500.00 -7731.79 
402500.00 7702500.00 -1965.76 
407500.00 7702500.00 -2480.73 
412500.00 7702500.00 -2894.08 
417500.00 7702500.00 -3130.24 
422500.00 7702500.00 -3633.64 
427500.00 7702500.00 -4280.37 
432500.00 7702500.00 -4363.04 
437500.00 7702500.00 -4189.97 
442500.00 7702500.00 -4273.40 
447500.00 7702500.00 -4545.32 
452500.00 7702500.00 -4691.73 
457500.00 7702500.00 -4795.64 
462500.00 7702500.00 -5080.12 
467500.00 7702500.00 -5084.63 
472500.00 7702500.00 -5046.78 
477500.00 7702500.00 -5479.00 
482500.00 7702500.00 -6127.17 
487500.00 7702500.00 -5461.11 
492500.00 7702500.00 -5647.51 
497500.00 7702500.00 -6580.42 
502500.00 7702500.00 -6298.93 
507500.00 7702500.00 -6877.00 
512500.00 7702500.00 -5591.76 
517500.00 7702500.00 -4289.01 
522500.00 7702500.00 -3780.96 
527500.00 7702500.00 -4865.11 
532500.00 7702500.00 -6843.04 
537500.00 7702500.00 -6857.82 
542500.00 7702500.00 -7492.73 
547500.00 7702500.00 -6864.50 
552500.00 7702500.00 -3975.87 
557500.00 7702500.00 -4643.35 
562500.00 7702500.00 -6086.52 
567500.00 7702500.00 -6556.94 
572500.00 7702500.00 -7231.57 
577500.00 7702500.00 -7556.63 
402500.00 7707500.00 -1539.87 
407500.00 7707500.00 -2437.37 
412500.00 7707500.00 -2823.04 
417500.00 7707500.00 -3056.52 
422500.00 7707500.00 -3513.58 
427500.00 7707500.00 -4073.86 
432500.00 7707500.00 -4444.89 
437500.00 7707500.00 -4360.27 
442500.00 7707500.00 -4413.00 
447500.00 7707500.00 -4543.59 
452500.00 7707500.00 -4597.28 
457500.00 7707500.00 -4800.82 
462500.00 7707500.00 -4261.07 
467500.00 7707500.00 -4898.65 
472500.00 7707500.00 -5055.67 
477500.00 7707500.00 -5806.91 
482500.00 7707500.00 -6266.08 
487500.00 7707500.00 -5499.99 
492500.00 7707500.00 -6074.92 
497500.00 7707500.00 -6575.02 
502500.00 7707500.00 -6204.50 
507500.00 7707500.00 -4889.34 
512500.00 7707500.00 -5173.85 
517500.00 7707500.00 -5304.81 
522500.00 7707500.00 -4596.68 
527500.00 7707500.00 -5673.42 
532500.00 7707500.00 -6122.54 
537500.00 7707500.00 -6390.45 
542500.00 7707500.00 -7479.08 
547500.00 7707500.00 -6844.49 
552500.00 7707500.00 -4213.18 
557500.00 7707500.00 -4248.99 
562500.00 7707500.00 -5956.92 
567500.00 7707500.00 -6576.03 
572500.00 7707500.00 -6883.69 
577500.00 7707500.00 -7092.20 
402500.00 7712500.00 -1432.13 
407500.00 7712500.00 -2244.08 
412500.00 7712500.00 -2636.68 
417500.00 7712500.00 -2789.57 
422500.00 7712500.00 -3135.55 
427500.00 7712500.00 -3625.89 
432500.00 7712500.00 -4511.91 
437500.00 7712500.00 -4659.31 
442500.00 7712500.00 -4674.96 
447500.00 7712500.00 -4593.03 
452500.00 7712500.00 -4524.46 
457500.00 7712500.00 -4873.41 
462500.00 7712500.00 -4619.92 
467500.00 7712500.00 -5178.13 
472500.00 7712500.00 -5355.25 
477500.00 7712500.00 -4765.77 
482500.00 7712500.00 -5987.78 
487500.00 7712500.00 -5725.52 
492500.00 7712500.00 -6156.74 
497500.00 7712500.00 -5817.24 
502500.00 7712500.00 -6871.38 
507500.00 7712500.00 -6557.70 
512500.00 7712500.00 -5884.18 
517500.00 7712500.00 -6680.62 
522500.00 7712500.00 -6146.80 
527500.00 7712500.00 -6880.01 
532500.00 7712500.00 -7029.37 
537500.00 7712500.00 -5901.24 
542500.00 7712500.00 -7470.27 
547500.00 7712500.00 -7004.71 
552500.00 7712500.00 -4281.47 
557500.00 7712500.00 -3672.18 
562500.00 7712500.00 -6528.24 
567500.00 7712500.00 -6786.63 
572500.00 7712500.00 -6736.61 
577500.00 7712500.00 -6916.92 
402500.00 7717500.00 -1354.25 
407500.00 7717500.00 -1946.31 
412500.00 7717500.00 -2349.34 
417500.00 7717500.00 -2391.79 
422500.00 7717500.00 -2815.73 
427500.00 7717500.00 -3378.42 
432500.00 7717500.00 -4394.65 
437500.00 7717500.00 -4633.19 
442500.00 7717500.00 -4646.20 
447500.00 7717500.00 -4605.58 
452500.00 7717500.00 -4603.11 
457500.00 7717500.00 -4748.17 
462500.00 7717500.00 -4917.38 
467500.00 7717500.00 -4854.78 
472500.00 7717500.00 -5572.44 
477500.00 7717500.00 -4855.86 
482500.00 7717500.00 -5766.26 
487500.00 7717500.00 -6202.22 
492500.00 7717500.00 -5478.34 
497500.00 7717500.00 -6421.03 
502500.00 7717500.00 -6741.19 
507500.00 7717500.00 -7231.74 
512500.00 7717500.00 -5572.64 
517500.00 7717500.00 -6638.30 
522500.00 7717500.00 -5534.08 
527500.00 7717500.00 -6548.75 
532500.00 7717500.00 -8036.74 
537500.00 7717500.00 -6634.15 
542500.00 7717500.00 -6082.33 
547500.00 7717500.00 -6858.80 
552500.00 7717500.00 -4557.51 
557500.00 7717500.00 -3690.56 
562500.00 7717500.00 -6799.17 
567500.00 7717500.00 -6960.70 
572500.00 7717500.00 -6825.35 
577500.00 7717500.00 -6954.63 
402500.00 7722500.00 -1169.62 
407500.00 7722500.00 -1729.41 
412500.00 7722500.00 -2106.72 
417500.00 7722500.00 -2530.19 
422500.00 7722500.00 -2970.73 
427500.00 7722500.00 -3302.93 
432500.00 7722500.00 -4184.96 
437500.00 7722500.00 -4275.48 
442500.00 7722500.00 -4671.36 
447500.00 7722500.00 -4590.28 
452500.00 7722500.00 -4701.01 
457500.00 7722500.00 -4525.63 
462500.00 7722500.00 -5139.00 
467500.00 7722500.00 -5091.47 
472500.00 7722500.00 -5900.77 
477500.00 7722500.00 -4515.25 
482500.00 7722500.00 -6239.66 
487500.00 7722500.00 -6797.81 
492500.00 7722500.00 -5892.99 
497500.00 7722500.00 -7104.57 
502500.00 7722500.00 -7440.43 
507500.00 7722500.00 -7813.19 
512500.00 7722500.00 -6927.68 
517500.00 7722500.00 -8001.04 
522500.00 7722500.00 -7533.89 
527500.00 7722500.00 -6017.66 
532500.00 7722500.00 -7812.95 
537500.00 7722500.00 -7816.58 
542500.00 7722500.00 -5365.50 
547500.00 7722500.00 -4394.44 
552500.00 7722500.00 -5412.72 
557500.00 7722500.00 -5731.65 
562500.00 7722500.00 -6965.83 
567500.00 7722500.00 -6797.71 
572500.00 7722500.00 -6756.12 
577500.00 7722500.00 -7120.06 
402500.00 7727500.00 -1093.37 
407500.00 7727500.00 -1542.82 
412500.00 7727500.00 -2058.53 
417500.00 7727500.00 -2513.23 
422500.00 7727500.00 -2856.33 
427500.00 7727500.00 -3265.65 
432500.00 7727500.00 -4185.23 
437500.00 7727500.00 -4279.26 
442500.00 7727500.00 -4713.76 
447500.00 7727500.00 -4914.72 
452500.00 7727500.00 -4712.76 
457500.00 7727500.00 -4669.91 
462500.00 7727500.00 -5159.78 
467500.00 7727500.00 -5377.90 
472500.00 7727500.00 -6040.41 
477500.00 7727500.00 -4948.43 
482500.00 7727500.00 -6392.27 
487500.00 7727500.00 -6963.26 
492500.00 7727500.00 -6341.14 
497500.00 7727500.00 -6869.04 
502500.00 7727500.00 -7888.49 
507500.00 7727500.00 -7276.68 
512500.00 7727500.00 -7287.02 
517500.00 7727500.00 -8154.27 
522500.00 7727500.00 -6361.15 
527500.00 7727500.00 -5854.31 
532500.00 7727500.00 -7555.41 
537500.00 7727500.00 -7852.59 
542500.00 7727500.00 -5398.71 
547500.00 7727500.00 -4308.92 
552500.00 7727500.00 -6903.12 
557500.00 7727500.00 -7150.27 
562500.00 7727500.00 -6908.42 
567500.00 7727500.00 -6629.90 
572500.00 7727500.00 -6684.22 
577500.00 7727500.00 -7251.12 
402500.00 7732500.00 -1013.83 
407500.00 7732500.00 -1310.06 
412500.00 7732500.00 -1858.04 
417500.00 7732500.00 -2290.53 
422500.00 7732500.00 -2707.79 
427500.00 7732500.00 -3100.08 
432500.00 7732500.00 -4077.01 
437500.00 7732500.00 -4798.73 
442500.00 7732500.00 -4945.82 
447500.00 7732500.00 -5043.44 
452500.00 7732500.00 -4979.56 
457500.00 7732500.00 -4877.08 
462500.00 7732500.00 -4939.62 
467500.00 7732500.00 -5491.18 
472500.00 7732500.00 -5538.32 
477500.00 7732500.00 -5278.46 
482500.00 7732500.00 -6400.37 
487500.00 7732500.00 -5841.33 
492500.00 7732500.00 -6525.28 
497500.00 7732500.00 -6735.45 
502500.00 7732500.00 -6163.46 
507500.00 7732500.00 -6241.75 
512500.00 7732500.00 -7822.72 
517500.00 7732500.00 -4887.39 
522500.00 7732500.00 -6710.23 
527500.00 7732500.00 -6074.64 
532500.00 7732500.00 -7101.56 
537500.00 7732500.00 -7941.80 
542500.00 7732500.00 -8204.46 
547500.00 7732500.00 -7581.69 
552500.00 7732500.00 -7357.43 
557500.00 7732500.00 -7245.62 
562500.00 7732500.00 -7162.66 
567500.00 7732500.00 -6706.79 
572500.00 7732500.00 -7028.68 
577500.00 7732500.00 -7419.34 
402500.00 7737500.00 -972.79 
407500.00 7737500.00 -1159.75 
412500.00 7737500.00 -1785.10 
417500.00 7737500.00 -2298.78 
422500.00 7737500.00 -2695.11 
427500.00 7737500.00 -2920.82 
432500.00 7737500.00 -4038.24 
437500.00 7737500.00 -5091.07 
442500.00 7737500.00 -5005.28 
447500.00 7737500.00 -5106.21 
452500.00 7737500.00 -5055.37 
457500.00 7737500.00 -4932.28 
462500.00 7737500.00 -4951.23 
467500.00 7737500.00 -5511.27 
472500.00 7737500.00 -5616.22 
477500.00 7737500.00 -5615.37 
482500.00 7737500.00 -6450.19 
487500.00 7737500.00 -5539.00 
492500.00 7737500.00 -6292.22 
497500.00 7737500.00 -6487.07 
502500.00 7737500.00 -5710.11 
507500.00 7737500.00 -7157.52 
512500.00 7737500.00 -7211.42 
517500.00 7737500.00 -4768.48 
522500.00 7737500.00 -6593.63 
527500.00 7737500.00 -6528.08 
532500.00 7737500.00 -7069.01 
537500.00 7737500.00 -7659.37 
542500.00 7737500.00 -7600.02 
547500.00 7737500.00 -7554.62 
552500.00 7737500.00 -7089.49 
557500.00 7737500.00 -7178.61 
562500.00 7737500.00 -7538.14 
567500.00 7737500.00 -7440.04 
572500.00 7737500.00 -7857.37 
577500.00 7737500.00 -7874.38 
402500.00 7742500.00 -1031.41 
407500.00 7742500.00 -1137.95 
412500.00 7742500.00 -1674.68 
417500.00 7742500.00 -2274.37 
422500.00 7742500.00 -2766.53 
427500.00 7742500.00 -3046.34 
432500.00 7742500.00 -3653.12 
437500.00 7742500.00 -4584.06 
442500.00 7742500.00 -5207.90 
447500.00 7742500.00 -5420.58 
452500.00 7742500.00 -4995.96 
457500.00 7742500.00 -5030.40 
462500.00 7742500.00 -5294.16 
467500.00 7742500.00 -5564.12 
472500.00 7742500.00 -5957.04 
477500.00 7742500.00 -6166.04 
482500.00 7742500.00 -6502.95 
487500.00 7742500.00 -5811.87 
492500.00 7742500.00 -6015.04 
497500.00 7742500.00 -6302.93 
502500.00 7742500.00 -6383.38 
507500.00 7742500.00 -7030.01 
512500.00 7742500.00 -7108.96 
517500.00 7742500.00 -6537.62 
522500.00 7742500.00 -6177.51 
527500.00 7742500.00 -6256.47 
532500.00 7742500.00 -7315.62 
537500.00 7742500.00 -7887.40 
542500.00 7742500.00 -7998.00 
547500.00 7742500.00 -7651.07 
552500.00 7742500.00 -7146.53 
557500.00 7742500.00 -6962.48 
562500.00 7742500.00 -7666.18 
567500.00 7742500.00 -8222.55 
572500.00 7742500.00 -8964.66 
577500.00 7742500.00 -9057.46 
402500.00 7747500.00 -1090.19 
407500.00 7747500.00 -1187.44 
412500.00 7747500.00 -1466.21 
417500.00 7747500.00 -2094.39 
422500.00 7747500.00 -2702.50 
427500.00 7747500.00 -3115.66 
432500.00 7747500.00 -3898.84 
437500.00 7747500.00 -4695.63 
442500.00 7747500.00 -5439.03 
447500.00 7747500.00 -5476.46 
452500.00 7747500.00 -5171.21 
457500.00 7747500.00 -5204.24 
462500.00 7747500.00 -5437.19 
467500.00 7747500.00 -5541.82 
472500.00 7747500.00 -6196.40 
477500.00 7747500.00 -6089.70 
482500.00 7747500.00 -6438.93 
487500.00 7747500.00 -6050.35 
492500.00 7747500.00 -5652.21 
497500.00 7747500.00 -5998.43 
502500.00 7747500.00 -6717.00 
507500.00 7747500.00 -7140.66 
512500.00 7747500.00 -7466.97 
517500.00 7747500.00 -6932.56 
522500.00 7747500.00 -7552.71 
527500.00 7747500.00 -6771.51 
532500.00 7747500.00 -6145.93 
537500.00 7747500.00 -5703.91 
542500.00 7747500.00 -8121.37 
547500.00 7747500.00 -7012.99 
552500.00 7747500.00 -7142.44 
557500.00 7747500.00 -6888.91 
562500.00 7747500.00 -7503.72 
567500.00 7747500.00 -7979.36 
572500.00 7747500.00 -9187.51 
577500.00 7747500.00 -9291.71 
402500.00 7752500.00 -1043.06 
407500.00 7752500.00 -1122.35 
412500.00 7752500.00 -1323.36 
417500.00 7752500.00 -2062.11 
422500.00 7752500.00 -2522.04 
427500.00 7752500.00 -3000.48 
432500.00 7752500.00 -3968.60 
437500.00 7752500.00 -4801.15 
442500.00 7752500.00 -5503.87 
447500.00 7752500.00 -5599.18 
452500.00 7752500.00 -5429.01 
457500.00 7752500.00 -5311.75 
462500.00 7752500.00 -5352.29 
467500.00 7752500.00 -5520.57 
472500.00 7752500.00 -6271.91 
477500.00 7752500.00 -5221.49 
482500.00 7752500.00 -6521.84 
487500.00 7752500.00 -6736.92 
492500.00 7752500.00 -5159.15 
497500.00 7752500.00 -5748.76 
502500.00 7752500.00 -6301.19 
507500.00 7752500.00 -7145.05 
512500.00 7752500.00 -7711.97 
517500.00 7752500.00 -7628.12 
522500.00 7752500.00 -7473.44 
527500.00 7752500.00 -7918.65 
532500.00 7752500.00 -7847.42 
537500.00 7752500.00 -6767.82 
542500.00 7752500.00 -7835.22 
547500.00 7752500.00 -7433.33 
552500.00 7752500.00 -8159.72 
557500.00 7752500.00 -7695.14 
562500.00 7752500.00 -7910.95 
567500.00 7752500.00 -8393.57 
572500.00 7752500.00 -9143.97 
577500.00 7752500.00 -7486.70 
402500.00 7757500.00 -942.50 
407500.00 7757500.00 -1123.11 
412500.00 7757500.00 -1240.96 
417500.00 7757500.00 -1809.23 
422500.00 7757500.00 -2428.49 
427500.00 7757500.00 -2944.56 
432500.00 7757500.00 -3909.00 
437500.00 7757500.00 -4630.29 
442500.00 7757500.00 -5202.58 
447500.00 7757500.00 -5759.42 
452500.00 7757500.00 -5525.24 
457500.00 7757500.00 -5474.02 
462500.00 7757500.00 -5585.14 
467500.00 7757500.00 -5723.43 
472500.00 7757500.00 -6195.42 
477500.00 7757500.00 -5702.58 
482500.00 7757500.00 -6626.61 
487500.00 7757500.00 -6703.04 
492500.00 7757500.00 -6134.68 
497500.00 7757500.00 -6408.43 
502500.00 7757500.00 -5874.77 
507500.00 7757500.00 -6865.72 
512500.00 7757500.00 -6731.69 
517500.00 7757500.00 -7032.11 
522500.00 7757500.00 -7699.36 
527500.00 7757500.00 -8182.86 
532500.00 7757500.00 -7963.38 
537500.00 7757500.00 -7405.15 
542500.00 7757500.00 -4699.30 
547500.00 7757500.00 -5217.32 
552500.00 7757500.00 -8353.38 
557500.00 7757500.00 -7679.16 
562500.00 7757500.00 -8251.44 
567500.00 7757500.00 -8894.02 
572500.00 7757500.00 -8888.99 
577500.00 7757500.00 -8953.67 
402500.00 7762500.00 -809.99 
407500.00 7762500.00 -955.58 
412500.00 7762500.00 -1221.61 
417500.00 7762500.00 -2027.67 
422500.00 7762500.00 -2528.38 
427500.00 7762500.00 -3029.71 
432500.00 7762500.00 -3897.22 
437500.00 7762500.00 -4481.21 
442500.00 7762500.00 -4956.01 
447500.00 7762500.00 -5400.01 
452500.00 7762500.00 -5472.84 
457500.00 7762500.00 -5752.98 
462500.00 7762500.00 -5883.59 
467500.00 7762500.00 -5782.16 
472500.00 7762500.00 -6285.38 
477500.00 7762500.00 -5583.51 
482500.00 7762500.00 -6468.50 
487500.00 7762500.00 -6662.17 
492500.00 7762500.00 -6662.38 
497500.00 7762500.00 -6659.35 
502500.00 7762500.00 -5635.09 
507500.00 7762500.00 -6201.76 
512500.00 7762500.00 -6931.21 
517500.00 7762500.00 -7281.96 
522500.00 7762500.00 -7561.65 
527500.00 7762500.00 -7676.17 
532500.00 7762500.00 -7247.26 
537500.00 7762500.00 -7123.86 
542500.00 7762500.00 -7534.48 
547500.00 7762500.00 -7767.73 
552500.00 7762500.00 -8372.25 
557500.00 7762500.00 -7755.70 
562500.00 7762500.00 -7756.83 
567500.00 7762500.00 -8365.61 
572500.00 7762500.00 -8755.71 
577500.00 7762500.00 -8895.97 
402500.00 7767500.00 -808.72 
407500.00 7767500.00 -989.57 
412500.00 7767500.00 -1181.24 
417500.00 7767500.00 -2047.05 
422500.00 7767500.00 -2591.09 
427500.00 7767500.00 -2991.96 
432500.00 7767500.00 -3903.14 
437500.00 7767500.00 -4467.86 
442500.00 7767500.00 -4972.07 
447500.00 7767500.00 -5307.92 
452500.00 7767500.00 -5542.08 
457500.00 7767500.00 -5942.35 
462500.00 7767500.00 -5839.86 
467500.00 7767500.00 -5844.34 
472500.00 7767500.00 -6093.79 
477500.00 7767500.00 -5772.14 
482500.00 7767500.00 -6315.11 
487500.00 7767500.00 -6359.53 
492500.00 7767500.00 -6318.06 
497500.00 7767500.00 -6305.72 
502500.00 7767500.00 -7189.98 
507500.00 7767500.00 -7056.45 
512500.00 7767500.00 -6928.18 
517500.00 7767500.00 -7011.97 
522500.00 7767500.00 -7876.75 
527500.00 7767500.00 -7828.36 
532500.00 7767500.00 -7450.61 
537500.00 7767500.00 -7316.00 
542500.00 7767500.00 -8102.41 
547500.00 7767500.00 -8151.20 
552500.00 7767500.00 -8053.40 
557500.00 7767500.00 -8120.95 
562500.00 7767500.00 -7939.51 
567500.00 7767500.00 -8584.02 
572500.00 7767500.00 -9082.91 
577500.00 7767500.00 -9239.25 
402500.00 7772500.00 -721.57 
407500.00 7772500.00 -954.24 
412500.00 7772500.00 -1313.42 
417500.00 7772500.00 -2062.29 
422500.00 7772500.00 -2752.47 
427500.00 7772500.00 -3019.77 
432500.00 7772500.00 -3706.63 
437500.00 7772500.00 -4444.64 
442500.00 7772500.00 -4839.79 
447500.00 7772500.00 -5143.50 
452500.00 7772500.00 -5521.37 
457500.00 7772500.00 -5779.46 
462500.00 7772500.00 -5766.56 
467500.00 7772500.00 -5948.20 
472500.00 7772500.00 -5957.94 
477500.00 7772500.00 -6352.00 
482500.00 7772500.00 -6024.83 
487500.00 7772500.00 -5799.73 
492500.00 7772500.00 -7129.46 
497500.00 7772500.00 -7351.33 
502500.00 7772500.00 -7601.40 
507500.00 7772500.00 -7551.63 
512500.00 7772500.00 -7616.24 
517500.00 7772500.00 -6939.72 
522500.00 7772500.00 -7343.33 
527500.00 7772500.00 -7310.37 
532500.00 7772500.00 -7738.64 
537500.00 7772500.00 -8133.24 
542500.00 7772500.00 -8937.00 
547500.00 7772500.00 -8963.61 
552500.00 7772500.00 -9421.68 
557500.00 7772500.00 -9060.85 
562500.00 7772500.00 -9029.04 
567500.00 7772500.00 -9060.47 
572500.00 7772500.00 -9012.46 
577500.00 7772500.00 -9245.07 
402500.00 7777500.00 -713.66 
407500.00 7777500.00 -964.49 
412500.00 7777500.00 -1418.30 
417500.00 7777500.00 -1957.94 
422500.00 7777500.00 -2771.75 
427500.00 7777500.00 -3084.13 
432500.00 7777500.00 -3686.70 
437500.00 7777500.00 -4213.32 
442500.00 7777500.00 -4610.62 
447500.00 7777500.00 -4947.95 
452500.00 7777500.00 -5467.43 
457500.00 7777500.00 -5861.45 
462500.00 7777500.00 -5843.02 
467500.00 7777500.00 -5738.13 
472500.00 7777500.00 -6081.26 
477500.00 7777500.00 -6187.73 
482500.00 7777500.00 -5785.90 
487500.00 7777500.00 -5833.21 
492500.00 7777500.00 -7386.42 
497500.00 7777500.00 -7693.94 
502500.00 7777500.00 -7309.75 
507500.00 7777500.00 -7494.67 
512500.00 7777500.00 -7728.70 
517500.00 7777500.00 -7256.16 
522500.00 7777500.00 -7719.48 
527500.00 7777500.00 -7716.90 
532500.00 7777500.00 -8823.28 
537500.00 7777500.00 -9631.75 
542500.00 7777500.00 -8890.65 
547500.00 7777500.00 -8531.90 
552500.00 7777500.00 -9299.16 
557500.00 7777500.00 -9172.05 
562500.00 7777500.00 -9524.88 
567500.00 7777500.00 -9746.49 
572500.00 7777500.00 -9112.63 
577500.00 7777500.00 -8951.58 
402500.00 7782500.00 -771.06 
407500.00 7782500.00 -1054.91 
412500.00 7782500.00 -1518.76 
417500.00 7782500.00 -2003.24 
422500.00 7782500.00 -2836.62 
427500.00 7782500.00 -3265.33 
432500.00 7782500.00 -3803.13 
437500.00 7782500.00 -4068.93 
442500.00 7782500.00 -4253.73 
447500.00 7782500.00 -4615.88 
452500.00 7782500.00 -5248.83 
457500.00 7782500.00 -5770.04 
462500.00 7782500.00 -5870.24 
467500.00 7782500.00 -5762.84 
472500.00 7782500.00 -6206.31 
477500.00 7782500.00 -5642.00 
482500.00 7782500.00 -5179.04 
487500.00 7782500.00 -7152.64 
492500.00 7782500.00 -7787.02 
497500.00 7782500.00 -7559.91 
502500.00 7782500.00 -6450.30 
507500.00 7782500.00 -7514.98 
512500.00 7782500.00 -7874.75 
517500.00 7782500.00 -7849.00 
522500.00 7782500.00 -7446.04 
527500.00 7782500.00 -7998.47 
532500.00 7782500.00 -9624.69 
537500.00 7782500.00 -9233.80 
542500.00 7782500.00 -7835.77 
547500.00 7782500.00 -7312.80 
552500.00 7782500.00 -9257.99 
557500.00 7782500.00 -9423.03 
562500.00 7782500.00 -9254.01 
567500.00 7782500.00 -9467.67 
572500.00 7782500.00 -9347.55 
577500.00 7782500.00 -9150.74 
402500.00 7787500.00 -808.48 
407500.00 7787500.00 -1041.83 
412500.00 7787500.00 -1539.54 
417500.00 7787500.00 -1920.82 
422500.00 7787500.00 -2667.90 
427500.00 7787500.00 -3269.58 
432500.00 7787500.00 -3838.43 
437500.00 7787500.00 -4180.43 
442500.00 7787500.00 -4211.25 
447500.00 7787500.00 -4574.51 
452500.00 7787500.00 -5427.86 
457500.00 7787500.00 -5928.94 
462500.00 7787500.00 -6060.48 
467500.00 7787500.00 -5838.27 
472500.00 7787500.00 -6345.28 
477500.00 7787500.00 -6393.00 
482500.00 7787500.00 -5883.99 
487500.00 7787500.00 -6953.26 
492500.00 7787500.00 -8021.96 
497500.00 7787500.00 -7073.42 
502500.00 7787500.00 -5466.91 
507500.00 7787500.00 -7592.65 
512500.00 7787500.00 -7960.58 
517500.00 7787500.00 -8102.33 
522500.00 7787500.00 -5591.71 
527500.00 7787500.00 -7793.09 
532500.00 7787500.00 -10043.50 
537500.00 7787500.00 -8767.38 
542500.00 7787500.00 -8171.02 
547500.00 7787500.00 -8027.03 
552500.00 7787500.00 -8928.52 
557500.00 7787500.00 -9158.60 
562500.00 7787500.00 -9116.74 
567500.00 7787500.00 -9101.21 
572500.00 7787500.00 -9232.01 
577500.00 7787500.00 -9189.91 
402500.00 7792500.00 -903.76 
407500.00 7792500.00 -1009.66 
412500.00 7792500.00 -1365.74 
417500.00 7792500.00 -1841.58 
422500.00 7792500.00 -2579.06 
427500.00 7792500.00 -3175.80 
432500.00 7792500.00 -3781.20 
437500.00 7792500.00 -4242.05 
442500.00 7792500.00 -4575.34 
447500.00 7792500.00 -4660.72 
452500.00 7792500.00 -5285.91 
457500.00 7792500.00 -5666.01 
462500.00 7792500.00 -5796.42 
467500.00 7792500.00 -6138.31 
472500.00 7792500.00 -6080.55 
477500.00 7792500.00 -6229.38 
482500.00 7792500.00 -6395.85 
487500.00 7792500.00 -6548.93 
492500.00 7792500.00 -6249.70 
497500.00 7792500.00 -7047.06 
502500.00 7792500.00 -7697.71 
507500.00 7792500.00 -7919.83 
512500.00 7792500.00 -8041.96 
517500.00 7792500.00 -7912.74 
522500.00 7792500.00 -6970.12 
527500.00 7792500.00 -8042.19 
532500.00 7792500.00 -8876.95 
537500.00 7792500.00 -8522.97 
542500.00 7792500.00 -8695.69 
547500.00 7792500.00 -8749.40 
552500.00 7792500.00 -8831.12 
557500.00 7792500.00 -8933.95 
562500.00 7792500.00 -9179.65 
567500.00 7792500.00 -9115.02 
572500.00 7792500.00 -9164.91 
577500.00 7792500.00 -9169.07 
402500.00 7797500.00 -876.79 
407500.00 7797500.00 -898.76 
412500.00 7797500.00 -1277.17 
417500.00 7797500.00 -1805.20 
422500.00 7797500.00 -2350.22 
427500.00 7797500.00 -2834.49 
432500.00 7797500.00 -3969.57 
437500.00 7797500.00 -4495.74 
442500.00 7797500.00 -4800.44 
447500.00 7797500.00 -4825.03 
452500.00 7797500.00 -5298.81 
457500.00 7797500.00 -5668.02 
462500.00 7797500.00 -6011.02 
467500.00 7797500.00 -6289.21 
472500.00 7797500.00 -5824.55 
477500.00 7797500.00 -6161.39 
482500.00 7797500.00 -6624.59 
487500.00 7797500.00 -6978.50 
492500.00 7797500.00 -5747.00 
497500.00 7797500.00 -6472.17 
502500.00 7797500.00 -7237.90 
507500.00 7797500.00 -7202.78 
512500.00 7797500.00 -7659.36 
517500.00 7797500.00 -7653.66 
522500.00 7797500.00 -7713.88 
527500.00 7797500.00 -7869.78 
532500.00 7797500.00 -8293.30 
537500.00 7797500.00 -8482.25 
542500.00 7797500.00 -8610.73 
547500.00 7797500.00 -8662.75 
552500.00 7797500.00 -8831.63 
557500.00 7797500.00 -8906.79 
562500.00 7797500.00 -9092.81 
567500.00 7797500.00 -9075.45 
572500.00 7797500.00 -9151.54 
577500.00 7797500.00 -9156.08 
402500.00 7802500.00 -779.53 
407500.00 7802500.00 -760.18 
412500.00 7802500.00 -1176.75 
417500.00 7802500.00 -1746.07 
422500.00 7802500.00 -2557.45 
427500.00 7802500.00 -3011.16 
432500.00 7802500.00 -3860.16 
437500.00 7802500.00 -4501.46 
442500.00 7802500.00 -4860.50 
447500.00 7802500.00 -5114.91 
452500.00 7802500.00 -5442.62 
457500.00 7802500.00 -5724.50 
462500.00 7802500.00 -6275.69 
467500.00 7802500.00 -6333.64 
472500.00 7802500.00 -6283.82 
477500.00 7802500.00 -5493.18 
482500.00 7802500.00 -5064.61 
487500.00 7802500.00 -6500.42 
492500.00 7802500.00 -5869.13 
497500.00 7802500.00 -4592.23 
502500.00 7802500.00 -6427.54 
507500.00 7802500.00 -6730.97 
512500.00 7802500.00 -7191.90 
517500.00 7802500.00 -7500.39 
522500.00 7802500.00 -7791.56 
527500.00 7802500.00 -7933.75 
532500.00 7802500.00 -8158.68 
537500.00 7802500.00 -8268.74 
542500.00 7802500.00 -8510.89 
547500.00 7802500.00 -8592.27 
552500.00 7802500.00 -8723.83 
557500.00 7802500.00 -8762.70 
562500.00 7802500.00 -8878.62 
567500.00 7802500.00 -8759.96 
572500.00 7802500.00 -8845.46 
577500.00 7802500.00 -8804.00 
