# Petrel Points with attributes
# Unit in X and Y direction: m
# Unit in depth: m
VERSION 1
BEGIN HEADER
X
Y
Z
END HEADER
402500.00 7652500.00 -4552.56 
407500.00 7652500.00 -5035.85 
412500.00 7652500.00 -5215.05 
417500.00 7652500.00 -5163.39 
422500.00 7652500.00 -5241.83 
427500.00 7652500.00 -5153.84 
432500.00 7652500.00 -5163.39 
437500.00 7652500.00 -5751.85 
442500.00 7652500.00 -5477.42 
447500.00 7652500.00 -5810.86 
452500.00 7652500.00 -5800.94 
457500.00 7652500.00 -5713.87 
462500.00 7652500.00 -5923.85 
467500.00 7652500.00 -4518.20 
472500.00 7652500.00 -3435.39 
477500.00 7652500.00 -4457.48 
482500.00 7652500.00 -5391.68 
487500.00 7652500.00 -6359.49 
492500.00 7652500.00 -6332.42 
497500.00 7652500.00 -4849.54 
502500.00 7652500.00 -5606.71 
507500.00 7652500.00 -4339.55 
512500.00 7652500.00 -4479.70 
517500.00 7652500.00 -5981.83 
522500.00 7652500.00 -6909.84 
527500.00 7652500.00 -6848.56 
532500.00 7652500.00 -7044.74 
537500.00 7652500.00 -5706.06 
542500.00 7652500.00 -4535.69 
547500.00 7652500.00 -4061.38 
552500.00 7652500.00 -5708.50 
557500.00 7652500.00 -7031.20 
562500.00 7652500.00 -6964.32 
567500.00 7652500.00 -6709.70 
572500.00 7652500.00 -6551.00 
577500.00 7652500.00 -6388.14 
402500.00 7657500.00 -4539.43 
407500.00 7657500.00 -4817.80 
412500.00 7657500.00 -5443.41 
417500.00 7657500.00 -5353.28 
422500.00 7657500.00 -5177.09 
427500.00 7657500.00 -5130.57 
432500.00 7657500.00 -5251.99 
437500.00 7657500.00 -5422.12 
442500.00 7657500.00 -5506.44 
447500.00 7657500.00 -5736.75 
452500.00 7657500.00 -5173.66 
457500.00 7657500.00 -5005.65 
462500.00 7657500.00 -5047.43 
467500.00 7657500.00 -4917.28 
472500.00 7657500.00 -3443.02 
477500.00 7657500.00 -4341.05 
482500.00 7657500.00 -6563.85 
487500.00 7657500.00 -5518.76 
492500.00 7657500.00 -4536.98 
497500.00 7657500.00 -4269.33 
502500.00 7657500.00 -5206.27 
507500.00 7657500.00 -3986.41 
512500.00 7657500.00 -3741.50 
517500.00 7657500.00 -5522.17 
522500.00 7657500.00 -6953.05 
527500.00 7657500.00 -6798.03 
532500.00 7657500.00 -6168.07 
537500.00 7657500.00 -5933.85 
542500.00 7657500.00 -4823.96 
547500.00 7657500.00 -4669.67 
552500.00 7657500.00 -5952.40 
557500.00 7657500.00 -7345.16 
562500.00 7657500.00 -7365.66 
567500.00 7657500.00 -7153.75 
572500.00 7657500.00 -6939.27 
577500.00 7657500.00 -6910.02 
402500.00 7662500.00 -4643.02 
407500.00 7662500.00 -4640.96 
412500.00 7662500.00 -5222.80 
417500.00 7662500.00 -5320.83 
422500.00 7662500.00 -5163.59 
427500.00 7662500.00 -5215.02 
432500.00 7662500.00 -5247.01 
437500.00 7662500.00 -5252.81 
442500.00 7662500.00 -5458.77 
447500.00 7662500.00 -4775.87 
452500.00 7662500.00 -4645.34 
457500.00 7662500.00 -5777.56 
462500.00 7662500.00 -5343.00 
467500.00 7662500.00 -5023.23 
472500.00 7662500.00 -4234.36 
477500.00 7662500.00 -4572.04 
482500.00 7662500.00 -5922.85 
487500.00 7662500.00 -4353.42 
492500.00 7662500.00 -5231.85 
497500.00 7662500.00 -5065.12 
502500.00 7662500.00 -7113.14 
507500.00 7662500.00 -5119.38 
512500.00 7662500.00 -3756.66 
517500.00 7662500.00 -4768.16 
522500.00 7662500.00 -7367.32 
527500.00 7662500.00 -5876.31 
532500.00 7662500.00 -6963.34 
537500.00 7662500.00 -5453.25 
542500.00 7662500.00 -4581.47 
547500.00 7662500.00 -5027.28 
552500.00 7662500.00 -5069.71 
557500.00 7662500.00 -7097.89 
562500.00 7662500.00 -7825.67 
567500.00 7662500.00 -7512.08 
572500.00 7662500.00 -7267.97 
577500.00 7662500.00 -7428.69 
402500.00 7667500.00 -4376.00 
407500.00 7667500.00 -4598.69 
412500.00 7667500.00 -4976.96 
417500.00 7667500.00 -5226.27 
422500.00 7667500.00 -5356.10 
427500.00 7667500.00 -5236.72 
432500.00 7667500.00 -4748.25 
437500.00 7667500.00 -5156.26 
442500.00 7667500.00 -5527.23 
447500.00 7667500.00 -4892.42 
452500.00 7667500.00 -5086.18 
457500.00 7667500.00 -6215.12 
462500.00 7667500.00 -5662.64 
467500.00 7667500.00 -5540.71 
472500.00 7667500.00 -6307.64 
477500.00 7667500.00 -4763.15 
482500.00 7667500.00 -5962.25 
487500.00 7667500.00 -5352.94 
492500.00 7667500.00 -5399.23 
497500.00 7667500.00 -5538.64 
502500.00 7667500.00 -8213.62 
507500.00 7667500.00 -6091.98 
512500.00 7667500.00 -4067.61 
517500.00 7667500.00 -4659.74 
522500.00 7667500.00 -6400.40 
527500.00 7667500.00 -5489.49 
532500.00 7667500.00 -7726.44 
537500.00 7667500.00 -7489.92 
542500.00 7667500.00 -5456.80 
547500.00 7667500.00 -5471.15 
552500.00 7667500.00 -5530.87 
557500.00 7667500.00 -6678.74 
562500.00 7667500.00 -7536.30 
567500.00 7667500.00 -7363.33 
572500.00 7667500.00 -7035.48 
577500.00 7667500.00 -7059.65 
402500.00 7672500.00 -3831.06 
407500.00 7672500.00 -4012.14 
412500.00 7672500.00 -4640.11 
417500.00 7672500.00 -5216.07 
422500.00 7672500.00 -5275.33 
427500.00 7672500.00 -5251.16 
432500.00 7672500.00 -5282.89 
437500.00 7672500.00 -5473.55 
442500.00 7672500.00 -5486.49 
447500.00 7672500.00 -4790.24 
452500.00 7672500.00 -5349.38 
457500.00 7672500.00 -6032.12 
462500.00 7672500.00 -6022.61 
467500.00 7672500.00 -5106.41 
472500.00 7672500.00 -6300.77 
477500.00 7672500.00 -5664.69 
482500.00 7672500.00 -5889.78 
487500.00 7672500.00 -6736.44 
492500.00 7672500.00 -5290.67 
497500.00 7672500.00 -6455.20 
502500.00 7672500.00 -7355.47 
507500.00 7672500.00 -5306.21 
512500.00 7672500.00 -4355.77 
517500.00 7672500.00 -5174.42 
522500.00 7672500.00 -5651.33 
527500.00 7672500.00 -5513.04 
532500.00 7672500.00 -7648.55 
537500.00 7672500.00 -7773.43 
542500.00 7672500.00 -5550.90 
547500.00 7672500.00 -5132.73 
552500.00 7672500.00 -5959.76 
557500.00 7672500.00 -6366.23 
562500.00 7672500.00 -6795.88 
567500.00 7672500.00 -6696.03 
572500.00 7672500.00 -6741.48 
577500.00 7672500.00 -6880.25 
402500.00 7677500.00 -3656.80 
407500.00 7677500.00 -3847.22 
412500.00 7677500.00 -4340.33 
417500.00 7677500.00 -4988.36 
422500.00 7677500.00 -5236.68 
427500.00 7677500.00 -5266.68 
432500.00 7677500.00 -5215.38 
437500.00 7677500.00 -5266.68 
442500.00 7677500.00 -5441.29 
447500.00 7677500.00 -5338.72 
452500.00 7677500.00 -5804.46 
457500.00 7677500.00 -6077.39 
462500.00 7677500.00 -6041.76 
467500.00 7677500.00 -4900.58 
472500.00 7677500.00 -6236.83 
477500.00 7677500.00 -5873.38 
482500.00 7677500.00 -5162.09 
487500.00 7677500.00 -6741.15 
492500.00 7677500.00 -5128.39 
497500.00 7677500.00 -7291.06 
502500.00 7677500.00 -5654.41 
507500.00 7677500.00 -4437.93 
512500.00 7677500.00 -4204.24 
517500.00 7677500.00 -4586.08 
522500.00 7677500.00 -6473.98 
527500.00 7677500.00 -6604.32 
532500.00 7677500.00 -7937.11 
537500.00 7677500.00 -7919.42 
542500.00 7677500.00 -6277.68 
547500.00 7677500.00 -5415.13 
552500.00 7677500.00 -5723.20 
557500.00 7677500.00 -6600.92 
562500.00 7677500.00 -7181.06 
567500.00 7677500.00 -6971.47 
572500.00 7677500.00 -6761.08 
577500.00 7677500.00 -7333.52 
402500.00 7682500.00 -3489.66 
407500.00 7682500.00 -3710.35 
412500.00 7682500.00 -4066.29 
417500.00 7682500.00 -4578.88 
422500.00 7682500.00 -5018.77 
427500.00 7682500.00 -5126.36 
432500.00 7682500.00 -5120.69 
437500.00 7682500.00 -5137.38 
442500.00 7682500.00 -5500.39 
447500.00 7682500.00 -5838.53 
452500.00 7682500.00 -5515.78 
457500.00 7682500.00 -5353.51 
462500.00 7682500.00 -5849.22 
467500.00 7682500.00 -4910.72 
472500.00 7682500.00 -5725.82 
477500.00 7682500.00 -6002.37 
482500.00 7682500.00 -5020.46 
487500.00 7682500.00 -6525.93 
492500.00 7682500.00 -5300.18 
497500.00 7682500.00 -7126.69 
502500.00 7682500.00 -6495.24 
507500.00 7682500.00 -7442.54 
512500.00 7682500.00 -5652.58 
517500.00 7682500.00 -5792.15 
522500.00 7682500.00 -6481.11 
527500.00 7682500.00 -5595.94 
532500.00 7682500.00 -7606.62 
537500.00 7682500.00 -8110.57 
542500.00 7682500.00 -7162.39 
547500.00 7682500.00 -6349.89 
552500.00 7682500.00 -7458.57 
557500.00 7682500.00 -7200.61 
562500.00 7682500.00 -7107.49 
567500.00 7682500.00 -7022.63 
572500.00 7682500.00 -7187.47 
577500.00 7682500.00 -7590.51 
402500.00 7687500.00 -3316.87 
407500.00 7687500.00 -3532.53 
412500.00 7687500.00 -3881.52 
417500.00 7687500.00 -4270.12 
422500.00 7687500.00 -4839.36 
427500.00 7687500.00 -5053.04 
432500.00 7687500.00 -5151.43 
437500.00 7687500.00 -5224.66 
442500.00 7687500.00 -5365.68 
447500.00 7687500.00 -5391.20 
452500.00 7687500.00 -5496.39 
457500.00 7687500.00 -5470.92 
462500.00 7687500.00 -5477.35 
467500.00 7687500.00 -4817.00 
472500.00 7687500.00 -5826.98 
477500.00 7687500.00 -6005.80 
482500.00 7687500.00 -6132.09 
487500.00 7687500.00 -6383.64 
492500.00 7687500.00 -6390.63 
497500.00 7687500.00 -6090.78 
502500.00 7687500.00 -7699.98 
507500.00 7687500.00 -7485.17 
512500.00 7687500.00 -6355.64 
517500.00 7687500.00 -5334.60 
522500.00 7687500.00 -6555.70 
527500.00 7687500.00 -5803.96 
532500.00 7687500.00 -6768.16 
537500.00 7687500.00 -7995.08 
542500.00 7687500.00 -7599.12 
547500.00 7687500.00 -5829.13 
552500.00 7687500.00 -5156.66 
557500.00 7687500.00 -5249.93 
562500.00 7687500.00 -6641.59 
567500.00 7687500.00 -6992.64 
572500.00 7687500.00 -7599.04 
577500.00 7687500.00 -7663.39 
402500.00 7692500.00 -3007.85 
407500.00 7692500.00 -3280.31 
412500.00 7692500.00 -3568.67 
417500.00 7692500.00 -3807.70 
422500.00 7692500.00 -4680.21 
427500.00 7692500.00 -5020.71 
432500.00 7692500.00 -4987.40 
437500.00 7692500.00 -5065.30 
442500.00 7692500.00 -5364.99 
447500.00 7692500.00 -5247.50 
452500.00 7692500.00 -5135.05 
457500.00 7692500.00 -5370.91 
462500.00 7692500.00 -4998.09 
467500.00 7692500.00 -4785.22 
472500.00 7692500.00 -5179.20 
477500.00 7692500.00 -5440.66 
482500.00 7692500.00 -6500.37 
487500.00 7692500.00 -5472.48 
492500.00 7692500.00 -6174.81 
497500.00 7692500.00 -6133.10 
502500.00 7692500.00 -7517.56 
507500.00 7692500.00 -6115.13 
512500.00 7692500.00 -4900.77 
517500.00 7692500.00 -3914.07 
522500.00 7692500.00 -4976.75 
527500.00 7692500.00 -5335.31 
532500.00 7692500.00 -5384.32 
537500.00 7692500.00 -7406.97 
542500.00 7692500.00 -7752.43 
547500.00 7692500.00 -6345.68 
552500.00 7692500.00 -5904.33 
557500.00 7692500.00 -6281.58 
562500.00 7692500.00 -6654.66 
567500.00 7692500.00 -6905.93 
572500.00 7692500.00 -7472.33 
577500.00 7692500.00 -7912.56 
402500.00 7697500.00 -2664.61 
407500.00 7697500.00 -3065.07 
412500.00 7697500.00 -3392.31 
417500.00 7697500.00 -3650.50 
422500.00 7697500.00 -4253.57 
427500.00 7697500.00 -4802.04 
432500.00 7697500.00 -4888.35 
437500.00 7697500.00 -4999.33 
442500.00 7697500.00 -5256.82 
447500.00 7697500.00 -5442.76 
452500.00 7697500.00 -5315.03 
457500.00 7697500.00 -5384.70 
462500.00 7697500.00 -5644.32 
467500.00 7697500.00 -5476.74 
472500.00 7697500.00 -5635.33 
477500.00 7697500.00 -5277.81 
482500.00 7697500.00 -6208.58 
487500.00 7697500.00 -5160.89 
492500.00 7697500.00 -5893.96 
497500.00 7697500.00 -6343.99 
502500.00 7697500.00 -6942.51 
507500.00 7697500.00 -7499.91 
512500.00 7697500.00 -6622.57 
517500.00 7697500.00 -4768.39 
522500.00 7697500.00 -4101.71 
527500.00 7697500.00 -4552.32 
532500.00 7697500.00 -5165.74 
537500.00 7697500.00 -6887.97 
542500.00 7697500.00 -7636.12 
547500.00 7697500.00 -6459.00 
552500.00 7697500.00 -5567.14 
557500.00 7697500.00 -6590.35 
562500.00 7697500.00 -6597.72 
567500.00 7697500.00 -6829.29 
572500.00 7697500.00 -7598.60 
577500.00 7697500.00 -8022.55 
402500.00 7702500.00 -2392.22 
407500.00 7702500.00 -2903.97 
412500.00 7702500.00 -3301.34 
417500.00 7702500.00 -3524.75 
422500.00 7702500.00 -4015.09 
427500.00 7702500.00 -4739.22 
432500.00 7702500.00 -5065.55 
437500.00 7702500.00 -5107.42 
442500.00 7702500.00 -5221.68 
447500.00 7702500.00 -5353.00 
452500.00 7702500.00 -5523.68 
457500.00 7702500.00 -5612.18 
462500.00 7702500.00 -5643.06 
467500.00 7702500.00 -5780.28 
472500.00 7702500.00 -5858.36 
477500.00 7702500.00 -6000.65 
482500.00 7702500.00 -6481.90 
487500.00 7702500.00 -5721.70 
492500.00 7702500.00 -5880.46 
497500.00 7702500.00 -6806.15 
502500.00 7702500.00 -6558.56 
507500.00 7702500.00 -7209.31 
512500.00 7702500.00 -5939.44 
517500.00 7702500.00 -4627.62 
522500.00 7702500.00 -4118.42 
527500.00 7702500.00 -5081.44 
532500.00 7702500.00 -7050.03 
537500.00 7702500.00 -7119.38 
542500.00 7702500.00 -7814.70 
547500.00 7702500.00 -7222.05 
552500.00 7702500.00 -4440.27 
557500.00 7702500.00 -5116.38 
562500.00 7702500.00 -6474.04 
567500.00 7702500.00 -6894.51 
572500.00 7702500.00 -7537.54 
577500.00 7702500.00 -7856.01 
402500.00 7707500.00 -1972.83 
407500.00 7707500.00 -2878.17 
412500.00 7707500.00 -3246.98 
417500.00 7707500.00 -3484.26 
422500.00 7707500.00 -3939.82 
427500.00 7707500.00 -4541.08 
432500.00 7707500.00 -5058.57 
437500.00 7707500.00 -5209.77 
442500.00 7707500.00 -5332.75 
447500.00 7707500.00 -5356.56 
452500.00 7707500.00 -5425.00 
457500.00 7707500.00 -5460.01 
462500.00 7707500.00 -4709.83 
467500.00 7707500.00 -5539.42 
472500.00 7707500.00 -5875.69 
477500.00 7707500.00 -6332.51 
482500.00 7707500.00 -6608.02 
487500.00 7707500.00 -5783.47 
492500.00 7707500.00 -6345.08 
497500.00 7707500.00 -6830.19 
502500.00 7707500.00 -6448.67 
507500.00 7707500.00 -5179.48 
512500.00 7707500.00 -5539.66 
517500.00 7707500.00 -5697.81 
522500.00 7707500.00 -5023.76 
527500.00 7707500.00 -6017.97 
532500.00 7707500.00 -6335.99 
537500.00 7707500.00 -6633.04 
542500.00 7707500.00 -7772.57 
547500.00 7707500.00 -7171.04 
552500.00 7707500.00 -4620.21 
557500.00 7707500.00 -4703.58 
562500.00 7707500.00 -6351.53 
567500.00 7707500.00 -6922.69 
572500.00 7707500.00 -7198.17 
577500.00 7707500.00 -7396.16 
402500.00 7712500.00 -1875.74 
407500.00 7712500.00 -2683.36 
412500.00 7712500.00 -3101.62 
417500.00 7712500.00 -3364.96 
422500.00 7712500.00 -3740.38 
427500.00 7712500.00 -4191.72 
432500.00 7712500.00 -5073.43 
437500.00 7712500.00 -5412.58 
442500.00 7712500.00 -5592.58 
447500.00 7712500.00 -5452.61 
452500.00 7712500.00 -5370.63 
457500.00 7712500.00 -5541.41 
462500.00 7712500.00 -5125.77 
467500.00 7712500.00 -5742.32 
472500.00 7712500.00 -5950.98 
477500.00 7712500.00 -5129.99 
482500.00 7712500.00 -6298.10 
487500.00 7712500.00 -6066.66 
492500.00 7712500.00 -6488.04 
497500.00 7712500.00 -6124.53 
502500.00 7712500.00 -7144.82 
507500.00 7712500.00 -6816.69 
512500.00 7712500.00 -6216.13 
517500.00 7712500.00 -7066.48 
522500.00 7712500.00 -6542.75 
527500.00 7712500.00 -7286.84 
532500.00 7712500.00 -7277.63 
537500.00 7712500.00 -6131.18 
542500.00 7712500.00 -7744.92 
547500.00 7712500.00 -7309.79 
552500.00 7712500.00 -4655.93 
557500.00 7712500.00 -4141.43 
562500.00 7712500.00 -6929.05 
567500.00 7712500.00 -7140.16 
572500.00 7712500.00 -7057.86 
577500.00 7712500.00 -7231.35 
402500.00 7717500.00 -1787.73 
407500.00 7717500.00 -2406.90 
412500.00 7717500.00 -2918.28 
417500.00 7717500.00 -3179.80 
422500.00 7717500.00 -3622.08 
427500.00 7717500.00 -4135.48 
432500.00 7717500.00 -5053.14 
437500.00 7717500.00 -5307.28 
442500.00 7717500.00 -5442.92 
447500.00 7717500.00 -5475.65 
452500.00 7717500.00 -5440.35 
457500.00 7717500.00 -5424.94 
462500.00 7717500.00 -5513.60 
467500.00 7717500.00 -5455.86 
472500.00 7717500.00 -6047.61 
477500.00 7717500.00 -5128.41 
482500.00 7717500.00 -6070.31 
487500.00 7717500.00 -6609.23 
492500.00 7717500.00 -5865.54 
497500.00 7717500.00 -6777.48 
502500.00 7717500.00 -7083.39 
507500.00 7717500.00 -7512.37 
512500.00 7717500.00 -5857.34 
517500.00 7717500.00 -6963.56 
522500.00 7717500.00 -5910.30 
527500.00 7717500.00 -6958.18 
532500.00 7717500.00 -8279.14 
537500.00 7717500.00 -6846.17 
542500.00 7717500.00 -6352.33 
547500.00 7717500.00 -7163.00 
552500.00 7717500.00 -4903.96 
557500.00 7717500.00 -4132.77 
562500.00 7717500.00 -7199.01 
567500.00 7717500.00 -7319.74 
572500.00 7717500.00 -7147.61 
577500.00 7717500.00 -7263.55 
402500.00 7722500.00 -1602.96 
407500.00 7722500.00 -2181.28 
412500.00 7722500.00 -2655.40 
417500.00 7722500.00 -3165.07 
422500.00 7722500.00 -3680.06 
427500.00 7722500.00 -4117.07 
432500.00 7722500.00 -4967.54 
437500.00 7722500.00 -4975.11 
442500.00 7722500.00 -5355.35 
447500.00 7722500.00 -5370.23 
452500.00 7722500.00 -5499.77 
457500.00 7722500.00 -5183.41 
462500.00 7722500.00 -5748.26 
467500.00 7722500.00 -5709.98 
472500.00 7722500.00 -6374.93 
477500.00 7722500.00 -4815.36 
482500.00 7722500.00 -6566.80 
487500.00 7722500.00 -7214.00 
492500.00 7722500.00 -6281.70 
497500.00 7722500.00 -7471.08 
502500.00 7722500.00 -7788.22 
507500.00 7722500.00 -8094.92 
512500.00 7722500.00 -7190.38 
517500.00 7722500.00 -8295.57 
522500.00 7722500.00 -7907.13 
527500.00 7722500.00 -6419.64 
532500.00 7722500.00 -8056.84 
537500.00 7722500.00 -8021.93 
542500.00 7722500.00 -5637.68 
547500.00 7722500.00 -4730.87 
552500.00 7722500.00 -5744.62 
557500.00 7722500.00 -6126.55 
562500.00 7722500.00 -7366.82 
567500.00 7722500.00 -7156.24 
572500.00 7722500.00 -7075.49 
577500.00 7722500.00 -7429.59 
402500.00 7727500.00 -1541.33 
407500.00 7727500.00 -1985.40 
412500.00 7727500.00 -2516.84 
417500.00 7727500.00 -2976.91 
422500.00 7727500.00 -3424.33 
427500.00 7727500.00 -4042.97 
432500.00 7727500.00 -5022.43 
437500.00 7727500.00 -5033.11 
442500.00 7727500.00 -5363.17 
447500.00 7727500.00 -5548.06 
452500.00 7727500.00 -5438.98 
457500.00 7727500.00 -5312.55 
462500.00 7727500.00 -5759.72 
467500.00 7727500.00 -5990.59 
472500.00 7727500.00 -6479.54 
477500.00 7727500.00 -5266.21 
482500.00 7727500.00 -6718.89 
487500.00 7727500.00 -7308.21 
492500.00 7727500.00 -6691.82 
497500.00 7727500.00 -7208.46 
502500.00 7727500.00 -8183.50 
507500.00 7727500.00 -7541.76 
512500.00 7727500.00 -7553.09 
517500.00 7727500.00 -8407.90 
522500.00 7727500.00 -6678.92 
527500.00 7727500.00 -6152.15 
532500.00 7727500.00 -7752.43 
537500.00 7727500.00 -8047.84 
542500.00 7727500.00 -5667.67 
547500.00 7727500.00 -4671.36 
552500.00 7727500.00 -7258.01 
557500.00 7727500.00 -7553.01 
562500.00 7727500.00 -7309.84 
567500.00 7727500.00 -6979.32 
572500.00 7727500.00 -6993.14 
577500.00 7727500.00 -7543.94 
402500.00 7732500.00 -1497.13 
407500.00 7732500.00 -1750.61 
412500.00 7732500.00 -2287.78 
417500.00 7732500.00 -2720.20 
422500.00 7732500.00 -3209.51 
427500.00 7732500.00 -3829.48 
432500.00 7732500.00 -4861.70 
437500.00 7732500.00 -5441.22 
442500.00 7732500.00 -5535.04 
447500.00 7732500.00 -5619.30 
452500.00 7732500.00 -5565.46 
457500.00 7732500.00 -5497.50 
462500.00 7732500.00 -5591.75 
467500.00 7732500.00 -6096.20 
472500.00 7732500.00 -5939.07 
477500.00 7732500.00 -5600.84 
482500.00 7732500.00 -6702.86 
487500.00 7732500.00 -6115.48 
492500.00 7732500.00 -6858.70 
497500.00 7732500.00 -7075.12 
502500.00 7732500.00 -6495.09 
507500.00 7732500.00 -6588.23 
512500.00 7732500.00 -8114.89 
517500.00 7732500.00 -5146.18 
522500.00 7732500.00 -6998.79 
527500.00 7732500.00 -6286.17 
532500.00 7732500.00 -7254.50 
537500.00 7732500.00 -8122.66 
542500.00 7732500.00 -8466.38 
547500.00 7732500.00 -7912.90 
552500.00 7732500.00 -7713.44 
557500.00 7732500.00 -7649.16 
562500.00 7732500.00 -7554.04 
567500.00 7732500.00 -7039.18 
572500.00 7732500.00 -7320.33 
577500.00 7732500.00 -7697.85 
402500.00 7737500.00 -1441.45 
407500.00 7737500.00 -1594.58 
412500.00 7737500.00 -2195.94 
417500.00 7737500.00 -2713.72 
422500.00 7737500.00 -3155.90 
427500.00 7737500.00 -3572.44 
432500.00 7737500.00 -4734.32 
437500.00 7737500.00 -5686.20 
442500.00 7737500.00 -5578.19 
447500.00 7737500.00 -5704.11 
452500.00 7737500.00 -5598.65 
457500.00 7737500.00 -5495.67 
462500.00 7737500.00 -5621.37 
467500.00 7737500.00 -6100.79 
472500.00 7737500.00 -5971.25 
477500.00 7737500.00 -5951.60 
482500.00 7737500.00 -6775.39 
487500.00 7737500.00 -5795.05 
492500.00 7737500.00 -6605.37 
497500.00 7737500.00 -6833.18 
502500.00 7737500.00 -6134.62 
507500.00 7737500.00 -7596.48 
512500.00 7737500.00 -7546.07 
517500.00 7737500.00 -5072.37 
522500.00 7737500.00 -6920.17 
527500.00 7737500.00 -6766.21 
532500.00 7737500.00 -7229.26 
537500.00 7737500.00 -7858.86 
542500.00 7737500.00 -7863.50 
547500.00 7737500.00 -7861.91 
552500.00 7737500.00 -7418.71 
557500.00 7737500.00 -7564.71 
562500.00 7737500.00 -7898.59 
567500.00 7737500.00 -7747.89 
572500.00 7737500.00 -8126.49 
577500.00 7737500.00 -8130.16 
402500.00 7742500.00 -1527.38 
407500.00 7742500.00 -1584.43 
412500.00 7742500.00 -2070.46 
417500.00 7742500.00 -2658.04 
422500.00 7742500.00 -3173.51 
427500.00 7742500.00 -3567.51 
432500.00 7742500.00 -4251.89 
437500.00 7742500.00 -5189.30 
442500.00 7742500.00 -5736.75 
447500.00 7742500.00 -5987.22 
452500.00 7742500.00 -5572.51 
457500.00 7742500.00 -5580.97 
462500.00 7742500.00 -5977.88 
467500.00 7742500.00 -6179.97 
472500.00 7742500.00 -6285.74 
477500.00 7742500.00 -6477.68 
482500.00 7742500.00 -6847.61 
487500.00 7742500.00 -6087.29 
492500.00 7742500.00 -6321.03 
497500.00 7742500.00 -6603.74 
502500.00 7742500.00 -6722.50 
507500.00 7742500.00 -7428.70 
512500.00 7742500.00 -7460.74 
517500.00 7742500.00 -6887.75 
522500.00 7742500.00 -6533.19 
527500.00 7742500.00 -6546.47 
532500.00 7742500.00 -7520.68 
537500.00 7742500.00 -8113.96 
542500.00 7742500.00 -8265.21 
547500.00 7742500.00 -7955.28 
552500.00 7742500.00 -7479.60 
557500.00 7742500.00 -7345.58 
562500.00 7742500.00 -8010.68 
567500.00 7742500.00 -8504.80 
572500.00 7742500.00 -9209.50 
577500.00 7742500.00 -9292.78 
402500.00 7747500.00 -1582.28 
407500.00 7747500.00 -1629.78 
412500.00 7747500.00 -1873.04 
417500.00 7747500.00 -2498.76 
422500.00 7747500.00 -3155.33 
427500.00 7747500.00 -3640.73 
432500.00 7747500.00 -4379.70 
437500.00 7747500.00 -5140.61 
442500.00 7747500.00 -5834.33 
447500.00 7747500.00 -5938.66 
452500.00 7747500.00 -5698.68 
457500.00 7747500.00 -5712.26 
462500.00 7747500.00 -6051.02 
467500.00 7747500.00 -6190.91 
472500.00 7747500.00 -6565.29 
477500.00 7747500.00 -6351.94 
482500.00 7747500.00 -6778.98 
487500.00 7747500.00 -6351.30 
492500.00 7747500.00 -6000.94 
497500.00 7747500.00 -6345.47 
502500.00 7747500.00 -7003.10 
507500.00 7747500.00 -7479.19 
512500.00 7747500.00 -7803.00 
517500.00 7747500.00 -7294.67 
522500.00 7747500.00 -7931.51 
527500.00 7747500.00 -7085.65 
532500.00 7747500.00 -6364.10 
537500.00 7747500.00 -5943.40 
542500.00 7747500.00 -8406.60 
547500.00 7747500.00 -7346.59 
552500.00 7747500.00 -7503.55 
557500.00 7747500.00 -7274.16 
562500.00 7747500.00 -7822.87 
567500.00 7747500.00 -8239.39 
572500.00 7747500.00 -9414.70 
577500.00 7747500.00 -9517.12 
402500.00 7752500.00 -1496.60 
407500.00 7752500.00 -1553.38 
412500.00 7752500.00 -1725.55 
417500.00 7752500.00 -2462.68 
422500.00 7752500.00 -3015.78 
427500.00 7752500.00 -3649.67 
432500.00 7752500.00 -4542.12 
437500.00 7752500.00 -5226.55 
442500.00 7752500.00 -5879.48 
447500.00 7752500.00 -6002.89 
452500.00 7752500.00 -5892.37 
457500.00 7752500.00 -5737.34 
462500.00 7752500.00 -5884.15 
467500.00 7752500.00 -6111.00 
472500.00 7752500.00 -6593.76 
477500.00 7752500.00 -5464.28 
482500.00 7752500.00 -6859.83 
487500.00 7752500.00 -7048.64 
492500.00 7752500.00 -5518.04 
497500.00 7752500.00 -6115.70 
502500.00 7752500.00 -6597.57 
507500.00 7752500.00 -7458.98 
512500.00 7752500.00 -8004.75 
517500.00 7752500.00 -7974.90 
522500.00 7752500.00 -7864.04 
527500.00 7752500.00 -8228.55 
532500.00 7752500.00 -8061.86 
537500.00 7752500.00 -7019.35 
542500.00 7752500.00 -8150.96 
547500.00 7752500.00 -7805.25 
552500.00 7752500.00 -8542.68 
557500.00 7752500.00 -8053.28 
562500.00 7752500.00 -8202.53 
567500.00 7752500.00 -8632.72 
572500.00 7752500.00 -9365.41 
577500.00 7752500.00 -7737.62 
402500.00 7757500.00 -1378.03 
407500.00 7757500.00 -1542.57 
412500.00 7757500.00 -1644.13 
417500.00 7757500.00 -2216.10 
422500.00 7757500.00 -2918.00 
427500.00 7757500.00 -3628.30 
432500.00 7757500.00 -4529.42 
437500.00 7757500.00 -5096.45 
442500.00 7757500.00 -5570.48 
447500.00 7757500.00 -6133.04 
452500.00 7757500.00 -5960.97 
457500.00 7757500.00 -5824.59 
462500.00 7757500.00 -6054.58 
467500.00 7757500.00 -6248.18 
472500.00 7757500.00 -6480.66 
477500.00 7757500.00 -5991.07 
482500.00 7757500.00 -7006.01 
487500.00 7757500.00 -6997.15 
492500.00 7757500.00 -6461.91 
497500.00 7757500.00 -6748.72 
502500.00 7757500.00 -6167.48 
507500.00 7757500.00 -7161.04 
512500.00 7757500.00 -7025.85 
517500.00 7757500.00 -7368.41 
522500.00 7757500.00 -8027.03 
527500.00 7757500.00 -8402.91 
532500.00 7757500.00 -8191.00 
537500.00 7757500.00 -7681.09 
542500.00 7757500.00 -5054.82 
547500.00 7757500.00 -5611.30 
552500.00 7757500.00 -8728.04 
557500.00 7757500.00 -8009.57 
562500.00 7757500.00 -8516.11 
567500.00 7757500.00 -9114.48 
572500.00 7757500.00 -9114.10 
577500.00 7757500.00 -9252.04 
402500.00 7762500.00 -1266.52 
407500.00 7762500.00 -1385.31 
412500.00 7762500.00 -1627.58 
417500.00 7762500.00 -2417.85 
422500.00 7762500.00 -2960.47 
427500.00 7762500.00 -3603.80 
432500.00 7762500.00 -4493.98 
437500.00 7762500.00 -4928.80 
442500.00 7762500.00 -5306.51 
447500.00 7762500.00 -5805.38 
452500.00 7762500.00 -5931.52 
457500.00 7762500.00 -6087.25 
462500.00 7762500.00 -6288.15 
467500.00 7762500.00 -6279.97 
472500.00 7762500.00 -6591.16 
477500.00 7762500.00 -5887.51 
482500.00 7762500.00 -6822.67 
487500.00 7762500.00 -6921.10 
492500.00 7762500.00 -6952.20 
497500.00 7762500.00 -6981.41 
502500.00 7762500.00 -5952.95 
507500.00 7762500.00 -6526.67 
512500.00 7762500.00 -7259.76 
517500.00 7762500.00 -7548.00 
522500.00 7762500.00 -7740.41 
527500.00 7762500.00 -7879.66 
532500.00 7762500.00 -7496.65 
537500.00 7762500.00 -7427.00 
542500.00 7762500.00 -7877.69 
547500.00 7762500.00 -8144.48 
552500.00 7762500.00 -8728.18 
557500.00 7762500.00 -8061.06 
562500.00 7762500.00 -7999.98 
567500.00 7762500.00 -8567.33 
572500.00 7762500.00 -8958.10 
577500.00 7762500.00 -9157.87 
402500.00 7767500.00 -1300.17 
407500.00 7767500.00 -1434.89 
412500.00 7767500.00 -1609.10 
417500.00 7767500.00 -2433.83 
422500.00 7767500.00 -2972.07 
427500.00 7767500.00 -3514.53 
432500.00 7767500.00 -4482.86 
437500.00 7767500.00 -4920.08 
442500.00 7767500.00 -5341.09 
447500.00 7767500.00 -5706.22 
452500.00 7767500.00 -5970.98 
457500.00 7767500.00 -6316.27 
462500.00 7767500.00 -6228.15 
467500.00 7767500.00 -6332.27 
472500.00 7767500.00 -6480.23 
477500.00 7767500.00 -6074.48 
482500.00 7767500.00 -6656.53 
487500.00 7767500.00 -6705.77 
492500.00 7767500.00 -6610.56 
497500.00 7767500.00 -6632.54 
502500.00 7767500.00 -7563.88 
507500.00 7767500.00 -7374.76 
512500.00 7767500.00 -7164.21 
517500.00 7767500.00 -7150.71 
522500.00 7767500.00 -8051.02 
527500.00 7767500.00 -8053.90 
532500.00 7767500.00 -7723.57 
537500.00 7767500.00 -7631.19 
542500.00 7767500.00 -8433.60 
547500.00 7767500.00 -8493.82 
552500.00 7767500.00 -8372.79 
557500.00 7767500.00 -8397.01 
562500.00 7767500.00 -8160.33 
567500.00 7767500.00 -8762.77 
572500.00 7767500.00 -9241.46 
577500.00 7767500.00 -9406.42 
402500.00 7772500.00 -1237.88 
407500.00 7772500.00 -1470.49 
412500.00 7772500.00 -1785.99 
417500.00 7772500.00 -2487.64 
422500.00 7772500.00 -3183.48 
427500.00 7772500.00 -3569.12 
432500.00 7772500.00 -4300.71 
437500.00 7772500.00 -4891.38 
442500.00 7772500.00 -5199.82 
447500.00 7772500.00 -5516.47 
452500.00 7772500.00 -5953.52 
457500.00 7772500.00 -6205.23 
462500.00 7772500.00 -6157.32 
467500.00 7772500.00 -6371.49 
472500.00 7772500.00 -6389.61 
477500.00 7772500.00 -6705.05 
482500.00 7772500.00 -6437.06 
487500.00 7772500.00 -6251.72 
492500.00 7772500.00 -7416.19 
497500.00 7772500.00 -7632.27 
502500.00 7772500.00 -7816.61 
507500.00 7772500.00 -7791.45 
512500.00 7772500.00 -7812.31 
517500.00 7772500.00 -7118.92 
522500.00 7772500.00 -7570.53 
527500.00 7772500.00 -7577.27 
532500.00 7772500.00 -8029.86 
537500.00 7772500.00 -8438.05 
542500.00 7772500.00 -9235.85 
547500.00 7772500.00 -9262.80 
552500.00 7772500.00 -9699.44 
557500.00 7772500.00 -9300.01 
562500.00 7772500.00 -9219.51 
567500.00 7772500.00 -9211.04 
572500.00 7772500.00 -9135.38 
577500.00 7772500.00 -9355.96 
402500.00 7777500.00 -1216.88 
407500.00 7777500.00 -1486.70 
412500.00 7777500.00 -1890.64 
417500.00 7777500.00 -2400.52 
422500.00 7777500.00 -3223.06 
427500.00 7777500.00 -3652.52 
432500.00 7777500.00 -4270.17 
437500.00 7777500.00 -4643.74 
442500.00 7777500.00 -4997.93 
447500.00 7777500.00 -5369.13 
452500.00 7777500.00 -5916.50 
457500.00 7777500.00 -6280.59 
462500.00 7777500.00 -6207.76 
467500.00 7777500.00 -6072.98 
472500.00 7777500.00 -6467.43 
477500.00 7777500.00 -6701.78 
482500.00 7777500.00 -6368.35 
487500.00 7777500.00 -6245.49 
492500.00 7777500.00 -7598.39 
497500.00 7777500.00 -7901.69 
502500.00 7777500.00 -7474.95 
507500.00 7777500.00 -7684.25 
512500.00 7777500.00 -7939.67 
517500.00 7777500.00 -7497.75 
522500.00 7777500.00 -7993.25 
527500.00 7777500.00 -8006.75 
532500.00 7777500.00 -9109.75 
537500.00 7777500.00 -9902.91 
542500.00 7777500.00 -9144.86 
547500.00 7777500.00 -8807.72 
552500.00 7777500.00 -9542.04 
557500.00 7777500.00 -9374.22 
562500.00 7777500.00 -9681.14 
567500.00 7777500.00 -9867.17 
572500.00 7777500.00 -9217.99 
577500.00 7777500.00 -9071.45 
402500.00 7782500.00 -1295.11 
407500.00 7782500.00 -1574.08 
412500.00 7782500.00 -1988.91 
417500.00 7782500.00 -2438.57 
422500.00 7782500.00 -3279.03 
427500.00 7782500.00 -3809.62 
432500.00 7782500.00 -4341.77 
437500.00 7782500.00 -4490.56 
442500.00 7782500.00 -4682.70 
447500.00 7782500.00 -5099.43 
452500.00 7782500.00 -5713.23 
457500.00 7782500.00 -6158.78 
462500.00 7782500.00 -6219.12 
467500.00 7782500.00 -6077.23 
472500.00 7782500.00 -6549.85 
477500.00 7782500.00 -6417.04 
482500.00 7782500.00 -6020.62 
487500.00 7782500.00 -7489.46 
492500.00 7782500.00 -7930.02 
497500.00 7782500.00 -7738.74 
502500.00 7782500.00 -6671.01 
507500.00 7782500.00 -7754.65 
512500.00 7782500.00 -8140.88 
517500.00 7782500.00 -8140.22 
522500.00 7782500.00 -7749.77 
527500.00 7782500.00 -8292.39 
532500.00 7782500.00 -9895.38 
537500.00 7782500.00 -9495.10 
542500.00 7782500.00 -8084.01 
547500.00 7782500.00 -7551.71 
552500.00 7782500.00 -9457.43 
557500.00 7782500.00 -9582.46 
562500.00 7782500.00 -9370.18 
567500.00 7782500.00 -9551.70 
572500.00 7782500.00 -9441.34 
577500.00 7782500.00 -9313.30 
402500.00 7787500.00 -1429.47 
407500.00 7787500.00 -1653.22 
412500.00 7787500.00 -2113.16 
417500.00 7787500.00 -2408.62 
422500.00 7787500.00 -3106.25 
427500.00 7787500.00 -3752.08 
432500.00 7787500.00 -4314.06 
437500.00 7787500.00 -4613.88 
442500.00 7787500.00 -4638.52 
447500.00 7787500.00 -5004.17 
452500.00 7787500.00 -5847.26 
457500.00 7787500.00 -6293.59 
462500.00 7787500.00 -6407.88 
467500.00 7787500.00 -6197.79 
472500.00 7787500.00 -6693.94 
477500.00 7787500.00 -7052.81 
482500.00 7787500.00 -6684.89 
487500.00 7787500.00 -7426.42 
492500.00 7787500.00 -8291.46 
497500.00 7787500.00 -7310.93 
502500.00 7787500.00 -5726.81 
507500.00 7787500.00 -7879.52 
512500.00 7787500.00 -8269.64 
517500.00 7787500.00 -8424.33 
522500.00 7787500.00 -5921.75 
527500.00 7787500.00 -8104.73 
532500.00 7787500.00 -10326.95 
537500.00 7787500.00 -9027.79 
542500.00 7787500.00 -8404.87 
547500.00 7787500.00 -8231.78 
552500.00 7787500.00 -9096.64 
557500.00 7787500.00 -9289.08 
562500.00 7787500.00 -9206.68 
567500.00 7787500.00 -9186.02 
572500.00 7787500.00 -9367.05 
577500.00 7787500.00 -9387.34 
402500.00 7792500.00 -1510.96 
407500.00 7792500.00 -1652.17 
412500.00 7792500.00 -2046.37 
417500.00 7792500.00 -2415.01 
422500.00 7792500.00 -3040.08 
427500.00 7792500.00 -3634.05 
432500.00 7792500.00 -4288.27 
437500.00 7792500.00 -4713.69 
442500.00 7792500.00 -5003.60 
447500.00 7792500.00 -5048.39 
452500.00 7792500.00 -5668.35 
457500.00 7792500.00 -6070.44 
462500.00 7792500.00 -6180.80 
467500.00 7792500.00 -6505.14 
472500.00 7792500.00 -6445.45 
477500.00 7792500.00 -6699.76 
482500.00 7792500.00 -6977.06 
487500.00 7792500.00 -7253.12 
492500.00 7792500.00 -6879.46 
497500.00 7792500.00 -7363.37 
502500.00 7792500.00 -7966.50 
507500.00 7792500.00 -8224.73 
512500.00 7792500.00 -8370.90 
517500.00 7792500.00 -8271.81 
522500.00 7792500.00 -7345.54 
527500.00 7792500.00 -8382.34 
532500.00 7792500.00 -9169.81 
537500.00 7792500.00 -8768.67 
542500.00 7792500.00 -8896.26 
547500.00 7792500.00 -8927.16 
552500.00 7792500.00 -8993.19 
557500.00 7792500.00 -9065.22 
562500.00 7792500.00 -9275.76 
567500.00 7792500.00 -9217.20 
572500.00 7792500.00 -9307.94 
577500.00 7792500.00 -9356.75 
402500.00 7797500.00 -1450.56 
407500.00 7797500.00 -1555.19 
412500.00 7797500.00 -1994.74 
417500.00 7797500.00 -2422.05 
422500.00 7797500.00 -2847.99 
427500.00 7797500.00 -3290.03 
432500.00 7797500.00 -4471.22 
437500.00 7797500.00 -4945.85 
442500.00 7797500.00 -5229.07 
447500.00 7797500.00 -5248.85 
452500.00 7797500.00 -5676.76 
457500.00 7797500.00 -6039.82 
462500.00 7797500.00 -6318.16 
467500.00 7797500.00 -6608.77 
472500.00 7797500.00 -6314.02 
477500.00 7797500.00 -6872.25 
482500.00 7797500.00 -7238.88 
487500.00 7797500.00 -7620.71 
492500.00 7797500.00 -6495.34 
497500.00 7797500.00 -6718.72 
502500.00 7797500.00 -7480.87 
507500.00 7797500.00 -7508.02 
512500.00 7797500.00 -7991.94 
517500.00 7797500.00 -8040.20 
522500.00 7797500.00 -8088.41 
527500.00 7797500.00 -8202.93 
532500.00 7797500.00 -8564.90 
537500.00 7797500.00 -8695.97 
542500.00 7797500.00 -8781.60 
547500.00 7797500.00 -8843.22 
552500.00 7797500.00 -9041.82 
557500.00 7797500.00 -9088.36 
562500.00 7797500.00 -9196.09 
567500.00 7797500.00 -9154.05 
572500.00 7797500.00 -9263.87 
577500.00 7797500.00 -9314.44 
402500.00 7802500.00 -1388.22 
407500.00 7802500.00 -1467.00 
412500.00 7802500.00 -1919.85 
417500.00 7802500.00 -2371.53 
422500.00 7802500.00 -3060.19 
427500.00 7802500.00 -3480.11 
432500.00 7802500.00 -4354.51 
437500.00 7802500.00 -4970.44 
442500.00 7802500.00 -5307.76 
447500.00 7802500.00 -5574.89 
452500.00 7802500.00 -5826.79 
457500.00 7802500.00 -6012.12 
462500.00 7802500.00 -6447.98 
467500.00 7802500.00 -6586.81 
472500.00 7802500.00 -6799.89 
477500.00 7802500.00 -6287.96 
482500.00 7802500.00 -5774.65 
487500.00 7802500.00 -7087.37 
492500.00 7802500.00 -6474.06 
497500.00 7802500.00 -4768.60 
502500.00 7802500.00 -6653.09 
507500.00 7802500.00 -7024.11 
512500.00 7802500.00 -7506.61 
517500.00 7802500.00 -7856.84 
522500.00 7802500.00 -8129.10 
527500.00 7802500.00 -8224.21 
532500.00 7802500.00 -8385.59 
537500.00 7802500.00 -8438.71 
542500.00 7802500.00 -8646.23 
547500.00 7802500.00 -8772.06 
552500.00 7802500.00 -8942.60 
557500.00 7802500.00 -8937.35 
562500.00 7802500.00 -8966.49 
567500.00 7802500.00 -8849.69 
572500.00 7802500.00 -8925.50 
577500.00 7802500.00 -8936.92 
