# Petrel Points with attributes
# Unit in X and Y direction: m
# Unit in depth: m
VERSION 1
BEGIN HEADER
X
Y
Z
END HEADER
402500.00 7652500.00 -4495.76 
407500.00 7652500.00 -4980.99 
412500.00 7652500.00 -5153.39 
417500.00 7652500.00 -5080.39 
422500.00 7652500.00 -5142.39 
427500.00 7652500.00 -5051.56 
432500.00 7652500.00 -5066.21 
437500.00 7652500.00 -5652.73 
442500.00 7652500.00 -5362.33 
447500.00 7652500.00 -5687.23 
452500.00 7652500.00 -5687.37 
457500.00 7652500.00 -5598.77 
462500.00 7652500.00 -5794.01 
467500.00 7652500.00 -4412.76 
472500.00 7652500.00 -3340.93 
477500.00 7652500.00 -4319.16 
482500.00 7652500.00 -5247.92 
487500.00 7652500.00 -6231.72 
492500.00 7652500.00 -6226.77 
497500.00 7652500.00 -4754.29 
502500.00 7652500.00 -5517.70 
507500.00 7652500.00 -4260.24 
512500.00 7652500.00 -4396.99 
517500.00 7652500.00 -5887.86 
522500.00 7652500.00 -6851.40 
527500.00 7652500.00 -6800.33 
532500.00 7652500.00 -6990.94 
537500.00 7652500.00 -5632.72 
542500.00 7652500.00 -4435.92 
547500.00 7652500.00 -3943.96 
552500.00 7652500.00 -5606.07 
557500.00 7652500.00 -6934.06 
562500.00 7652500.00 -6869.00 
567500.00 7652500.00 -6617.81 
572500.00 7652500.00 -6462.46 
577500.00 7652500.00 -6300.14 
402500.00 7657500.00 -4481.35 
407500.00 7657500.00 -4758.78 
412500.00 7657500.00 -5381.57 
417500.00 7657500.00 -5274.42 
422500.00 7657500.00 -5081.02 
427500.00 7657500.00 -5023.07 
432500.00 7657500.00 -5148.85 
437500.00 7657500.00 -5321.08 
442500.00 7657500.00 -5398.81 
447500.00 7657500.00 -5631.43 
452500.00 7657500.00 -5065.02 
457500.00 7657500.00 -4890.90 
462500.00 7657500.00 -4911.62 
467500.00 7657500.00 -4803.84 
472500.00 7657500.00 -3359.05 
477500.00 7657500.00 -4245.87 
482500.00 7657500.00 -6451.00 
487500.00 7657500.00 -5406.36 
492500.00 7657500.00 -4433.72 
497500.00 7657500.00 -4167.10 
502500.00 7657500.00 -5107.24 
507500.00 7657500.00 -3899.44 
512500.00 7657500.00 -3657.98 
517500.00 7657500.00 -5417.10 
522500.00 7657500.00 -6889.21 
527500.00 7657500.00 -6747.67 
532500.00 7657500.00 -6115.26 
537500.00 7657500.00 -5861.41 
542500.00 7657500.00 -4726.84 
547500.00 7657500.00 -4559.03 
552500.00 7657500.00 -5850.63 
557500.00 7657500.00 -7248.12 
562500.00 7657500.00 -7271.47 
567500.00 7657500.00 -7062.99 
572500.00 7657500.00 -6851.12 
577500.00 7657500.00 -6823.16 
402500.00 7662500.00 -4583.78 
407500.00 7662500.00 -4580.05 
412500.00 7662500.00 -5161.61 
417500.00 7662500.00 -5250.59 
422500.00 7662500.00 -5076.24 
427500.00 7662500.00 -5112.00 
432500.00 7662500.00 -5143.42 
437500.00 7662500.00 -5152.62 
442500.00 7662500.00 -5354.73 
447500.00 7662500.00 -4675.35 
452500.00 7662500.00 -4547.20 
457500.00 7662500.00 -5671.61 
462500.00 7662500.00 -5205.18 
467500.00 7662500.00 -4898.68 
472500.00 7662500.00 -4152.74 
477500.00 7662500.00 -4499.19 
482500.00 7662500.00 -5831.38 
487500.00 7662500.00 -4250.26 
492500.00 7662500.00 -5138.96 
497500.00 7662500.00 -4964.79 
502500.00 7662500.00 -7011.17 
507500.00 7662500.00 -5024.62 
512500.00 7662500.00 -3666.25 
517500.00 7662500.00 -4657.07 
522500.00 7662500.00 -7296.11 
527500.00 7662500.00 -5822.20 
532500.00 7662500.00 -6910.44 
537500.00 7662500.00 -5379.79 
542500.00 7662500.00 -4483.65 
547500.00 7662500.00 -4919.76 
552500.00 7662500.00 -4963.02 
557500.00 7662500.00 -6999.99 
562500.00 7662500.00 -7731.06 
567500.00 7662500.00 -7420.60 
572500.00 7662500.00 -7179.30 
577500.00 7662500.00 -7341.12 
402500.00 7667500.00 -4312.59 
407500.00 7667500.00 -4534.08 
412500.00 7667500.00 -4911.36 
417500.00 7667500.00 -5157.59 
422500.00 7667500.00 -5275.01 
427500.00 7667500.00 -5141.13 
432500.00 7667500.00 -4651.25 
437500.00 7667500.00 -5058.26 
442500.00 7667500.00 -5423.43 
447500.00 7667500.00 -4796.13 
452500.00 7667500.00 -4991.53 
457500.00 7667500.00 -6113.85 
462500.00 7667500.00 -5539.43 
467500.00 7667500.00 -5417.50 
472500.00 7667500.00 -6215.00 
477500.00 7667500.00 -4682.79 
482500.00 7667500.00 -5877.53 
487500.00 7667500.00 -5261.53 
492500.00 7667500.00 -5309.71 
497500.00 7667500.00 -5438.56 
502500.00 7667500.00 -8113.49 
507500.00 7667500.00 -5998.98 
512500.00 7667500.00 -3970.17 
517500.00 7667500.00 -4562.42 
522500.00 7667500.00 -6338.15 
527500.00 7667500.00 -5435.23 
532500.00 7667500.00 -7673.50 
537500.00 7667500.00 -7420.60 
542500.00 7667500.00 -5365.84 
547500.00 7667500.00 -5366.64 
552500.00 7667500.00 -5426.34 
557500.00 7667500.00 -6579.73 
562500.00 7667500.00 -7440.73 
567500.00 7667500.00 -7270.50 
572500.00 7667500.00 -6945.24 
577500.00 7667500.00 -6970.93 
402500.00 7672500.00 -3754.22 
407500.00 7672500.00 -3937.66 
412500.00 7672500.00 -4572.22 
417500.00 7672500.00 -5151.34 
422500.00 7672500.00 -5203.12 
427500.00 7672500.00 -5169.96 
432500.00 7672500.00 -5199.02 
437500.00 7672500.00 -5381.24 
442500.00 7672500.00 -5389.02 
447500.00 7672500.00 -4702.14 
452500.00 7672500.00 -5257.75 
457500.00 7672500.00 -5927.59 
462500.00 7672500.00 -5901.72 
467500.00 7672500.00 -4984.84 
472500.00 7672500.00 -6200.49 
477500.00 7672500.00 -5571.87 
482500.00 7672500.00 -5804.33 
487500.00 7672500.00 -6652.95 
492500.00 7672500.00 -5203.22 
497500.00 7672500.00 -6357.13 
502500.00 7672500.00 -7267.72 
507500.00 7672500.00 -5223.83 
512500.00 7672500.00 -4251.49 
517500.00 7672500.00 -5087.56 
522500.00 7672500.00 -5594.42 
527500.00 7672500.00 -5462.19 
532500.00 7672500.00 -7598.88 
537500.00 7672500.00 -7708.21 
542500.00 7672500.00 -5463.01 
547500.00 7672500.00 -5026.90 
552500.00 7672500.00 -5856.86 
557500.00 7672500.00 -6265.93 
562500.00 7672500.00 -6698.32 
567500.00 7672500.00 -6600.90 
572500.00 7672500.00 -6649.45 
577500.00 7672500.00 -6789.82 
402500.00 7677500.00 -3572.39 
407500.00 7677500.00 -3768.24 
412500.00 7677500.00 -4274.95 
417500.00 7677500.00 -4928.51 
422500.00 7677500.00 -5168.82 
427500.00 7677500.00 -5189.01 
432500.00 7677500.00 -5131.86 
437500.00 7677500.00 -5179.18 
442500.00 7677500.00 -5351.49 
447500.00 7677500.00 -5247.32 
452500.00 7677500.00 -5705.75 
457500.00 7677500.00 -5968.28 
462500.00 7677500.00 -5924.58 
467500.00 7677500.00 -4808.19 
472500.00 7677500.00 -6135.91 
477500.00 7677500.00 -5765.57 
482500.00 7677500.00 -5067.07 
487500.00 7677500.00 -6660.26 
492500.00 7677500.00 -5042.73 
497500.00 7677500.00 -7200.08 
502500.00 7677500.00 -5586.68 
507500.00 7677500.00 -4357.57 
512500.00 7677500.00 -4085.83 
517500.00 7677500.00 -4502.31 
522500.00 7677500.00 -6421.68 
527500.00 7677500.00 -6556.61 
532500.00 7677500.00 -7890.83 
537500.00 7677500.00 -7861.08 
542500.00 7677500.00 -6196.23 
547500.00 7677500.00 -5310.16 
552500.00 7677500.00 -5618.78 
557500.00 7677500.00 -6500.68 
562500.00 7677500.00 -7083.70 
567500.00 7677500.00 -6876.17 
572500.00 7677500.00 -6668.16 
577500.00 7677500.00 -7242.41 
402500.00 7682500.00 -3413.10 
407500.00 7682500.00 -3637.42 
412500.00 7682500.00 -4001.02 
417500.00 7682500.00 -4516.11 
422500.00 7682500.00 -4951.62 
427500.00 7682500.00 -5052.90 
432500.00 7682500.00 -5039.42 
437500.00 7682500.00 -5050.92 
442500.00 7682500.00 -5414.88 
447500.00 7682500.00 -5753.55 
452500.00 7682500.00 -5418.07 
457500.00 7682500.00 -5244.30 
462500.00 7682500.00 -5742.88 
467500.00 7682500.00 -4820.08 
472500.00 7682500.00 -5599.68 
477500.00 7682500.00 -5857.52 
482500.00 7682500.00 -4890.76 
487500.00 7682500.00 -6427.10 
492500.00 7682500.00 -5199.96 
497500.00 7682500.00 -7027.57 
502500.00 7682500.00 -6415.06 
507500.00 7682500.00 -7343.77 
512500.00 7682500.00 -5541.59 
517500.00 7682500.00 -5721.40 
522500.00 7682500.00 -6434.83 
527500.00 7682500.00 -5546.68 
532500.00 7682500.00 -7560.48 
537500.00 7682500.00 -8053.96 
542500.00 7682500.00 -7085.23 
547500.00 7682500.00 -6249.60 
552500.00 7682500.00 -7357.98 
557500.00 7682500.00 -7100.94 
562500.00 7682500.00 -7009.47 
567500.00 7682500.00 -6926.73 
572500.00 7682500.00 -7094.50 
577500.00 7682500.00 -7499.65 
402500.00 7687500.00 -3245.69 
407500.00 7687500.00 -3459.55 
412500.00 7687500.00 -3810.87 
417500.00 7687500.00 -4200.67 
422500.00 7687500.00 -4772.66 
427500.00 7687500.00 -4982.68 
432500.00 7687500.00 -5070.97 
437500.00 7687500.00 -5135.74 
442500.00 7687500.00 -5283.66 
447500.00 7687500.00 -5314.29 
452500.00 7687500.00 -5408.20 
457500.00 7687500.00 -5369.02 
462500.00 7687500.00 -5389.37 
467500.00 7687500.00 -4716.38 
472500.00 7687500.00 -5672.10 
477500.00 7687500.00 -5831.57 
482500.00 7687500.00 -5973.40 
487500.00 7687500.00 -6263.13 
492500.00 7687500.00 -6277.32 
497500.00 7687500.00 -5959.22 
502500.00 7687500.00 -7546.74 
507500.00 7687500.00 -7332.87 
512500.00 7687500.00 -6257.65 
517500.00 7687500.00 -5268.01 
522500.00 7687500.00 -6500.89 
527500.00 7687500.00 -5753.53 
532500.00 7687500.00 -6721.44 
537500.00 7687500.00 -7937.80 
542500.00 7687500.00 -7525.09 
547500.00 7687500.00 -5729.89 
552500.00 7687500.00 -5049.34 
557500.00 7687500.00 -5143.21 
562500.00 7687500.00 -6542.21 
567500.00 7687500.00 -6896.11 
572500.00 7687500.00 -7505.69 
577500.00 7687500.00 -7571.41 
402500.00 7692500.00 -2930.36 
407500.00 7692500.00 -3199.08 
412500.00 7692500.00 -3485.40 
417500.00 7692500.00 -3728.89 
422500.00 7692500.00 -4611.44 
427500.00 7692500.00 -4951.74 
432500.00 7692500.00 -4905.51 
437500.00 7692500.00 -4970.95 
442500.00 7692500.00 -5276.92 
447500.00 7692500.00 -5172.02 
452500.00 7692500.00 -5054.92 
457500.00 7692500.00 -5279.43 
462500.00 7692500.00 -4909.28 
467500.00 7692500.00 -4695.27 
472500.00 7692500.00 -5033.18 
477500.00 7692500.00 -5277.33 
482500.00 7692500.00 -6355.59 
487500.00 7692500.00 -5368.43 
492500.00 7692500.00 -6075.55 
497500.00 7692500.00 -6007.20 
502500.00 7692500.00 -7360.92 
507500.00 7692500.00 -5963.85 
512500.00 7692500.00 -4809.94 
517500.00 7692500.00 -3846.16 
522500.00 7692500.00 -4908.80 
527500.00 7692500.00 -5283.38 
532500.00 7692500.00 -5336.34 
537500.00 7692500.00 -7349.95 
542500.00 7692500.00 -7681.89 
547500.00 7692500.00 -6253.74 
552500.00 7692500.00 -5801.52 
557500.00 7692500.00 -6179.39 
562500.00 7692500.00 -6554.94 
567500.00 7692500.00 -6808.66 
572500.00 7692500.00 -7378.15 
577500.00 7692500.00 -7819.52 
402500.00 7697500.00 -2572.87 
407500.00 7697500.00 -2980.45 
412500.00 7697500.00 -3311.76 
417500.00 7697500.00 -3569.68 
422500.00 7697500.00 -4175.96 
427500.00 7697500.00 -4727.76 
432500.00 7697500.00 -4808.71 
437500.00 7697500.00 -4908.57 
442500.00 7697500.00 -5168.67 
447500.00 7697500.00 -5366.38 
452500.00 7697500.00 -5235.62 
457500.00 7697500.00 -5284.91 
462500.00 7697500.00 -5539.61 
467500.00 7697500.00 -5366.87 
472500.00 7697500.00 -5500.47 
477500.00 7697500.00 -5126.83 
482500.00 7697500.00 -6077.47 
487500.00 7697500.00 -5072.06 
492500.00 7697500.00 -5817.14 
497500.00 7697500.00 -6268.88 
502500.00 7697500.00 -6859.63 
507500.00 7697500.00 -7407.30 
512500.00 7697500.00 -6549.80 
517500.00 7697500.00 -4707.24 
522500.00 7697500.00 -4035.96 
527500.00 7697500.00 -4498.73 
532500.00 7697500.00 -5116.26 
537500.00 7697500.00 -6835.96 
542500.00 7697500.00 -7570.43 
547500.00 7697500.00 -6381.26 
552500.00 7697500.00 -5470.25 
557500.00 7697500.00 -6489.19 
562500.00 7697500.00 -6497.68 
567500.00 7697500.00 -6731.39 
572500.00 7697500.00 -7503.86 
577500.00 7697500.00 -7929.23 
402500.00 7702500.00 -2301.40 
407500.00 7702500.00 -2823.84 
412500.00 7702500.00 -3232.04 
417500.00 7702500.00 -3453.82 
422500.00 7702500.00 -3944.32 
427500.00 7702500.00 -4673.14 
432500.00 7702500.00 -4999.03 
437500.00 7702500.00 -5033.21 
442500.00 7702500.00 -5142.32 
447500.00 7702500.00 -5271.28 
452500.00 7702500.00 -5434.52 
457500.00 7702500.00 -5496.03 
462500.00 7702500.00 -5509.20 
467500.00 7702500.00 -5670.47 
472500.00 7702500.00 -5735.45 
477500.00 7702500.00 -5864.08 
482500.00 7702500.00 -6358.53 
487500.00 7702500.00 -5624.54 
492500.00 7702500.00 -5800.01 
497500.00 7702500.00 -6749.52 
502500.00 7702500.00 -6513.17 
507500.00 7702500.00 -7155.20 
512500.00 7702500.00 -5864.58 
517500.00 7702500.00 -4562.53 
522500.00 7702500.00 -4059.71 
527500.00 7702500.00 -5041.90 
532500.00 7702500.00 -6998.36 
537500.00 7702500.00 -7071.67 
542500.00 7702500.00 -7760.08 
547500.00 7702500.00 -7160.52 
552500.00 7702500.00 -4359.68 
557500.00 7702500.00 -5012.73 
562500.00 7702500.00 -6374.45 
567500.00 7702500.00 -6796.25 
572500.00 7702500.00 -7442.08 
577500.00 7702500.00 -7761.61 
402500.00 7707500.00 -1905.05 
407500.00 7707500.00 -2810.63 
412500.00 7707500.00 -3185.65 
417500.00 7707500.00 -3420.28 
422500.00 7707500.00 -3875.60 
427500.00 7707500.00 -4482.91 
432500.00 7707500.00 -5003.21 
437500.00 7707500.00 -5151.33 
442500.00 7707500.00 -5266.96 
447500.00 7707500.00 -5275.35 
452500.00 7707500.00 -5333.84 
457500.00 7707500.00 -5346.58 
462500.00 7707500.00 -4578.37 
467500.00 7707500.00 -5424.35 
472500.00 7707500.00 -5759.29 
477500.00 7707500.00 -6220.07 
482500.00 7707500.00 -6494.95 
487500.00 7707500.00 -5677.41 
492500.00 7707500.00 -6268.81 
497500.00 7707500.00 -6774.28 
502500.00 7707500.00 -6413.47 
507500.00 7707500.00 -5143.56 
512500.00 7707500.00 -5485.58 
517500.00 7707500.00 -5631.49 
522500.00 7707500.00 -4958.04 
527500.00 7707500.00 -5952.93 
532500.00 7707500.00 -6283.78 
537500.00 7707500.00 -6583.12 
542500.00 7707500.00 -7726.39 
547500.00 7707500.00 -7121.82 
552500.00 7707500.00 -4555.77 
557500.00 7707500.00 -4605.59 
562500.00 7707500.00 -6250.75 
567500.00 7707500.00 -6824.08 
572500.00 7707500.00 -7101.89 
577500.00 7707500.00 -7301.26 
402500.00 7712500.00 -1818.36 
407500.00 7712500.00 -2623.07 
412500.00 7712500.00 -3040.47 
417500.00 7712500.00 -3304.21 
422500.00 7712500.00 -3680.19 
427500.00 7712500.00 -4136.61 
432500.00 7712500.00 -5024.44 
437500.00 7712500.00 -5360.99 
442500.00 7712500.00 -5529.04 
447500.00 7712500.00 -5374.56 
452500.00 7712500.00 -5284.22 
457500.00 7712500.00 -5445.42 
462500.00 7712500.00 -5016.57 
467500.00 7712500.00 -5618.07 
472500.00 7712500.00 -5851.02 
477500.00 7712500.00 -5039.88 
482500.00 7712500.00 -6200.95 
487500.00 7712500.00 -5971.91 
492500.00 7712500.00 -6408.52 
497500.00 7712500.00 -6062.74 
502500.00 7712500.00 -7110.37 
507500.00 7712500.00 -6796.78 
512500.00 7712500.00 -6186.83 
517500.00 7712500.00 -7005.63 
522500.00 7712500.00 -6465.34 
527500.00 7712500.00 -7186.79 
532500.00 7712500.00 -7189.59 
537500.00 7712500.00 -6079.81 
542500.00 7712500.00 -7699.58 
547500.00 7712500.00 -7263.94 
552500.00 7712500.00 -4595.74 
557500.00 7712500.00 -4045.90 
562500.00 7712500.00 -6828.95 
567500.00 7712500.00 -7041.51 
572500.00 7712500.00 -6961.12 
577500.00 7712500.00 -7134.87 
402500.00 7717500.00 -1725.03 
407500.00 7717500.00 -2341.36 
412500.00 7717500.00 -2852.87 
417500.00 7717500.00 -3114.85 
422500.00 7717500.00 -3559.29 
427500.00 7717500.00 -4078.02 
432500.00 7717500.00 -5001.31 
437500.00 7717500.00 -5252.22 
442500.00 7717500.00 -5378.04 
447500.00 7717500.00 -5398.17 
452500.00 7717500.00 -5355.27 
457500.00 7717500.00 -5329.44 
462500.00 7717500.00 -5391.21 
467500.00 7717500.00 -5343.36 
472500.00 7717500.00 -5953.70 
477500.00 7717500.00 -5049.29 
482500.00 7717500.00 -5978.02 
487500.00 7717500.00 -6520.92 
492500.00 7717500.00 -5771.70 
497500.00 7717500.00 -6702.67 
502500.00 7717500.00 -7038.69 
507500.00 7717500.00 -7500.30 
512500.00 7717500.00 -5838.23 
517500.00 7717500.00 -6911.51 
522500.00 7717500.00 -5831.28 
527500.00 7717500.00 -6877.91 
532500.00 7717500.00 -8193.32 
537500.00 7717500.00 -6795.64 
542500.00 7717500.00 -6306.53 
547500.00 7717500.00 -7117.63 
552500.00 7717500.00 -4845.84 
557500.00 7717500.00 -4041.02 
562500.00 7717500.00 -7098.75 
567500.00 7717500.00 -7221.14 
572500.00 7717500.00 -7050.98 
577500.00 7717500.00 -7168.21 
402500.00 7722500.00 -1534.16 
407500.00 7722500.00 -2111.93 
412500.00 7722500.00 -2583.59 
417500.00 7722500.00 -3090.70 
422500.00 7722500.00 -3608.53 
427500.00 7722500.00 -4049.48 
432500.00 7722500.00 -4905.27 
437500.00 7722500.00 -4915.23 
442500.00 7722500.00 -5293.21 
447500.00 7722500.00 -5298.49 
452500.00 7722500.00 -5418.62 
457500.00 7722500.00 -5085.61 
462500.00 7722500.00 -5607.04 
467500.00 7722500.00 -5583.81 
472500.00 7722500.00 -6277.05 
477500.00 7722500.00 -4730.61 
482500.00 7722500.00 -6473.81 
487500.00 7722500.00 -7126.54 
492500.00 7722500.00 -6181.43 
497500.00 7722500.00 -7393.04 
502500.00 7722500.00 -7741.70 
507500.00 7722500.00 -8070.80 
512500.00 7722500.00 -7170.58 
517500.00 7722500.00 -8261.38 
522500.00 7722500.00 -7842.78 
527500.00 7722500.00 -6340.27 
532500.00 7722500.00 -7982.00 
537500.00 7722500.00 -7973.07 
542500.00 7722500.00 -5589.99 
547500.00 7722500.00 -4681.39 
552500.00 7722500.00 -5687.85 
557500.00 7722500.00 -6038.78 
562500.00 7722500.00 -7266.46 
567500.00 7722500.00 -7057.57 
572500.00 7722500.00 -6978.95 
577500.00 7722500.00 -7333.68 
402500.00 7727500.00 -1436.14 
407500.00 7727500.00 -1902.88 
412500.00 7727500.00 -2435.36 
417500.00 7727500.00 -2888.59 
422500.00 7727500.00 -3342.79 
427500.00 7727500.00 -3967.02 
432500.00 7727500.00 -4949.56 
437500.00 7727500.00 -4962.57 
442500.00 7727500.00 -5298.70 
447500.00 7727500.00 -5478.69 
452500.00 7727500.00 -5356.94 
457500.00 7727500.00 -5209.95 
462500.00 7727500.00 -5629.08 
467500.00 7727500.00 -5849.08 
472500.00 7727500.00 -6368.95 
477500.00 7727500.00 -5163.65 
482500.00 7727500.00 -6612.92 
487500.00 7727500.00 -7210.58 
492500.00 7727500.00 -6590.25 
497500.00 7727500.00 -7136.13 
502500.00 7727500.00 -8140.32 
507500.00 7727500.00 -7503.93 
512500.00 7727500.00 -7522.83 
517500.00 7727500.00 -8381.42 
522500.00 7727500.00 -6616.67 
527500.00 7727500.00 -6095.68 
532500.00 7727500.00 -7711.60 
537500.00 7727500.00 -8000.41 
542500.00 7727500.00 -5616.46 
547500.00 7727500.00 -4617.07 
552500.00 7727500.00 -7199.31 
557500.00 7727500.00 -7462.18 
562500.00 7727500.00 -7209.91 
567500.00 7727500.00 -6880.84 
572500.00 7727500.00 -6897.09 
577500.00 7727500.00 -7449.93 
402500.00 7732500.00 -1347.14 
407500.00 7732500.00 -1652.54 
412500.00 7732500.00 -2202.05 
417500.00 7732500.00 -2627.60 
422500.00 7732500.00 -3126.29 
427500.00 7732500.00 -3753.11 
432500.00 7732500.00 -4787.08 
437500.00 7732500.00 -5369.04 
442500.00 7732500.00 -5465.75 
447500.00 7732500.00 -5549.61 
452500.00 7732500.00 -5477.04 
457500.00 7732500.00 -5383.27 
462500.00 7732500.00 -5454.68 
467500.00 7732500.00 -5961.29 
472500.00 7732500.00 -5822.84 
477500.00 7732500.00 -5477.84 
482500.00 7732500.00 -6579.25 
487500.00 7732500.00 -5994.60 
492500.00 7732500.00 -6746.83 
497500.00 7732500.00 -7010.57 
502500.00 7732500.00 -6458.45 
507500.00 7732500.00 -6545.38 
512500.00 7732500.00 -8078.08 
517500.00 7732500.00 -5113.34 
522500.00 7732500.00 -6933.91 
527500.00 7732500.00 -6249.90 
532500.00 7732500.00 -7206.81 
537500.00 7732500.00 -8075.56 
542500.00 7732500.00 -8415.95 
547500.00 7732500.00 -7860.92 
552500.00 7732500.00 -7652.54 
557500.00 7732500.00 -7556.32 
562500.00 7732500.00 -7454.94 
567500.00 7732500.00 -6941.54 
572500.00 7732500.00 -7225.92 
577500.00 7732500.00 -7605.42 
402500.00 7737500.00 -1327.56 
407500.00 7737500.00 -1517.15 
412500.00 7737500.00 -2124.09 
417500.00 7737500.00 -2631.92 
422500.00 7737500.00 -3077.13 
427500.00 7737500.00 -3495.91 
432500.00 7737500.00 -4661.10 
437500.00 7737500.00 -5613.15 
442500.00 7737500.00 -5503.70 
447500.00 7737500.00 -5628.38 
452500.00 7737500.00 -5513.70 
457500.00 7737500.00 -5380.66 
462500.00 7737500.00 -5475.36 
467500.00 7737500.00 -5974.33 
472500.00 7737500.00 -5852.95 
477500.00 7737500.00 -5823.07 
482500.00 7737500.00 -6649.27 
487500.00 7737500.00 -5678.77 
492500.00 7737500.00 -6512.92 
497500.00 7737500.00 -6773.37 
502500.00 7737500.00 -6099.25 
507500.00 7737500.00 -7555.83 
512500.00 7737500.00 -7502.16 
517500.00 7737500.00 -5021.95 
522500.00 7737500.00 -6844.46 
527500.00 7737500.00 -6712.93 
532500.00 7737500.00 -7183.63 
537500.00 7737500.00 -7812.31 
542500.00 7737500.00 -7816.64 
547500.00 7737500.00 -7813.11 
552500.00 7737500.00 -7358.41 
557500.00 7737500.00 -7471.67 
562500.00 7737500.00 -7800.40 
567500.00 7737500.00 -7652.25 
572500.00 7737500.00 -8035.35 
577500.00 7737500.00 -8042.13 
402500.00 7742500.00 -1466.62 
407500.00 7742500.00 -1529.22 
412500.00 7742500.00 -2012.50 
417500.00 7742500.00 -2587.09 
422500.00 7742500.00 -3097.77 
427500.00 7742500.00 -3486.17 
432500.00 7742500.00 -4169.73 
437500.00 7742500.00 -5111.95 
442500.00 7742500.00 -5661.01 
447500.00 7742500.00 -5913.95 
452500.00 7742500.00 -5497.79 
457500.00 7742500.00 -5476.94 
462500.00 7742500.00 -5846.50 
467500.00 7742500.00 -6058.60 
472500.00 7742500.00 -6177.61 
477500.00 7742500.00 -6356.27 
482500.00 7742500.00 -6732.57 
487500.00 7742500.00 -6002.80 
492500.00 7742500.00 -6254.87 
497500.00 7742500.00 -6544.34 
502500.00 7742500.00 -6671.83 
507500.00 7742500.00 -7381.97 
512500.00 7742500.00 -7415.33 
517500.00 7742500.00 -6832.20 
522500.00 7742500.00 -6449.30 
527500.00 7742500.00 -6477.26 
532500.00 7742500.00 -7474.90 
537500.00 7742500.00 -8067.29 
542500.00 7742500.00 -8220.31 
547500.00 7742500.00 -7908.26 
552500.00 7742500.00 -7418.63 
557500.00 7742500.00 -7250.94 
562500.00 7742500.00 -7913.62 
567500.00 7742500.00 -8412.39 
572500.00 7742500.00 -9124.88 
577500.00 7742500.00 -9213.87 
402500.00 7747500.00 -1533.74 
407500.00 7747500.00 -1579.53 
412500.00 7747500.00 -1818.01 
417500.00 7747500.00 -2431.45 
422500.00 7747500.00 -3079.65 
427500.00 7747500.00 -3556.58 
432500.00 7747500.00 -4297.56 
437500.00 7747500.00 -5066.80 
442500.00 7747500.00 -5760.76 
447500.00 7747500.00 -5860.14 
452500.00 7747500.00 -5620.37 
457500.00 7747500.00 -5631.92 
462500.00 7747500.00 -5969.19 
467500.00 7747500.00 -6099.30 
472500.00 7747500.00 -6476.08 
477500.00 7747500.00 -6252.34 
482500.00 7747500.00 -6680.26 
487500.00 7747500.00 -6274.63 
492500.00 7747500.00 -5951.07 
497500.00 7747500.00 -6285.23 
502500.00 7747500.00 -6945.17 
507500.00 7747500.00 -7440.83 
512500.00 7747500.00 -7772.59 
517500.00 7747500.00 -7248.60 
522500.00 7747500.00 -7849.94 
527500.00 7747500.00 -7009.75 
532500.00 7747500.00 -6319.16 
537500.00 7747500.00 -5896.42 
542500.00 7747500.00 -8358.85 
547500.00 7747500.00 -7292.51 
552500.00 7747500.00 -7435.57 
557500.00 7747500.00 -7175.73 
562500.00 7747500.00 -7727.46 
567500.00 7747500.00 -8152.02 
572500.00 7747500.00 -9340.68 
577500.00 7747500.00 -9452.80 
402500.00 7752500.00 -1443.98 
407500.00 7752500.00 -1500.31 
412500.00 7752500.00 -1666.97 
417500.00 7752500.00 -2391.09 
422500.00 7752500.00 -2934.01 
427500.00 7752500.00 -3566.34 
432500.00 7752500.00 -4467.51 
437500.00 7752500.00 -5163.62 
442500.00 7752500.00 -5817.34 
447500.00 7752500.00 -5932.06 
452500.00 7752500.00 -5817.89 
457500.00 7752500.00 -5666.25 
462500.00 7752500.00 -5808.45 
467500.00 7752500.00 -6030.10 
472500.00 7752500.00 -6524.77 
477500.00 7752500.00 -5388.53 
482500.00 7752500.00 -6772.27 
487500.00 7752500.00 -6978.21 
492500.00 7752500.00 -5472.32 
497500.00 7752500.00 -6059.11 
502500.00 7752500.00 -6548.55 
507500.00 7752500.00 -7433.53 
512500.00 7752500.00 -7976.77 
517500.00 7752500.00 -7917.26 
522500.00 7752500.00 -7768.55 
527500.00 7752500.00 -8156.74 
532500.00 7752500.00 -8013.61 
537500.00 7752500.00 -6972.48 
542500.00 7752500.00 -8092.42 
547500.00 7752500.00 -7738.49 
552500.00 7752500.00 -8457.52 
557500.00 7752500.00 -7955.09 
562500.00 7752500.00 -8110.11 
567500.00 7752500.00 -8553.74 
572500.00 7752500.00 -9304.23 
577500.00 7752500.00 -7672.59 
402500.00 7757500.00 -1318.07 
407500.00 7757500.00 -1486.08 
412500.00 7757500.00 -1583.29 
417500.00 7757500.00 -2139.73 
422500.00 7757500.00 -2828.79 
427500.00 7757500.00 -3540.76 
432500.00 7757500.00 -4455.16 
437500.00 7757500.00 -5036.58 
442500.00 7757500.00 -5513.73 
447500.00 7757500.00 -6072.14 
452500.00 7757500.00 -5895.22 
457500.00 7757500.00 -5758.16 
462500.00 7757500.00 -5977.54 
467500.00 7757500.00 -6173.66 
472500.00 7757500.00 -6419.09 
477500.00 7757500.00 -5927.36 
482500.00 7757500.00 -6921.58 
487500.00 7757500.00 -6929.30 
492500.00 7757500.00 -6407.10 
497500.00 7757500.00 -6685.96 
502500.00 7757500.00 -6110.57 
507500.00 7757500.00 -7120.42 
512500.00 7757500.00 -6970.39 
517500.00 7757500.00 -7278.11 
522500.00 7757500.00 -7939.18 
527500.00 7757500.00 -8358.86 
532500.00 7757500.00 -8143.02 
537500.00 7757500.00 -7632.31 
542500.00 7757500.00 -4988.52 
547500.00 7757500.00 -5535.17 
552500.00 7757500.00 -8638.41 
557500.00 7757500.00 -7913.03 
562500.00 7757500.00 -8426.69 
567500.00 7757500.00 -9043.94 
572500.00 7757500.00 -9059.68 
577500.00 7757500.00 -9131.85 
402500.00 7762500.00 -1198.16 
407500.00 7762500.00 -1325.10 
412500.00 7762500.00 -1568.59 
417500.00 7762500.00 -2349.33 
422500.00 7762500.00 -2876.33 
427500.00 7762500.00 -3516.31 
432500.00 7762500.00 -4416.67 
437500.00 7762500.00 -4864.41 
442500.00 7762500.00 -5247.36 
447500.00 7762500.00 -5745.18 
452500.00 7762500.00 -5867.52 
457500.00 7762500.00 -6020.97 
462500.00 7762500.00 -6212.44 
467500.00 7762500.00 -6205.15 
472500.00 7762500.00 -6528.29 
477500.00 7762500.00 -5815.36 
482500.00 7762500.00 -6738.92 
487500.00 7762500.00 -6850.16 
492500.00 7762500.00 -6883.50 
497500.00 7762500.00 -6904.56 
502500.00 7762500.00 -5875.15 
507500.00 7762500.00 -6450.66 
512500.00 7762500.00 -7182.21 
517500.00 7762500.00 -7478.00 
522500.00 7762500.00 -7697.22 
527500.00 7762500.00 -7829.17 
532500.00 7762500.00 -7451.13 
537500.00 7762500.00 -7379.09 
542500.00 7762500.00 -7814.30 
547500.00 7762500.00 -8066.88 
552500.00 7762500.00 -8637.08 
557500.00 7762500.00 -7965.62 
562500.00 7762500.00 -7911.61 
567500.00 7762500.00 -8497.14 
572500.00 7762500.00 -8903.17 
577500.00 7762500.00 -9052.57 
402500.00 7767500.00 -1224.72 
407500.00 7767500.00 -1372.94 
412500.00 7767500.00 -1553.01 
417500.00 7767500.00 -2373.05 
422500.00 7767500.00 -2898.72 
427500.00 7767500.00 -3432.16 
432500.00 7767500.00 -4406.90 
437500.00 7767500.00 -4851.62 
442500.00 7767500.00 -5275.09 
447500.00 7767500.00 -5640.72 
452500.00 7767500.00 -5898.77 
457500.00 7767500.00 -6237.59 
462500.00 7767500.00 -6146.47 
467500.00 7767500.00 -6251.00 
472500.00 7767500.00 -6400.67 
477500.00 7767500.00 -5986.65 
482500.00 7767500.00 -6573.87 
487500.00 7767500.00 -6634.73 
492500.00 7767500.00 -6530.95 
497500.00 7767500.00 -6544.61 
502500.00 7767500.00 -7480.07 
507500.00 7767500.00 -7303.71 
512500.00 7767500.00 -7116.33 
517500.00 7767500.00 -7101.93 
522500.00 7767500.00 -8003.76 
527500.00 7767500.00 -8008.75 
532500.00 7767500.00 -7679.07 
537500.00 7767500.00 -7585.90 
542500.00 7767500.00 -8376.11 
547500.00 7767500.00 -8416.74 
552500.00 7767500.00 -8279.83 
557500.00 7767500.00 -8302.51 
562500.00 7767500.00 -8072.32 
567500.00 7767500.00 -8688.91 
572500.00 7767500.00 -9183.40 
577500.00 7767500.00 -9354.58 
402500.00 7772500.00 -1148.59 
407500.00 7772500.00 -1403.50 
412500.00 7772500.00 -1729.78 
417500.00 7772500.00 -2430.44 
422500.00 7772500.00 -3119.41 
427500.00 7772500.00 -3494.75 
432500.00 7772500.00 -4227.53 
437500.00 7772500.00 -4820.22 
442500.00 7772500.00 -5129.82 
447500.00 7772500.00 -5444.33 
452500.00 7772500.00 -5868.04 
457500.00 7772500.00 -6113.03 
462500.00 7772500.00 -6069.10 
467500.00 7772500.00 -6284.60 
472500.00 7772500.00 -6294.62 
477500.00 7772500.00 -6608.23 
482500.00 7772500.00 -6349.25 
487500.00 7772500.00 -6174.91 
492500.00 7772500.00 -7334.40 
497500.00 7772500.00 -7555.46 
502500.00 7772500.00 -7748.99 
507500.00 7772500.00 -7746.85 
512500.00 7772500.00 -7762.99 
517500.00 7772500.00 -7074.67 
522500.00 7772500.00 -7526.42 
527500.00 7772500.00 -7532.97 
532500.00 7772500.00 -7985.50 
537500.00 7772500.00 -8393.16 
542500.00 7772500.00 -9180.84 
547500.00 7772500.00 -9184.24 
552500.00 7772500.00 -9605.11 
557500.00 7772500.00 -9208.09 
562500.00 7772500.00 -9135.04 
567500.00 7772500.00 -9138.47 
572500.00 7772500.00 -9076.71 
577500.00 7772500.00 -9313.51 
402500.00 7777500.00 -1117.20 
407500.00 7777500.00 -1417.47 
412500.00 7777500.00 -1835.70 
417500.00 7777500.00 -2344.79 
422500.00 7777500.00 -3157.08 
427500.00 7777500.00 -3576.92 
432500.00 7777500.00 -4196.46 
437500.00 7777500.00 -4569.73 
442500.00 7777500.00 -4927.76 
447500.00 7777500.00 -5296.80 
452500.00 7777500.00 -5830.69 
457500.00 7777500.00 -6189.15 
462500.00 7777500.00 -6119.53 
467500.00 7777500.00 -5980.24 
472500.00 7777500.00 -6365.77 
477500.00 7777500.00 -6595.84 
482500.00 7777500.00 -6271.23 
487500.00 7777500.00 -6155.20 
492500.00 7777500.00 -7508.54 
497500.00 7777500.00 -7830.44 
502500.00 7777500.00 -7422.38 
507500.00 7777500.00 -7636.66 
512500.00 7777500.00 -7894.89 
517500.00 7777500.00 -7453.73 
522500.00 7777500.00 -7949.09 
527500.00 7777500.00 -7962.60 
532500.00 7777500.00 -9065.67 
537500.00 7777500.00 -9855.94 
542500.00 7777500.00 -9084.62 
547500.00 7777500.00 -8721.01 
552500.00 7777500.00 -9450.55 
557500.00 7777500.00 -9288.54 
562500.00 7777500.00 -9605.52 
567500.00 7777500.00 -9803.91 
572500.00 7777500.00 -9166.83 
577500.00 7777500.00 -9021.48 
402500.00 7782500.00 -1209.43 
407500.00 7782500.00 -1509.87 
412500.00 7782500.00 -1936.32 
417500.00 7782500.00 -2382.88 
422500.00 7782500.00 -3205.89 
427500.00 7782500.00 -3725.07 
432500.00 7782500.00 -4261.29 
437500.00 7782500.00 -4413.65 
442500.00 7782500.00 -4612.29 
447500.00 7782500.00 -5031.08 
452500.00 7782500.00 -5633.36 
457500.00 7782500.00 -6077.68 
462500.00 7782500.00 -6136.18 
467500.00 7782500.00 -5979.03 
472500.00 7782500.00 -6443.35 
477500.00 7782500.00 -6312.73 
482500.00 7782500.00 -5926.06 
487500.00 7782500.00 -7398.45 
492500.00 7782500.00 -7835.78 
497500.00 7782500.00 -7670.72 
502500.00 7782500.00 -6620.69 
507500.00 7782500.00 -7710.61 
512500.00 7782500.00 -8097.07 
517500.00 7782500.00 -8096.46 
522500.00 7782500.00 -7706.13 
527500.00 7782500.00 -8248.34 
532500.00 7782500.00 -9849.29 
537500.00 7782500.00 -9441.06 
542500.00 7782500.00 -8010.72 
547500.00 7782500.00 -7459.26 
552500.00 7782500.00 -9375.99 
557500.00 7782500.00 -9511.29 
562500.00 7782500.00 -9309.27 
567500.00 7782500.00 -9504.53 
572500.00 7782500.00 -9407.83 
577500.00 7782500.00 -9255.09 
402500.00 7787500.00 -1360.00 
407500.00 7787500.00 -1591.86 
412500.00 7787500.00 -2059.16 
417500.00 7787500.00 -2350.93 
422500.00 7787500.00 -3011.14 
427500.00 7787500.00 -3616.40 
432500.00 7787500.00 -4200.57 
437500.00 7787500.00 -4522.79 
442500.00 7787500.00 -4567.04 
447500.00 7787500.00 -4931.69 
452500.00 7787500.00 -5765.98 
457500.00 7787500.00 -6215.33 
462500.00 7787500.00 -6327.53 
467500.00 7787500.00 -6096.92 
472500.00 7787500.00 -6586.56 
477500.00 7787500.00 -6956.17 
482500.00 7787500.00 -6611.40 
487500.00 7787500.00 -7359.29 
492500.00 7787500.00 -8208.84 
497500.00 7787500.00 -7232.01 
502500.00 7787500.00 -5672.83 
507500.00 7787500.00 -7836.08 
512500.00 7787500.00 -8225.93 
517500.00 7787500.00 -8378.78 
522500.00 7787500.00 -5872.03 
527500.00 7787500.00 -8051.35 
532500.00 7787500.00 -10268.45 
537500.00 7787500.00 -8956.08 
542500.00 7787500.00 -8315.11 
547500.00 7787500.00 -8154.47 
552500.00 7787500.00 -9034.14 
557500.00 7787500.00 -9234.44 
562500.00 7787500.00 -9162.57 
567500.00 7787500.00 -9175.20 
572500.00 7787500.00 -9333.87 
577500.00 7787500.00 -9322.11 
402500.00 7792500.00 -1447.21 
407500.00 7792500.00 -1588.22 
412500.00 7792500.00 -1988.00 
417500.00 7792500.00 -2355.03 
422500.00 7792500.00 -2938.27 
427500.00 7792500.00 -3500.53 
432500.00 7792500.00 -4167.99 
437500.00 7792500.00 -4623.54 
442500.00 7792500.00 -4935.01 
447500.00 7792500.00 -4971.83 
452500.00 7792500.00 -5579.45 
457500.00 7792500.00 -5983.31 
462500.00 7792500.00 -6098.25 
467500.00 7792500.00 -6410.20 
472500.00 7792500.00 -6341.31 
477500.00 7792500.00 -6601.53 
482500.00 7792500.00 -6902.64 
487500.00 7792500.00 -7188.09 
492500.00 7792500.00 -6795.67 
497500.00 7792500.00 -7287.18 
502500.00 7792500.00 -7912.67 
507500.00 7792500.00 -8181.53 
512500.00 7792500.00 -8323.57 
517500.00 7792500.00 -8214.04 
522500.00 7792500.00 -7279.25 
527500.00 7792500.00 -8311.81 
532500.00 7792500.00 -9089.15 
537500.00 7792500.00 -8678.00 
542500.00 7792500.00 -8819.94 
547500.00 7792500.00 -8870.13 
552500.00 7792500.00 -8945.95 
557500.00 7792500.00 -9025.12 
562500.00 7792500.00 -9249.14 
567500.00 7792500.00 -9200.01 
572500.00 7792500.00 -9269.78 
577500.00 7792500.00 -9298.06 
402500.00 7797500.00 -1382.25 
407500.00 7797500.00 -1482.89 
412500.00 7797500.00 -1931.30 
417500.00 7797500.00 -2359.59 
422500.00 7797500.00 -2747.48 
427500.00 7797500.00 -3178.64 
432500.00 7797500.00 -4372.86 
437500.00 7797500.00 -4860.23 
442500.00 7797500.00 -5155.36 
447500.00 7797500.00 -5169.12 
452500.00 7797500.00 -5585.05 
457500.00 7797500.00 -5949.11 
462500.00 7797500.00 -6235.79 
467500.00 7797500.00 -6524.24 
472500.00 7797500.00 -6218.09 
477500.00 7797500.00 -6771.24 
482500.00 7797500.00 -7151.04 
487500.00 7797500.00 -7551.48 
492500.00 7797500.00 -6425.48 
497500.00 7797500.00 -6658.61 
502500.00 7797500.00 -7432.41 
507500.00 7797500.00 -7464.18 
512500.00 7797500.00 -7937.10 
517500.00 7797500.00 -7971.35 
522500.00 7797500.00 -8011.86 
527500.00 7797500.00 -8116.38 
532500.00 7797500.00 -8471.95 
537500.00 7797500.00 -8611.95 
542500.00 7797500.00 -8723.26 
547500.00 7797500.00 -8795.27 
552500.00 7797500.00 -8977.80 
557500.00 7797500.00 -9035.91 
562500.00 7797500.00 -9168.42 
567500.00 7797500.00 -9140.57 
572500.00 7797500.00 -9238.33 
577500.00 7797500.00 -9273.24 
402500.00 7802500.00 -1310.37 
407500.00 7802500.00 -1354.74 
412500.00 7802500.00 -1831.85 
417500.00 7802500.00 -2285.67 
422500.00 7802500.00 -2957.21 
427500.00 7802500.00 -3381.08 
432500.00 7802500.00 -4273.40 
437500.00 7802500.00 -4887.65 
442500.00 7802500.00 -5222.56 
447500.00 7802500.00 -5487.40 
452500.00 7802500.00 -5735.92 
457500.00 7802500.00 -5926.64 
462500.00 7802500.00 -6367.44 
467500.00 7802500.00 -6503.73 
472500.00 7802500.00 -6709.04 
477500.00 7802500.00 -6195.77 
482500.00 7802500.00 -5701.81 
487500.00 7802500.00 -7027.47 
492500.00 7802500.00 -6419.70 
497500.00 7802500.00 -4719.79 
502500.00 7802500.00 -6608.76 
507500.00 7802500.00 -6979.21 
512500.00 7802500.00 -7448.54 
517500.00 7802500.00 -7785.29 
522500.00 7802500.00 -8044.46 
527500.00 7802500.00 -8131.18 
532500.00 7802500.00 -8293.99 
537500.00 7802500.00 -8362.44 
542500.00 7802500.00 -8598.75 
547500.00 7802500.00 -8719.56 
552500.00 7802500.00 -8858.95 
557500.00 7802500.00 -8882.43 
562500.00 7802500.00 -8958.20 
567500.00 7802500.00 -8849.69 
572500.00 7802500.00 -8923.43 
577500.00 7802500.00 -8905.91 
