# Petrel Points with attributes
# Unit in X and Y direction: m
# Unit in depth: m
VERSION 1
BEGIN HEADER
X
Y
Z
END HEADER
402500.00 7652500.00 -4513.16 
407500.00 7652500.00 -4997.78 
412500.00 7652500.00 -5174.01 
417500.00 7652500.00 -5114.91 
422500.00 7652500.00 -5185.80 
427500.00 7652500.00 -5102.94 
432500.00 7652500.00 -5118.47 
437500.00 7652500.00 -5707.37 
442500.00 7652500.00 -5424.20 
447500.00 7652500.00 -5752.33 
452500.00 7652500.00 -5744.86 
457500.00 7652500.00 -5654.25 
462500.00 7652500.00 -5842.17 
467500.00 7652500.00 -4449.62 
472500.00 7652500.00 -3378.90 
477500.00 7652500.00 -4366.97 
482500.00 7652500.00 -5283.29 
487500.00 7652500.00 -6263.85 
492500.00 7652500.00 -6257.59 
497500.00 7652500.00 -4786.41 
502500.00 7652500.00 -5549.41 
507500.00 7652500.00 -4293.59 
512500.00 7652500.00 -4430.51 
517500.00 7652500.00 -5921.04 
522500.00 7652500.00 -6881.66 
527500.00 7652500.00 -6821.69 
532500.00 7652500.00 -7017.47 
537500.00 7652500.00 -5665.85 
542500.00 7652500.00 -4469.61 
547500.00 7652500.00 -3979.69 
552500.00 7652500.00 -5636.56 
557500.00 7652500.00 -6962.27 
562500.00 7652500.00 -6896.16 
567500.00 7652500.00 -6643.38 
572500.00 7652500.00 -6486.50 
577500.00 7652500.00 -6323.85 
402500.00 7657500.00 -4495.17 
407500.00 7657500.00 -4773.96 
412500.00 7657500.00 -5400.00 
417500.00 7657500.00 -5300.01 
422500.00 7657500.00 -5114.56 
427500.00 7657500.00 -5069.46 
432500.00 7657500.00 -5195.15 
437500.00 7657500.00 -5368.04 
442500.00 7657500.00 -5448.43 
447500.00 7657500.00 -5683.17 
452500.00 7657500.00 -5115.59 
457500.00 7657500.00 -4948.57 
462500.00 7657500.00 -4964.50 
467500.00 7657500.00 -4843.64 
472500.00 7657500.00 -3394.74 
477500.00 7657500.00 -4279.85 
482500.00 7657500.00 -6482.69 
487500.00 7657500.00 -5438.30 
492500.00 7657500.00 -4466.23 
497500.00 7657500.00 -4200.60 
502500.00 7657500.00 -5139.24 
507500.00 7657500.00 -3932.84 
512500.00 7657500.00 -3692.07 
517500.00 7657500.00 -5451.35 
522500.00 7657500.00 -6921.11 
527500.00 7657500.00 -6771.05 
532500.00 7657500.00 -6140.70 
537500.00 7657500.00 -5894.41 
542500.00 7657500.00 -4759.87 
547500.00 7657500.00 -4592.56 
552500.00 7657500.00 -5880.91 
557500.00 7657500.00 -7276.34 
562500.00 7657500.00 -7298.19 
567500.00 7657500.00 -7088.14 
572500.00 7657500.00 -6875.09 
577500.00 7657500.00 -6846.59 
402500.00 7662500.00 -4598.15 
407500.00 7662500.00 -4594.78 
412500.00 7662500.00 -5176.80 
417500.00 7662500.00 -5269.86 
422500.00 7662500.00 -5102.75 
427500.00 7662500.00 -5145.44 
432500.00 7662500.00 -5183.33 
437500.00 7662500.00 -5198.16 
442500.00 7662500.00 -5405.38 
447500.00 7662500.00 -4726.00 
452500.00 7662500.00 -4595.43 
457500.00 7662500.00 -5726.49 
462500.00 7662500.00 -5258.63 
467500.00 7662500.00 -4944.29 
472500.00 7662500.00 -4187.65 
477500.00 7662500.00 -4530.90 
482500.00 7662500.00 -5862.56 
487500.00 7662500.00 -4284.09 
492500.00 7662500.00 -5170.27 
497500.00 7662500.00 -4995.73 
502500.00 7662500.00 -7042.07 
507500.00 7662500.00 -5052.60 
512500.00 7662500.00 -3696.63 
517500.00 7662500.00 -4691.68 
522500.00 7662500.00 -7328.48 
527500.00 7662500.00 -5848.80 
532500.00 7662500.00 -6936.28 
537500.00 7662500.00 -5413.41 
542500.00 7662500.00 -4517.45 
547500.00 7662500.00 -4952.40 
552500.00 7662500.00 -4995.08 
557500.00 7662500.00 -7028.61 
562500.00 7662500.00 -7758.04 
567500.00 7662500.00 -7446.07 
572500.00 7662500.00 -7203.55 
577500.00 7662500.00 -7364.95 
402500.00 7667500.00 -4328.52 
407500.00 7667500.00 -4551.73 
412500.00 7667500.00 -4930.83 
417500.00 7667500.00 -5182.36 
422500.00 7667500.00 -5307.91 
427500.00 7667500.00 -5182.54 
432500.00 7667500.00 -4696.63 
437500.00 7667500.00 -5105.68 
442500.00 7667500.00 -5477.17 
447500.00 7667500.00 -4849.16 
452500.00 7667500.00 -5041.93 
457500.00 7667500.00 -6166.96 
462500.00 7667500.00 -5596.99 
467500.00 7667500.00 -5468.58 
472500.00 7667500.00 -6246.97 
477500.00 7667500.00 -4714.63 
482500.00 7667500.00 -5908.69 
487500.00 7667500.00 -5293.86 
492500.00 7667500.00 -5340.70 
497500.00 7667500.00 -5466.99 
502500.00 7667500.00 -8143.05 
507500.00 7667500.00 -6025.45 
512500.00 7667500.00 -3997.61 
517500.00 7667500.00 -4591.45 
522500.00 7667500.00 -6369.66 
527500.00 7667500.00 -5461.73 
532500.00 7667500.00 -7699.58 
537500.00 7667500.00 -7452.84 
542500.00 7667500.00 -5397.98 
547500.00 7667500.00 -5398.51 
552500.00 7667500.00 -5457.75 
557500.00 7667500.00 -6608.85 
562500.00 7667500.00 -7468.19 
567500.00 7667500.00 -7296.55 
572500.00 7667500.00 -6970.13 
577500.00 7667500.00 -6995.22 
402500.00 7672500.00 -3775.86 
407500.00 7672500.00 -3959.03 
412500.00 7672500.00 -4594.12 
417500.00 7672500.00 -5177.54 
422500.00 7672500.00 -5235.24 
427500.00 7672500.00 -5210.51 
432500.00 7672500.00 -5243.38 
437500.00 7672500.00 -5431.78 
442500.00 7672500.00 -5442.43 
447500.00 7672500.00 -4752.95 
452500.00 7672500.00 -5307.99 
457500.00 7672500.00 -5984.84 
462500.00 7672500.00 -5956.35 
467500.00 7672500.00 -5034.43 
472500.00 7672500.00 -6233.03 
477500.00 7672500.00 -5603.05 
482500.00 7672500.00 -5835.57 
487500.00 7672500.00 -6683.97 
492500.00 7672500.00 -5234.08 
497500.00 7672500.00 -6383.13 
502500.00 7672500.00 -7291.57 
507500.00 7672500.00 -5248.16 
512500.00 7672500.00 -4285.96 
517500.00 7672500.00 -5106.47 
522500.00 7672500.00 -5623.37 
527500.00 7672500.00 -5485.30 
532500.00 7672500.00 -7621.95 
537500.00 7672500.00 -7740.79 
542500.00 7672500.00 -5495.07 
547500.00 7672500.00 -5059.40 
552500.00 7672500.00 -5887.75 
557500.00 7672500.00 -6295.61 
562500.00 7672500.00 -6726.61 
567500.00 7672500.00 -6627.90 
572500.00 7672500.00 -6675.07 
577500.00 7672500.00 -6814.83 
402500.00 7677500.00 -3598.49 
407500.00 7677500.00 -3792.25 
412500.00 7677500.00 -4296.10 
417500.00 7677500.00 -4953.81 
422500.00 7677500.00 -5200.37 
427500.00 7677500.00 -5230.87 
432500.00 7677500.00 -5178.28 
437500.00 7677500.00 -5228.24 
442500.00 7677500.00 -5402.56 
447500.00 7677500.00 -5297.92 
452500.00 7677500.00 -5756.50 
457500.00 7677500.00 -6025.02 
462500.00 7677500.00 -5971.91 
467500.00 7677500.00 -4841.94 
472500.00 7677500.00 -6166.69 
477500.00 7677500.00 -5797.33 
482500.00 7677500.00 -5098.46 
487500.00 7677500.00 -6690.25 
492500.00 7677500.00 -5073.05 
497500.00 7677500.00 -7223.69 
502500.00 7677500.00 -5604.94 
507500.00 7677500.00 -4383.91 
512500.00 7677500.00 -4126.97 
517500.00 7677500.00 -4518.81 
522500.00 7677500.00 -6448.44 
527500.00 7677500.00 -6577.52 
532500.00 7677500.00 -7910.89 
537500.00 7677500.00 -7891.62 
542500.00 7677500.00 -6227.86 
547500.00 7677500.00 -5342.25 
552500.00 7677500.00 -5650.26 
557500.00 7677500.00 -6530.44 
562500.00 7677500.00 -7112.05 
567500.00 7677500.00 -6903.37 
572500.00 7677500.00 -6694.20 
577500.00 7677500.00 -7267.81 
402500.00 7682500.00 -3438.45 
407500.00 7682500.00 -3661.16 
412500.00 7682500.00 -4021.89 
417500.00 7682500.00 -4543.43 
422500.00 7682500.00 -4982.03 
427500.00 7682500.00 -5088.95 
432500.00 7682500.00 -5081.56 
437500.00 7682500.00 -5097.42 
442500.00 7682500.00 -5462.64 
447500.00 7682500.00 -5800.96 
452500.00 7682500.00 -5470.21 
457500.00 7682500.00 -5301.24 
462500.00 7682500.00 -5788.12 
467500.00 7682500.00 -4855.71 
472500.00 7682500.00 -5642.17 
477500.00 7682500.00 -5899.84 
482500.00 7682500.00 -4930.26 
487500.00 7682500.00 -6457.68 
492500.00 7682500.00 -5229.98 
497500.00 7682500.00 -7049.36 
502500.00 7682500.00 -6436.84 
507500.00 7682500.00 -7373.68 
512500.00 7682500.00 -5578.93 
517500.00 7682500.00 -5738.27 
522500.00 7682500.00 -6457.88 
527500.00 7682500.00 -5568.54 
532500.00 7682500.00 -7580.36 
537500.00 7682500.00 -8083.11 
542500.00 7682500.00 -7116.65 
547500.00 7682500.00 -6280.62 
552500.00 7682500.00 -7388.20 
557500.00 7682500.00 -7130.60 
562500.00 7682500.00 -7038.17 
567500.00 7682500.00 -6954.27 
572500.00 7682500.00 -7120.65 
577500.00 7682500.00 -7524.99 
402500.00 7687500.00 -3268.81 
407500.00 7687500.00 -3483.66 
412500.00 7687500.00 -3835.98 
417500.00 7687500.00 -4229.23 
422500.00 7687500.00 -4800.57 
427500.00 7687500.00 -5013.94 
432500.00 7687500.00 -5109.23 
437500.00 7687500.00 -5181.11 
442500.00 7687500.00 -5326.51 
447500.00 7687500.00 -5354.56 
452500.00 7687500.00 -5454.19 
457500.00 7687500.00 -5421.71 
462500.00 7687500.00 -5432.77 
467500.00 7687500.00 -4758.94 
472500.00 7687500.00 -5731.71 
477500.00 7687500.00 -5899.76 
482500.00 7687500.00 -6032.96 
487500.00 7687500.00 -6301.05 
492500.00 7687500.00 -6307.50 
497500.00 7687500.00 -5983.19 
502500.00 7687500.00 -7555.21 
507500.00 7687500.00 -7349.64 
512500.00 7687500.00 -6287.87 
517500.00 7687500.00 -5287.31 
522500.00 7687500.00 -6520.15 
527500.00 7687500.00 -5776.51 
532500.00 7687500.00 -6741.62 
537500.00 7687500.00 -7967.58 
542500.00 7687500.00 -7556.46 
547500.00 7687500.00 -5761.73 
552500.00 7687500.00 -5081.98 
557500.00 7687500.00 -5175.38 
562500.00 7687500.00 -6571.51 
567500.00 7687500.00 -6924.00 
572500.00 7687500.00 -7532.14 
577500.00 7687500.00 -7597.30 
402500.00 7692500.00 -2952.42 
407500.00 7692500.00 -3223.71 
412500.00 7692500.00 -3511.75 
417500.00 7692500.00 -3752.38 
422500.00 7692500.00 -4631.36 
427500.00 7692500.00 -4972.32 
432500.00 7692500.00 -4936.86 
437500.00 7692500.00 -5013.76 
442500.00 7692500.00 -5320.45 
447500.00 7692500.00 -5209.63 
452500.00 7692500.00 -5099.18 
457500.00 7692500.00 -5330.23 
462500.00 7692500.00 -4955.00 
467500.00 7692500.00 -4740.63 
472500.00 7692500.00 -5092.70 
477500.00 7692500.00 -5341.40 
482500.00 7692500.00 -6408.97 
487500.00 7692500.00 -5405.05 
492500.00 7692500.00 -6103.74 
497500.00 7692500.00 -6026.43 
502500.00 7692500.00 -7365.93 
507500.00 7692500.00 -5980.03 
512500.00 7692500.00 -4837.83 
517500.00 7692500.00 -3868.83 
522500.00 7692500.00 -4921.86 
527500.00 7692500.00 -5307.57 
532500.00 7692500.00 -5356.82 
537500.00 7692500.00 -7379.46 
542500.00 7692500.00 -7713.65 
547500.00 7692500.00 -6285.28 
552500.00 7692500.00 -5833.22 
557500.00 7692500.00 -6210.10 
562500.00 7692500.00 -6584.47 
567500.00 7692500.00 -6836.95 
572500.00 7692500.00 -7405.00 
577500.00 7692500.00 -7845.97 
402500.00 7697500.00 -2600.05 
407500.00 7697500.00 -3004.91 
412500.00 7697500.00 -3333.74 
417500.00 7697500.00 -3592.57 
422500.00 7697500.00 -4199.56 
427500.00 7697500.00 -4755.10 
432500.00 7697500.00 -4836.73 
437500.00 7697500.00 -4947.99 
442500.00 7697500.00 -5210.77 
447500.00 7697500.00 -5406.83 
452500.00 7697500.00 -5279.86 
457500.00 7697500.00 -5342.54 
462500.00 7697500.00 -5596.03 
467500.00 7697500.00 -5421.30 
472500.00 7697500.00 -5559.38 
477500.00 7697500.00 -5186.61 
482500.00 7697500.00 -6126.63 
487500.00 7697500.00 -5106.55 
492500.00 7697500.00 -5839.84 
497500.00 7697500.00 -6286.47 
502500.00 7697500.00 -6882.85 
507500.00 7697500.00 -7434.91 
512500.00 7697500.00 -6573.46 
517500.00 7697500.00 -4726.69 
522500.00 7697500.00 -4044.73 
527500.00 7697500.00 -4525.56 
532500.00 7697500.00 -5137.67 
537500.00 7697500.00 -6861.13 
542500.00 7697500.00 -7603.53 
547500.00 7697500.00 -6412.85 
552500.00 7697500.00 -5502.16 
557500.00 7697500.00 -6519.74 
562500.00 7697500.00 -6527.43 
567500.00 7697500.00 -6760.02 
572500.00 7697500.00 -7531.04 
577500.00 7697500.00 -7955.84 
402500.00 7702500.00 -2328.42 
407500.00 7702500.00 -2846.14 
412500.00 7702500.00 -3249.79 
417500.00 7702500.00 -3473.11 
422500.00 7702500.00 -3963.55 
427500.00 7702500.00 -4690.68 
432500.00 7702500.00 -5017.10 
437500.00 7702500.00 -5065.70 
442500.00 7702500.00 -5183.84 
447500.00 7702500.00 -5318.28 
452500.00 7702500.00 -5487.37 
457500.00 7702500.00 -5563.03 
462500.00 7702500.00 -5583.24 
467500.00 7702500.00 -5727.03 
472500.00 7702500.00 -5788.10 
477500.00 7702500.00 -5915.41 
482500.00 7702500.00 -6396.79 
487500.00 7702500.00 -5651.67 
492500.00 7702500.00 -5816.54 
497500.00 7702500.00 -6762.67 
502500.00 7702500.00 -6525.88 
507500.00 7702500.00 -7171.11 
512500.00 7702500.00 -5886.88 
517500.00 7702500.00 -4582.50 
522500.00 7702500.00 -4075.82 
527500.00 7702500.00 -5050.46 
532500.00 7702500.00 -7023.58 
537500.00 7702500.00 -7092.89 
542500.00 7702500.00 -7787.80 
547500.00 7702500.00 -7193.36 
552500.00 7702500.00 -4394.05 
557500.00 7702500.00 -5044.86 
562500.00 7702500.00 -6404.97 
567500.00 7702500.00 -6825.05 
572500.00 7702500.00 -7469.61 
577500.00 7702500.00 -7788.68 
402500.00 7707500.00 -1923.15 
407500.00 7707500.00 -2828.72 
412500.00 7707500.00 -3202.29 
417500.00 7707500.00 -3442.03 
422500.00 7707500.00 -3898.63 
427500.00 7707500.00 -4502.88 
432500.00 7707500.00 -5022.39 
437500.00 7707500.00 -5177.82 
442500.00 7707500.00 -5299.96 
447500.00 7707500.00 -5318.26 
452500.00 7707500.00 -5383.81 
457500.00 7707500.00 -5406.20 
462500.00 7707500.00 -4648.91 
467500.00 7707500.00 -5477.37 
472500.00 7707500.00 -5805.64 
477500.00 7707500.00 -6255.27 
482500.00 7707500.00 -6524.48 
487500.00 7707500.00 -5695.49 
492500.00 7707500.00 -6289.11 
497500.00 7707500.00 -6788.53 
502500.00 7707500.00 -6421.25 
507500.00 7707500.00 -5152.08 
512500.00 7707500.00 -5499.58 
517500.00 7707500.00 -5650.47 
522500.00 7707500.00 -4978.24 
527500.00 7707500.00 -5970.91 
532500.00 7707500.00 -6302.54 
537500.00 7707500.00 -6606.55 
542500.00 7707500.00 -7746.71 
547500.00 7707500.00 -7144.62 
552500.00 7707500.00 -4589.68 
557500.00 7707500.00 -4639.23 
562500.00 7707500.00 -6280.73 
567500.00 7707500.00 -6853.15 
572500.00 7707500.00 -7129.78 
577500.00 7707500.00 -7328.50 
402500.00 7712500.00 -1831.61 
407500.00 7712500.00 -2637.14 
412500.00 7712500.00 -3056.94 
417500.00 7712500.00 -3323.87 
422500.00 7712500.00 -3703.26 
427500.00 7712500.00 -4155.53 
432500.00 7712500.00 -5039.69 
437500.00 7712500.00 -5378.54 
442500.00 7712500.00 -5555.29 
447500.00 7712500.00 -5407.57 
452500.00 7712500.00 -5320.99 
457500.00 7712500.00 -5490.05 
462500.00 7712500.00 -5069.14 
467500.00 7712500.00 -5665.31 
472500.00 7712500.00 -5885.20 
477500.00 7712500.00 -5069.89 
482500.00 7712500.00 -6224.33 
487500.00 7712500.00 -5987.60 
492500.00 7712500.00 -6431.60 
497500.00 7712500.00 -6080.37 
502500.00 7712500.00 -7118.25 
507500.00 7712500.00 -6799.83 
512500.00 7712500.00 -6192.79 
517500.00 7712500.00 -7021.67 
522500.00 7712500.00 -6489.81 
527500.00 7712500.00 -7221.26 
532500.00 7712500.00 -7202.60 
537500.00 7712500.00 -6105.48 
542500.00 7712500.00 -7719.43 
547500.00 7712500.00 -7284.05 
552500.00 7712500.00 -4626.40 
557500.00 7712500.00 -4081.70 
562500.00 7712500.00 -6858.57 
567500.00 7712500.00 -7070.68 
572500.00 7712500.00 -6989.24 
577500.00 7712500.00 -7162.79 
402500.00 7717500.00 -1739.26 
407500.00 7717500.00 -2356.51 
412500.00 7717500.00 -2869.32 
417500.00 7717500.00 -3134.34 
422500.00 7717500.00 -3582.38 
427500.00 7717500.00 -4104.73 
432500.00 7717500.00 -5026.14 
437500.00 7717500.00 -5280.79 
442500.00 7717500.00 -5414.34 
447500.00 7717500.00 -5443.08 
452500.00 7717500.00 -5403.24 
457500.00 7717500.00 -5380.75 
462500.00 7717500.00 -5449.50 
467500.00 7717500.00 -5386.46 
472500.00 7717500.00 -5984.54 
477500.00 7717500.00 -5077.88 
482500.00 7717500.00 -5996.59 
487500.00 7717500.00 -6546.96 
492500.00 7717500.00 -5799.66 
497500.00 7717500.00 -6723.35 
502500.00 7717500.00 -7049.83 
507500.00 7717500.00 -7500.30 
512500.00 7717500.00 -5841.02 
517500.00 7717500.00 -6924.29 
522500.00 7717500.00 -5855.89 
527500.00 7717500.00 -6905.33 
532500.00 7717500.00 -8206.88 
537500.00 7717500.00 -6821.27 
542500.00 7717500.00 -6326.73 
547500.00 7717500.00 -7137.56 
552500.00 7717500.00 -4875.35 
557500.00 7717500.00 -4076.23 
562500.00 7717500.00 -7128.28 
567500.00 7717500.00 -7250.33 
572500.00 7717500.00 -7079.08 
577500.00 7717500.00 -7195.69 
402500.00 7722500.00 -1548.53 
407500.00 7722500.00 -2126.54 
412500.00 7722500.00 -2601.03 
417500.00 7722500.00 -3111.52 
422500.00 7722500.00 -3630.05 
427500.00 7722500.00 -4074.77 
432500.00 7722500.00 -4928.03 
437500.00 7722500.00 -4937.44 
442500.00 7722500.00 -5317.14 
447500.00 7722500.00 -5328.09 
452500.00 7722500.00 -5460.39 
457500.00 7722500.00 -5136.16 
462500.00 7722500.00 -5666.60 
467500.00 7722500.00 -5626.19 
472500.00 7722500.00 -6307.29 
477500.00 7722500.00 -4759.60 
482500.00 7722500.00 -6491.72 
487500.00 7722500.00 -7153.79 
492500.00 7722500.00 -6210.21 
497500.00 7722500.00 -7414.31 
502500.00 7722500.00 -7753.36 
507500.00 7722500.00 -8075.24 
512500.00 7722500.00 -7173.58 
517500.00 7722500.00 -8268.86 
522500.00 7722500.00 -7862.10 
527500.00 7722500.00 -6366.72 
532500.00 7722500.00 -7994.56 
537500.00 7722500.00 -7996.53 
542500.00 7722500.00 -5611.62 
547500.00 7722500.00 -4703.82 
552500.00 7722500.00 -5717.08 
557500.00 7722500.00 -6070.56 
562500.00 7722500.00 -7296.05 
567500.00 7722500.00 -7086.76 
572500.00 7722500.00 -7007.00 
577500.00 7722500.00 -7361.42 
402500.00 7727500.00 -1466.19 
407500.00 7727500.00 -1921.15 
412500.00 7727500.00 -2455.23 
417500.00 7727500.00 -2913.71 
422500.00 7727500.00 -3368.17 
427500.00 7727500.00 -3994.45 
432500.00 7727500.00 -4978.28 
437500.00 7727500.00 -4993.51 
442500.00 7727500.00 -5327.95 
447500.00 7727500.00 -5512.56 
452500.00 7727500.00 -5399.00 
457500.00 7727500.00 -5263.35 
462500.00 7727500.00 -5689.86 
467500.00 7727500.00 -5906.74 
472500.00 7727500.00 -6402.39 
477500.00 7727500.00 -5193.25 
482500.00 7727500.00 -6635.65 
487500.00 7727500.00 -7230.28 
492500.00 7727500.00 -6608.45 
497500.00 7727500.00 -7155.30 
502500.00 7727500.00 -8151.46 
507500.00 7727500.00 -7512.57 
512500.00 7727500.00 -7528.87 
517500.00 7727500.00 -8386.83 
522500.00 7727500.00 -6634.09 
527500.00 7727500.00 -6107.36 
532500.00 7727500.00 -7731.11 
537500.00 7727500.00 -8022.34 
542500.00 7727500.00 -5641.68 
547500.00 7727500.00 -4644.11 
552500.00 7727500.00 -7230.58 
557500.00 7727500.00 -7493.06 
562500.00 7727500.00 -7239.60 
567500.00 7727500.00 -6909.91 
572500.00 7727500.00 -6924.85 
577500.00 7727500.00 -7476.83 
402500.00 7732500.00 -1398.74 
407500.00 7732500.00 -1677.61 
412500.00 7732500.00 -2223.65 
417500.00 7732500.00 -2653.98 
422500.00 7732500.00 -3152.00 
427500.00 7732500.00 -3779.84 
432500.00 7732500.00 -4818.21 
437500.00 7732500.00 -5402.34 
442500.00 7732500.00 -5498.79 
447500.00 7732500.00 -5583.20 
452500.00 7732500.00 -5520.33 
457500.00 7732500.00 -5440.23 
462500.00 7732500.00 -5516.19 
467500.00 7732500.00 -6008.70 
472500.00 7732500.00 -5853.50 
477500.00 7732500.00 -5509.08 
482500.00 7732500.00 -6607.46 
487500.00 7732500.00 -6013.13 
492500.00 7732500.00 -6752.88 
497500.00 7732500.00 -7027.86 
502500.00 7732500.00 -6468.02 
507500.00 7732500.00 -6555.75 
512500.00 7732500.00 -8086.17 
517500.00 7732500.00 -5120.94 
522500.00 7732500.00 -6952.85 
527500.00 7732500.00 -6249.90 
532500.00 7732500.00 -7230.76 
537500.00 7732500.00 -8097.19 
542500.00 7732500.00 -8441.29 
547500.00 7732500.00 -7887.34 
552500.00 7732500.00 -7684.16 
557500.00 7732500.00 -7587.02 
562500.00 7732500.00 -7484.29 
567500.00 7732500.00 -6970.19 
572500.00 7732500.00 -7252.93 
577500.00 7732500.00 -7631.55 
402500.00 7737500.00 -1361.74 
407500.00 7737500.00 -1532.57 
412500.00 7737500.00 -2139.83 
417500.00 7737500.00 -2654.72 
422500.00 7737500.00 -3108.10 
427500.00 7737500.00 -3527.01 
432500.00 7737500.00 -4694.52 
437500.00 7737500.00 -5647.95 
442500.00 7737500.00 -5540.34 
447500.00 7737500.00 -5665.94 
452500.00 7737500.00 -5554.19 
457500.00 7737500.00 -5433.16 
462500.00 7737500.00 -5532.52 
467500.00 7737500.00 -6011.62 
472500.00 7737500.00 -5883.85 
477500.00 7737500.00 -5855.11 
482500.00 7737500.00 -6679.11 
487500.00 7737500.00 -5702.65 
492500.00 7737500.00 -6512.92 
497500.00 7737500.00 -6783.99 
502500.00 7737500.00 -6105.76 
507500.00 7737500.00 -7565.12 
512500.00 7737500.00 -7512.24 
517500.00 7737500.00 -5034.67 
522500.00 7737500.00 -6866.01 
527500.00 7737500.00 -6720.15 
532500.00 7737500.00 -7206.49 
537500.00 7737500.00 -7833.44 
542500.00 7737500.00 -7838.38 
547500.00 7737500.00 -7836.33 
552500.00 7737500.00 -7390.00 
557500.00 7737500.00 -7501.95 
562500.00 7737500.00 -7829.33 
567500.00 7737500.00 -7679.97 
572500.00 7737500.00 -8060.79 
577500.00 7737500.00 -8066.29 
402500.00 7742500.00 -1476.30 
407500.00 7742500.00 -1537.11 
412500.00 7742500.00 -2026.51 
417500.00 7742500.00 -2616.25 
422500.00 7742500.00 -3136.92 
427500.00 7742500.00 -3523.21 
432500.00 7742500.00 -4209.91 
437500.00 7742500.00 -5149.94 
442500.00 7742500.00 -5698.33 
447500.00 7742500.00 -5950.47 
452500.00 7742500.00 -5535.05 
457500.00 7742500.00 -5520.12 
462500.00 7742500.00 -5895.80 
467500.00 7742500.00 -6099.85 
472500.00 7742500.00 -6208.68 
477500.00 7742500.00 -6388.16 
482500.00 7742500.00 -6762.37 
487500.00 7742500.00 -6020.73 
492500.00 7742500.00 -6271.35 
497500.00 7742500.00 -6561.92 
502500.00 7742500.00 -6685.27 
507500.00 7742500.00 -7392.69 
512500.00 7742500.00 -7424.89 
517500.00 7742500.00 -6846.02 
522500.00 7742500.00 -6473.95 
527500.00 7742500.00 -6493.72 
532500.00 7742500.00 -7495.37 
537500.00 7742500.00 -8088.53 
542500.00 7742500.00 -8240.00 
547500.00 7742500.00 -7929.60 
552500.00 7742500.00 -7449.93 
557500.00 7742500.00 -7280.73 
562500.00 7742500.00 -7941.95 
567500.00 7742500.00 -8438.40 
572500.00 7742500.00 -9147.50 
577500.00 7742500.00 -9234.41 
402500.00 7747500.00 -1538.58 
407500.00 7747500.00 -1589.31 
412500.00 7747500.00 -1837.49 
417500.00 7747500.00 -2465.06 
422500.00 7747500.00 -3121.01 
427500.00 7747500.00 -3601.32 
432500.00 7747500.00 -4338.34 
437500.00 7747500.00 -5101.63 
442500.00 7747500.00 -5795.73 
447500.00 7747500.00 -5896.78 
452500.00 7747500.00 -5658.28 
457500.00 7747500.00 -5669.18 
462500.00 7747500.00 -6001.24 
467500.00 7747500.00 -6130.18 
472500.00 7747500.00 -6506.42 
477500.00 7747500.00 -6283.49 
482500.00 7747500.00 -6709.96 
487500.00 7747500.00 -6293.16 
492500.00 7747500.00 -5961.69 
497500.00 7747500.00 -6303.24 
502500.00 7747500.00 -6961.14 
507500.00 7747500.00 -7449.55 
512500.00 7747500.00 -7778.88 
517500.00 7747500.00 -7260.54 
522500.00 7747500.00 -7874.40 
527500.00 7747500.00 -7028.73 
532500.00 7747500.00 -6339.92 
537500.00 7747500.00 -5917.45 
542500.00 7747500.00 -8380.89 
547500.00 7747500.00 -7319.85 
552500.00 7747500.00 -7466.36 
557500.00 7747500.00 -7204.80 
562500.00 7747500.00 -7754.96 
567500.00 7747500.00 -8175.61 
572500.00 7747500.00 -9359.65 
577500.00 7747500.00 -9468.64 
402500.00 7752500.00 -1456.76 
407500.00 7752500.00 -1518.71 
412500.00 7752500.00 -1694.74 
417500.00 7752500.00 -2431.15 
422500.00 7752500.00 -2980.89 
427500.00 7752500.00 -3611.97 
432500.00 7752500.00 -4503.58 
437500.00 7752500.00 -5193.51 
442500.00 7752500.00 -5847.81 
447500.00 7752500.00 -5966.69 
452500.00 7752500.00 -5854.36 
457500.00 7752500.00 -5697.94 
462500.00 7752500.00 -5839.89 
467500.00 7752500.00 -6061.45 
472500.00 7752500.00 -6555.33 
477500.00 7752500.00 -5418.90 
482500.00 7752500.00 -6798.72 
487500.00 7752500.00 -6993.46 
492500.00 7752500.00 -5483.05 
497500.00 7752500.00 -6075.73 
502500.00 7752500.00 -6561.62 
507500.00 7752500.00 -7438.69 
512500.00 7752500.00 -7983.17 
517500.00 7752500.00 -7934.55 
522500.00 7752500.00 -7798.10 
527500.00 7752500.00 -8168.05 
532500.00 7752500.00 -8038.43 
537500.00 7752500.00 -6993.58 
542500.00 7752500.00 -8123.81 
547500.00 7752500.00 -7770.29 
552500.00 7752500.00 -8487.79 
557500.00 7752500.00 -7983.89 
562500.00 7752500.00 -8136.15 
567500.00 7752500.00 -8574.13 
572500.00 7752500.00 -9319.86 
577500.00 7752500.00 -7691.60 
402500.00 7757500.00 -1343.96 
407500.00 7757500.00 -1514.70 
412500.00 7757500.00 -1617.46 
417500.00 7757500.00 -2186.76 
422500.00 7757500.00 -2882.36 
427500.00 7757500.00 -3588.34 
432500.00 7757500.00 -4491.00 
437500.00 7757500.00 -5064.38 
442500.00 7757500.00 -5540.46 
447500.00 7757500.00 -6102.05 
452500.00 7757500.00 -5927.49 
457500.00 7757500.00 -5789.15 
462500.00 7757500.00 -6009.16 
467500.00 7757500.00 -6205.29 
472500.00 7757500.00 -6449.13 
477500.00 7757500.00 -5955.97 
482500.00 7757500.00 -6943.32 
487500.00 7757500.00 -6947.20 
492500.00 7757500.00 -6422.99 
497500.00 7757500.00 -6704.63 
502500.00 7757500.00 -6126.50 
507500.00 7757500.00 -7131.30 
512500.00 7757500.00 -6987.40 
517500.00 7757500.00 -7307.42 
522500.00 7757500.00 -7962.24 
527500.00 7757500.00 -8373.12 
532500.00 7757500.00 -8165.66 
537500.00 7757500.00 -7655.38 
542500.00 7757500.00 -5022.62 
547500.00 7757500.00 -5566.83 
552500.00 7757500.00 -8668.22 
557500.00 7757500.00 -7941.19 
562500.00 7757500.00 -8451.23 
567500.00 7757500.00 -9061.63 
572500.00 7757500.00 -9074.62 
577500.00 7757500.00 -9170.90 
402500.00 7762500.00 -1233.19 
407500.00 7762500.00 -1354.95 
412500.00 7762500.00 -1599.32 
417500.00 7762500.00 -2389.72 
422500.00 7762500.00 -2925.58 
427500.00 7762500.00 -3562.27 
432500.00 7762500.00 -4452.62 
437500.00 7762500.00 -4893.91 
442500.00 7762500.00 -5275.92 
447500.00 7762500.00 -5775.98 
452500.00 7762500.00 -5898.96 
457500.00 7762500.00 -6051.87 
462500.00 7762500.00 -6243.91 
467500.00 7762500.00 -6236.48 
472500.00 7762500.00 -6557.85 
477500.00 7762500.00 -5842.58 
482500.00 7762500.00 -6760.50 
487500.00 7762500.00 -6870.67 
492500.00 7762500.00 -6905.15 
497500.00 7762500.00 -6928.63 
502500.00 7762500.00 -5900.03 
507500.00 7762500.00 -6474.07 
512500.00 7762500.00 -7204.78 
517500.00 7762500.00 -7482.59 
522500.00 7762500.00 -7714.08 
527500.00 7762500.00 -7854.68 
532500.00 7762500.00 -7471.81 
537500.00 7762500.00 -7401.82 
542500.00 7762500.00 -7847.05 
547500.00 7762500.00 -8097.62 
552500.00 7762500.00 -8666.45 
557500.00 7762500.00 -7993.26 
562500.00 7762500.00 -7935.59 
567500.00 7762500.00 -8514.59 
572500.00 7762500.00 -8917.82 
577500.00 7762500.00 -9086.04 
402500.00 7767500.00 -1266.92 
407500.00 7767500.00 -1405.48 
412500.00 7767500.00 -1582.92 
417500.00 7767500.00 -2407.30 
422500.00 7767500.00 -2940.01 
427500.00 7767500.00 -3473.74 
432500.00 7767500.00 -4441.69 
437500.00 7767500.00 -4881.62 
442500.00 7767500.00 -5306.86 
447500.00 7767500.00 -5672.45 
452500.00 7767500.00 -5930.26 
457500.00 7767500.00 -6268.91 
462500.00 7767500.00 -6177.68 
467500.00 7767500.00 -6281.89 
472500.00 7767500.00 -6430.10 
477500.00 7767500.00 -6012.44 
482500.00 7767500.00 -6595.44 
487500.00 7767500.00 -6655.22 
492500.00 7767500.00 -6556.70 
497500.00 7767500.00 -6574.08 
502500.00 7767500.00 -7508.39 
507500.00 7767500.00 -7318.28 
512500.00 7767500.00 -7126.58 
517500.00 7767500.00 -7126.96 
522500.00 7767500.00 -8026.58 
527500.00 7767500.00 -8029.95 
532500.00 7767500.00 -7699.68 
537500.00 7767500.00 -7606.75 
542500.00 7767500.00 -8406.83 
547500.00 7767500.00 -8447.47 
552500.00 7767500.00 -8308.58 
557500.00 7767500.00 -8329.63 
562500.00 7767500.00 -8096.02 
567500.00 7767500.00 -8707.18 
572500.00 7767500.00 -9196.78 
577500.00 7767500.00 -9367.56 
402500.00 7772500.00 -1199.62 
407500.00 7772500.00 -1439.82 
412500.00 7772500.00 -1759.70 
417500.00 7772500.00 -2461.29 
422500.00 7772500.00 -3154.64 
427500.00 7772500.00 -3530.67 
432500.00 7772500.00 -4260.34 
437500.00 7772500.00 -4851.02 
442500.00 7772500.00 -5161.48 
447500.00 7772500.00 -5476.05 
452500.00 7772500.00 -5899.93 
457500.00 7772500.00 -6144.90 
462500.00 7772500.00 -6100.10 
467500.00 7772500.00 -6314.49 
472500.00 7772500.00 -6323.05 
477500.00 7772500.00 -6636.60 
482500.00 7772500.00 -6373.10 
487500.00 7772500.00 -6196.34 
492500.00 7772500.00 -7359.71 
497500.00 7772500.00 -7578.51 
502500.00 7772500.00 -7755.62 
507500.00 7772500.00 -7767.93 
512500.00 7772500.00 -7787.73 
517500.00 7772500.00 -7095.02 
522500.00 7772500.00 -7546.98 
527500.00 7772500.00 -7553.85 
532500.00 7772500.00 -8006.27 
537500.00 7772500.00 -8413.80 
542500.00 7772500.00 -9209.42 
547500.00 7772500.00 -9214.40 
552500.00 7772500.00 -9632.04 
557500.00 7772500.00 -9233.82 
562500.00 7772500.00 -9157.10 
567500.00 7772500.00 -9155.85 
572500.00 7772500.00 -9088.82 
577500.00 7772500.00 -9320.89 
402500.00 7777500.00 -1175.20 
407500.00 7777500.00 -1454.76 
412500.00 7777500.00 -1864.04 
417500.00 7777500.00 -2373.78 
422500.00 7777500.00 -3192.37 
427500.00 7777500.00 -3610.06 
432500.00 7777500.00 -4228.37 
437500.00 7777500.00 -4601.19 
442500.00 7777500.00 -4959.66 
447500.00 7777500.00 -5328.27 
452500.00 7777500.00 -5862.30 
457500.00 7777500.00 -6220.62 
462500.00 7777500.00 -6150.13 
467500.00 7777500.00 -6009.06 
472500.00 7777500.00 -6396.66 
477500.00 7777500.00 -6628.24 
482500.00 7777500.00 -6299.47 
487500.00 7777500.00 -6180.41 
492500.00 7777500.00 -7533.21 
497500.00 7777500.00 -7848.40 
502500.00 7777500.00 -7449.26 
507500.00 7777500.00 -7659.38 
512500.00 7777500.00 -7915.87 
517500.00 7777500.00 -7474.40 
522500.00 7777500.00 -7970.01 
527500.00 7777500.00 -7983.46 
532500.00 7777500.00 -9086.17 
537500.00 7777500.00 -9878.23 
542500.00 7777500.00 -9115.99 
547500.00 7777500.00 -8749.04 
552500.00 7777500.00 -9475.41 
557500.00 7777500.00 -9311.17 
562500.00 7777500.00 -9624.22 
567500.00 7777500.00 -9817.82 
572500.00 7777500.00 -9177.47 
577500.00 7777500.00 -9033.08 
402500.00 7782500.00 -1257.05 
407500.00 7782500.00 -1542.73 
412500.00 7782500.00 -1962.17 
417500.00 7782500.00 -2411.39 
422500.00 7782500.00 -3239.05 
427500.00 7782500.00 -3757.94 
432500.00 7782500.00 -4292.26 
437500.00 7782500.00 -4444.81 
442500.00 7782500.00 -4644.11 
447500.00 7782500.00 -5062.18 
452500.00 7782500.00 -5664.55 
457500.00 7782500.00 -6108.38 
462500.00 7782500.00 -6166.13 
467500.00 7782500.00 -6008.78 
472500.00 7782500.00 -6476.37 
477500.00 7782500.00 -6344.74 
482500.00 7782500.00 -5953.44 
487500.00 7782500.00 -7425.01 
492500.00 7782500.00 -7862.83 
497500.00 7782500.00 -7700.03 
502500.00 7782500.00 -6645.47 
507500.00 7782500.00 -7730.81 
512500.00 7782500.00 -8117.54 
517500.00 7782500.00 -8117.02 
522500.00 7782500.00 -7726.60 
527500.00 7782500.00 -8268.95 
532500.00 7782500.00 -9871.25 
537500.00 7782500.00 -9469.07 
542500.00 7782500.00 -8039.74 
547500.00 7782500.00 -7481.93 
552500.00 7782500.00 -9396.88 
557500.00 7782500.00 -9528.87 
562500.00 7782500.00 -9322.53 
567500.00 7782500.00 -9513.77 
572500.00 7782500.00 -9414.52 
577500.00 7782500.00 -9271.00 
402500.00 7787500.00 -1396.31 
407500.00 7787500.00 -1622.47 
412500.00 7787500.00 -2085.64 
417500.00 7787500.00 -2380.60 
422500.00 7787500.00 -3043.21 
427500.00 7787500.00 -3648.95 
432500.00 7787500.00 -4230.05 
437500.00 7787500.00 -4553.79 
442500.00 7787500.00 -4598.42 
447500.00 7787500.00 -4962.93 
452500.00 7787500.00 -5797.28 
457500.00 7787500.00 -6245.83 
462500.00 7787500.00 -6357.19 
467500.00 7787500.00 -6127.74 
472500.00 7787500.00 -6620.06 
477500.00 7787500.00 -6984.88 
482500.00 7787500.00 -6639.35 
487500.00 7787500.00 -7388.02 
492500.00 7787500.00 -8239.04 
497500.00 7787500.00 -7264.51 
502500.00 7787500.00 -5701.23 
507500.00 7787500.00 -7856.02 
512500.00 7787500.00 -8246.35 
517500.00 7787500.00 -8400.99 
522500.00 7787500.00 -5897.58 
527500.00 7787500.00 -8079.69 
532500.00 7787500.00 -10300.30 
537500.00 7787500.00 -8985.46 
542500.00 7787500.00 -8337.01 
547500.00 7787500.00 -8174.05 
552500.00 7787500.00 -9049.92 
557500.00 7787500.00 -9247.36 
562500.00 7787500.00 -9171.54 
567500.00 7787500.00 -9175.20 
572500.00 7787500.00 -9341.27 
577500.00 7787500.00 -9340.07 
402500.00 7792500.00 -1479.36 
407500.00 7792500.00 -1620.93 
412500.00 7792500.00 -2017.36 
417500.00 7792500.00 -2386.07 
422500.00 7792500.00 -2967.67 
427500.00 7792500.00 -3536.83 
432500.00 7792500.00 -4201.75 
437500.00 7792500.00 -4651.82 
442500.00 7792500.00 -4964.70 
447500.00 7792500.00 -5002.90 
452500.00 7792500.00 -5611.13 
457500.00 7792500.00 -6014.53 
462500.00 7792500.00 -6128.45 
467500.00 7792500.00 -6440.06 
472500.00 7792500.00 -6373.48 
477500.00 7792500.00 -6631.76 
482500.00 7792500.00 -6932.25 
487500.00 7792500.00 -7217.75 
492500.00 7792500.00 -6827.58 
497500.00 7792500.00 -7320.01 
502500.00 7792500.00 -7941.68 
507500.00 7792500.00 -8201.33 
512500.00 7792500.00 -8347.32 
517500.00 7792500.00 -8246.61 
522500.00 7792500.00 -7311.86 
527500.00 7792500.00 -8343.19 
532500.00 7792500.00 -9118.60 
537500.00 7792500.00 -8701.67 
542500.00 7792500.00 -8838.47 
547500.00 7792500.00 -8885.30 
552500.00 7792500.00 -8958.61 
557500.00 7792500.00 -9034.98 
562500.00 7792500.00 -9252.95 
567500.00 7792500.00 -9200.01 
572500.00 7792500.00 -9278.43 
577500.00 7792500.00 -9314.59 
402500.00 7797500.00 -1418.22 
407500.00 7797500.00 -1522.28 
412500.00 7797500.00 -1964.49 
417500.00 7797500.00 -2390.20 
422500.00 7797500.00 -2774.92 
427500.00 7797500.00 -3212.82 
432500.00 7797500.00 -4401.33 
437500.00 7797500.00 -4884.38 
442500.00 7797500.00 -5182.18 
447500.00 7797500.00 -5198.42 
452500.00 7797500.00 -5616.17 
457500.00 7797500.00 -5980.49 
462500.00 7797500.00 -6266.33 
467500.00 7797500.00 -6554.09 
472500.00 7797500.00 -6248.34 
477500.00 7797500.00 -6802.90 
482500.00 7797500.00 -7182.33 
487500.00 7797500.00 -7582.42 
492500.00 7797500.00 -6457.74 
497500.00 7797500.00 -6691.63 
502500.00 7797500.00 -7456.95 
507500.00 7797500.00 -7484.48 
512500.00 7797500.00 -7967.03 
517500.00 7797500.00 -8003.35 
522500.00 7797500.00 -8042.68 
527500.00 7797500.00 -8146.35 
532500.00 7797500.00 -8498.40 
537500.00 7797500.00 -8633.61 
542500.00 7797500.00 -8737.68 
547500.00 7797500.00 -8808.83 
552500.00 7797500.00 -8996.23 
557500.00 7797500.00 -9049.57 
562500.00 7797500.00 -9173.62 
567500.00 7797500.00 -9140.57 
572500.00 7797500.00 -9243.07 
577500.00 7797500.00 -9284.33 
402500.00 7802500.00 -1346.44 
407500.00 7802500.00 -1406.68 
412500.00 7802500.00 -1865.14 
417500.00 7802500.00 -2315.44 
422500.00 7802500.00 -2986.60 
427500.00 7802500.00 -3409.80 
432500.00 7802500.00 -4295.10 
437500.00 7802500.00 -4909.38 
442500.00 7802500.00 -5245.37 
447500.00 7802500.00 -5511.73 
452500.00 7802500.00 -5764.44 
457500.00 7802500.00 -5956.99 
462500.00 7802500.00 -6398.01 
467500.00 7802500.00 -6534.30 
472500.00 7802500.00 -6739.99 
477500.00 7802500.00 -6227.39 
482500.00 7802500.00 -5733.86 
487500.00 7802500.00 -7060.03 
492500.00 7802500.00 -6448.47 
497500.00 7802500.00 -4743.92 
502500.00 7802500.00 -6629.38 
507500.00 7802500.00 -7000.30 
512500.00 7802500.00 -7480.59 
517500.00 7802500.00 -7816.43 
522500.00 7802500.00 -8074.75 
527500.00 7802500.00 -8159.77 
532500.00 7802500.00 -8319.44 
537500.00 7802500.00 -8381.20 
542500.00 7802500.00 -8610.09 
547500.00 7802500.00 -8734.38 
552500.00 7802500.00 -8884.47 
557500.00 7802500.00 -8897.33 
562500.00 7802500.00 -8958.20 
567500.00 7802500.00 -8849.69 
572500.00 7802500.00 -8923.43 
577500.00 7802500.00 -8914.26 
