# Petrel Points with attributes
# Unit in X and Y direction: m
# Unit in depth: m
VERSION 1
BEGIN HEADER
X
Y
Z
END HEADER
402500.00 7652500.00 -4008.78 
407500.00 7652500.00 -4545.51 
412500.00 7652500.00 -4673.34 
417500.00 7652500.00 -4451.76 
422500.00 7652500.00 -4432.57 
427500.00 7652500.00 -4424.83 
432500.00 7652500.00 -4541.29 
437500.00 7652500.00 -5129.63 
442500.00 7652500.00 -4797.09 
447500.00 7652500.00 -5157.90 
452500.00 7652500.00 -5224.81 
457500.00 7652500.00 -5177.46 
462500.00 7652500.00 -5435.58 
467500.00 7652500.00 -4101.97 
472500.00 7652500.00 -2999.56 
477500.00 7652500.00 -3962.04 
482500.00 7652500.00 -4837.82 
487500.00 7652500.00 -5836.81 
492500.00 7652500.00 -5833.25 
497500.00 7652500.00 -4354.74 
502500.00 7652500.00 -5195.86 
507500.00 7652500.00 -3934.16 
512500.00 7652500.00 -4040.51 
517500.00 7652500.00 -5563.95 
522500.00 7652500.00 -6570.28 
527500.00 7652500.00 -6547.47 
532500.00 7652500.00 -6751.96 
537500.00 7652500.00 -5338.94 
542500.00 7652500.00 -4090.66 
547500.00 7652500.00 -3588.10 
552500.00 7652500.00 -5353.10 
557500.00 7652500.00 -6732.66 
562500.00 7652500.00 -6689.58 
567500.00 7652500.00 -6459.07 
572500.00 7652500.00 -6319.43 
577500.00 7652500.00 -6159.07 
402500.00 7657500.00 -3984.94 
407500.00 7657500.00 -4336.21 
412500.00 7657500.00 -4935.82 
417500.00 7657500.00 -4661.31 
422500.00 7657500.00 -4359.76 
427500.00 7657500.00 -4303.04 
432500.00 7657500.00 -4504.83 
437500.00 7657500.00 -4689.46 
442500.00 7657500.00 -4744.28 
447500.00 7657500.00 -5124.00 
452500.00 7657500.00 -4683.07 
457500.00 7657500.00 -4499.80 
462500.00 7657500.00 -4530.32 
467500.00 7657500.00 -4473.99 
472500.00 7657500.00 -3025.69 
477500.00 7657500.00 -3878.54 
482500.00 7657500.00 -6042.27 
487500.00 7657500.00 -5006.00 
492500.00 7657500.00 -4053.97 
497500.00 7657500.00 -3813.63 
502500.00 7657500.00 -4799.70 
507500.00 7657500.00 -3581.56 
512500.00 7657500.00 -3297.86 
517500.00 7657500.00 -5078.46 
522500.00 7657500.00 -6614.20 
527500.00 7657500.00 -6500.19 
532500.00 7657500.00 -5870.62 
537500.00 7657500.00 -5581.71 
542500.00 7657500.00 -4394.23 
547500.00 7657500.00 -4232.48 
552500.00 7657500.00 -5599.81 
557500.00 7657500.00 -7047.98 
562500.00 7657500.00 -7099.08 
567500.00 7657500.00 -6910.86 
572500.00 7657500.00 -6710.87 
577500.00 7657500.00 -6686.51 
402500.00 7662500.00 -4121.00 
407500.00 7662500.00 -4167.73 
412500.00 7662500.00 -4723.65 
417500.00 7662500.00 -4660.26 
422500.00 7662500.00 -4361.65 
427500.00 7662500.00 -4361.74 
432500.00 7662500.00 -4512.80 
437500.00 7662500.00 -4548.73 
442500.00 7662500.00 -4673.21 
447500.00 7662500.00 -4161.80 
452500.00 7662500.00 -4209.36 
457500.00 7662500.00 -5296.03 
462500.00 7662500.00 -4815.34 
467500.00 7662500.00 -4555.28 
472500.00 7662500.00 -3836.41 
477500.00 7662500.00 -4154.66 
482500.00 7662500.00 -5441.36 
487500.00 7662500.00 -3855.57 
492500.00 7662500.00 -4836.27 
497500.00 7662500.00 -4674.37 
502500.00 7662500.00 -6712.73 
507500.00 7662500.00 -4717.83 
512500.00 7662500.00 -3332.18 
517500.00 7662500.00 -4342.67 
522500.00 7662500.00 -7028.71 
527500.00 7662500.00 -5572.27 
532500.00 7662500.00 -6669.25 
537500.00 7662500.00 -5089.70 
542500.00 7662500.00 -4137.66 
547500.00 7662500.00 -4596.71 
552500.00 7662500.00 -4690.01 
557500.00 7662500.00 -6794.64 
562500.00 7662500.00 -7558.68 
567500.00 7662500.00 -7268.64 
572500.00 7662500.00 -7038.56 
577500.00 7662500.00 -7201.90 
402500.00 7667500.00 -3911.90 
407500.00 7667500.00 -4152.70 
412500.00 7667500.00 -4466.44 
417500.00 7667500.00 -4555.00 
422500.00 7667500.00 -4545.50 
427500.00 7667500.00 -4409.80 
432500.00 7667500.00 -4069.36 
437500.00 7667500.00 -4490.94 
442500.00 7667500.00 -4742.71 
447500.00 7667500.00 -4272.38 
452500.00 7667500.00 -4650.19 
457500.00 7667500.00 -5712.86 
462500.00 7667500.00 -5159.64 
467500.00 7667500.00 -5081.63 
472500.00 7667500.00 -5886.24 
477500.00 7667500.00 -4349.90 
482500.00 7667500.00 -5550.26 
487500.00 7667500.00 -4940.57 
492500.00 7667500.00 -5035.72 
497500.00 7667500.00 -5162.92 
502500.00 7667500.00 -7795.79 
507500.00 7667500.00 -5714.47 
512500.00 7667500.00 -3674.08 
517500.00 7667500.00 -4312.84 
522500.00 7667500.00 -6115.14 
527500.00 7667500.00 -5200.36 
532500.00 7667500.00 -7439.76 
537500.00 7667500.00 -7146.25 
542500.00 7667500.00 -5038.56 
547500.00 7667500.00 -5052.00 
552500.00 7667500.00 -5152.69 
557500.00 7667500.00 -6366.06 
562500.00 7667500.00 -7263.21 
567500.00 7667500.00 -7114.00 
572500.00 7667500.00 -6799.77 
577500.00 7667500.00 -6828.17 
402500.00 7672500.00 -3392.40 
407500.00 7672500.00 -3554.09 
412500.00 7672500.00 -4135.87 
417500.00 7672500.00 -4601.65 
422500.00 7672500.00 -4514.06 
427500.00 7672500.00 -4416.82 
432500.00 7672500.00 -4523.22 
437500.00 7672500.00 -4680.22 
442500.00 7672500.00 -4655.73 
447500.00 7672500.00 -4162.96 
452500.00 7672500.00 -4871.27 
457500.00 7672500.00 -5499.78 
462500.00 7672500.00 -5525.76 
467500.00 7672500.00 -4650.93 
472500.00 7672500.00 -5843.63 
477500.00 7672500.00 -5219.78 
482500.00 7672500.00 -5488.15 
487500.00 7672500.00 -6377.39 
492500.00 7672500.00 -4964.42 
497500.00 7672500.00 -6127.98 
502500.00 7672500.00 -7003.72 
507500.00 7672500.00 -4961.15 
512500.00 7672500.00 -3959.01 
517500.00 7672500.00 -4889.39 
522500.00 7672500.00 -5415.14 
527500.00 7672500.00 -5243.79 
532500.00 7672500.00 -7374.98 
537500.00 7672500.00 -7446.84 
542500.00 7672500.00 -5141.75 
547500.00 7672500.00 -4702.77 
552500.00 7672500.00 -5579.84 
557500.00 7672500.00 -6040.62 
562500.00 7672500.00 -6509.82 
567500.00 7672500.00 -6434.74 
572500.00 7672500.00 -6496.95 
577500.00 7672500.00 -6640.02 
402500.00 7677500.00 -3237.15 
407500.00 7677500.00 -3392.99 
412500.00 7677500.00 -3861.39 
417500.00 7677500.00 -4468.81 
422500.00 7677500.00 -4583.14 
427500.00 7677500.00 -4463.26 
432500.00 7677500.00 -4386.09 
437500.00 7677500.00 -4479.23 
442500.00 7677500.00 -4694.99 
447500.00 7677500.00 -4637.20 
452500.00 7677500.00 -5166.15 
457500.00 7677500.00 -5498.35 
462500.00 7677500.00 -5553.46 
467500.00 7677500.00 -4482.61 
472500.00 7677500.00 -5764.42 
477500.00 7677500.00 -5369.72 
482500.00 7677500.00 -4735.34 
487500.00 7677500.00 -6411.07 
492500.00 7677500.00 -4860.17 
497500.00 7677500.00 -7057.71 
502500.00 7677500.00 -5410.00 
507500.00 7677500.00 -4095.06 
512500.00 7677500.00 -3801.94 
517500.00 7677500.00 -4267.62 
522500.00 7677500.00 -6263.28 
527500.00 7677500.00 -6375.06 
532500.00 7677500.00 -7685.32 
537500.00 7677500.00 -7619.48 
542500.00 7677500.00 -5907.34 
547500.00 7677500.00 -4987.43 
552500.00 7677500.00 -5326.50 
557500.00 7677500.00 -6265.88 
562500.00 7677500.00 -6888.83 
567500.00 7677500.00 -6704.43 
572500.00 7677500.00 -6509.58 
577500.00 7677500.00 -7087.20 
402500.00 7682500.00 -3051.91 
407500.00 7682500.00 -3260.97 
412500.00 7682500.00 -3610.41 
417500.00 7682500.00 -4111.69 
422500.00 7682500.00 -4440.40 
427500.00 7682500.00 -4399.46 
432500.00 7682500.00 -4329.92 
437500.00 7682500.00 -4379.36 
442500.00 7682500.00 -4816.14 
447500.00 7682500.00 -5136.29 
452500.00 7682500.00 -4767.15 
457500.00 7682500.00 -4717.76 
462500.00 7682500.00 -5371.21 
467500.00 7682500.00 -4506.26 
472500.00 7682500.00 -5225.72 
477500.00 7682500.00 -5444.11 
482500.00 7682500.00 -4556.30 
487500.00 7682500.00 -6193.68 
492500.00 7682500.00 -5044.74 
497500.00 7682500.00 -6915.87 
502500.00 7682500.00 -6246.67 
507500.00 7682500.00 -7065.17 
512500.00 7682500.00 -5205.31 
517500.00 7682500.00 -5447.14 
522500.00 7682500.00 -6265.28 
527500.00 7682500.00 -5413.86 
532500.00 7682500.00 -7372.88 
537500.00 7682500.00 -7817.32 
542500.00 7682500.00 -6805.92 
547500.00 7682500.00 -5934.71 
552500.00 7682500.00 -7070.62 
557500.00 7682500.00 -6855.77 
562500.00 7682500.00 -6803.98 
567500.00 7682500.00 -6747.46 
572500.00 7682500.00 -6931.94 
577500.00 7682500.00 -7342.91 
402500.00 7687500.00 -2891.45 
407500.00 7687500.00 -3101.68 
412500.00 7687500.00 -3475.26 
417500.00 7687500.00 -3861.45 
422500.00 7687500.00 -4321.28 
427500.00 7687500.00 -4348.03 
432500.00 7687500.00 -4348.80 
437500.00 7687500.00 -4435.12 
442500.00 7687500.00 -4703.53 
447500.00 7687500.00 -4823.32 
452500.00 7687500.00 -4781.11 
457500.00 7687500.00 -4733.40 
462500.00 7687500.00 -4975.16 
467500.00 7687500.00 -4402.26 
472500.00 7687500.00 -5324.75 
477500.00 7687500.00 -5486.90 
482500.00 7687500.00 -5671.38 
487500.00 7687500.00 -6042.60 
492500.00 7687500.00 -6124.57 
497500.00 7687500.00 -5847.89 
502500.00 7687500.00 -7374.79 
507500.00 7687500.00 -7032.18 
512500.00 7687500.00 -5923.38 
517500.00 7687500.00 -5012.22 
522500.00 7687500.00 -6354.39 
527500.00 7687500.00 -5616.08 
532500.00 7687500.00 -6527.57 
537500.00 7687500.00 -7703.17 
542500.00 7687500.00 -7248.62 
547500.00 7687500.00 -5418.24 
552500.00 7687500.00 -4733.53 
557500.00 7687500.00 -4857.32 
562500.00 7687500.00 -6321.96 
567500.00 7687500.00 -6707.95 
572500.00 7687500.00 -7335.97 
577500.00 7687500.00 -7405.56 
402500.00 7692500.00 -2603.94 
407500.00 7692500.00 -2874.59 
412500.00 7692500.00 -3181.97 
417500.00 7692500.00 -3426.07 
422500.00 7692500.00 -4230.91 
427500.00 7692500.00 -4389.89 
432500.00 7692500.00 -4217.91 
437500.00 7692500.00 -4281.74 
442500.00 7692500.00 -4647.78 
447500.00 7692500.00 -4675.11 
452500.00 7692500.00 -4504.33 
457500.00 7692500.00 -4635.90 
462500.00 7692500.00 -4459.17 
467500.00 7692500.00 -4378.50 
472500.00 7692500.00 -4699.32 
477500.00 7692500.00 -4958.18 
482500.00 7692500.00 -6065.51 
487500.00 7692500.00 -5169.56 
492500.00 7692500.00 -5954.38 
497500.00 7692500.00 -5907.95 
502500.00 7692500.00 -7200.49 
507500.00 7692500.00 -5656.45 
512500.00 7692500.00 -4468.38 
517500.00 7692500.00 -3592.58 
522500.00 7692500.00 -4797.40 
527500.00 7692500.00 -5182.68 
532500.00 7692500.00 -5163.67 
537500.00 7692500.00 -7124.90 
542500.00 7692500.00 -7409.00 
547500.00 7692500.00 -5960.54 
552500.00 7692500.00 -5497.20 
557500.00 7692500.00 -5896.60 
562500.00 7692500.00 -6321.80 
567500.00 7692500.00 -6610.20 
572500.00 7692500.00 -7199.51 
577500.00 7692500.00 -7643.27 
402500.00 7697500.00 -2263.67 
407500.00 7697500.00 -2674.66 
412500.00 7697500.00 -3012.54 
417500.00 7697500.00 -3276.49 
422500.00 7697500.00 -3850.70 
427500.00 7697500.00 -4279.42 
432500.00 7697500.00 -4199.17 
437500.00 7697500.00 -4217.66 
442500.00 7697500.00 -4465.31 
447500.00 7697500.00 -4791.99 
452500.00 7697500.00 -4698.94 
457500.00 7697500.00 -4669.56 
462500.00 7697500.00 -5068.28 
467500.00 7697500.00 -4978.23 
472500.00 7697500.00 -5113.35 
477500.00 7697500.00 -4798.78 
482500.00 7697500.00 -5818.61 
487500.00 7697500.00 -4913.69 
492500.00 7697500.00 -5730.59 
497500.00 7697500.00 -6170.45 
502500.00 7697500.00 -6681.48 
507500.00 7697500.00 -7109.36 
512500.00 7697500.00 -6245.20 
517500.00 7697500.00 -4479.10 
522500.00 7697500.00 -3902.95 
527500.00 7697500.00 -4433.67 
532500.00 7697500.00 -4986.39 
537500.00 7697500.00 -6634.59 
542500.00 7697500.00 -7312.72 
547500.00 7697500.00 -6094.08 
552500.00 7697500.00 -5154.65 
557500.00 7697500.00 -6197.12 
562500.00 7697500.00 -6252.15 
567500.00 7697500.00 -6522.85 
572500.00 7697500.00 -7317.76 
577500.00 7697500.00 -7747.34 
402500.00 7702500.00 -1993.63 
407500.00 7702500.00 -2511.20 
412500.00 7702500.00 -2918.99 
417500.00 7702500.00 -3146.40 
422500.00 7702500.00 -3643.38 
427500.00 7702500.00 -4328.96 
432500.00 7702500.00 -4514.40 
437500.00 7702500.00 -4403.18 
442500.00 7702500.00 -4507.89 
447500.00 7702500.00 -4725.40 
452500.00 7702500.00 -4871.30 
457500.00 7702500.00 -4942.13 
462500.00 7702500.00 -5101.96 
467500.00 7702500.00 -5219.70 
472500.00 7702500.00 -5237.68 
477500.00 7702500.00 -5529.22 
482500.00 7702500.00 -6141.71 
487500.00 7702500.00 -5491.47 
492500.00 7702500.00 -5697.36 
497500.00 7702500.00 -6624.37 
502500.00 7702500.00 -6336.82 
507500.00 7702500.00 -6902.79 
512500.00 7702500.00 -5591.76 
517500.00 7702500.00 -4293.87 
522500.00 7702500.00 -3836.93 
527500.00 7702500.00 -4937.51 
532500.00 7702500.00 -6889.03 
537500.00 7702500.00 -6899.10 
542500.00 7702500.00 -7536.03 
547500.00 7702500.00 -6903.91 
552500.00 7702500.00 -4027.60 
557500.00 7702500.00 -4691.30 
562500.00 7702500.00 -6119.15 
567500.00 7702500.00 -6579.44 
572500.00 7702500.00 -7248.84 
577500.00 7702500.00 -7572.75 
402500.00 7707500.00 -1574.26 
407500.00 7707500.00 -2478.55 
412500.00 7707500.00 -2862.38 
417500.00 7707500.00 -3090.48 
422500.00 7707500.00 -3548.26 
427500.00 7707500.00 -4128.02 
432500.00 7707500.00 -4551.88 
437500.00 7707500.00 -4564.95 
442500.00 7707500.00 -4653.93 
447500.00 7707500.00 -4732.27 
452500.00 7707500.00 -4774.36 
457500.00 7707500.00 -4885.27 
462500.00 7707500.00 -4261.07 
467500.00 7707500.00 -5020.84 
472500.00 7707500.00 -5285.89 
477500.00 7707500.00 -5883.16 
482500.00 7707500.00 -6292.80 
487500.00 7707500.00 -5527.21 
492500.00 7707500.00 -6105.93 
497500.00 7707500.00 -6604.17 
502500.00 7707500.00 -6238.62 
507500.00 7707500.00 -4919.67 
512500.00 7707500.00 -5175.86 
517500.00 7707500.00 -5309.84 
522500.00 7707500.00 -4640.28 
527500.00 7707500.00 -5726.38 
532500.00 7707500.00 -6163.56 
537500.00 7707500.00 -6432.64 
542500.00 7707500.00 -7528.60 
547500.00 7707500.00 -6900.82 
552500.00 7707500.00 -4269.62 
557500.00 7707500.00 -4287.80 
562500.00 7707500.00 -5989.23 
567500.00 7707500.00 -6600.09 
572500.00 7707500.00 -6902.08 
577500.00 7707500.00 -7108.64 
402500.00 7712500.00 -1485.49 
407500.00 7712500.00 -2291.51 
412500.00 7712500.00 -2687.34 
417500.00 7712500.00 -2867.82 
422500.00 7712500.00 -3219.20 
427500.00 7712500.00 -3709.57 
432500.00 7712500.00 -4610.23 
437500.00 7712500.00 -4834.83 
442500.00 7712500.00 -4910.13 
447500.00 7712500.00 -4761.29 
452500.00 7712500.00 -4691.21 
457500.00 7712500.00 -4984.20 
462500.00 7712500.00 -4661.32 
467500.00 7712500.00 -5235.41 
472500.00 7712500.00 -5486.63 
477500.00 7712500.00 -4801.71 
482500.00 7712500.00 -6021.66 
487500.00 7712500.00 -5754.59 
492500.00 7712500.00 -6165.63 
497500.00 7712500.00 -5825.80 
502500.00 7712500.00 -6897.14 
507500.00 7712500.00 -6587.01 
512500.00 7712500.00 -5909.59 
517500.00 7712500.00 -6680.62 
522500.00 7712500.00 -6146.80 
527500.00 7712500.00 -6880.01 
532500.00 7712500.00 -7045.61 
537500.00 7712500.00 -5943.02 
542500.00 7712500.00 -7514.92 
547500.00 7712500.00 -7057.12 
552500.00 7712500.00 -4333.40 
557500.00 7712500.00 -3710.33 
562500.00 7712500.00 -6562.53 
567500.00 7712500.00 -6812.37 
572500.00 7712500.00 -6756.12 
577500.00 7712500.00 -6934.13 
402500.00 7717500.00 -1393.98 
407500.00 7717500.00 -1988.59 
412500.00 7717500.00 -2421.58 
417500.00 7717500.00 -2533.96 
422500.00 7717500.00 -2954.83 
427500.00 7717500.00 -3518.73 
432500.00 7717500.00 -4504.20 
437500.00 7717500.00 -4751.21 
442500.00 7717500.00 -4802.02 
447500.00 7717500.00 -4774.50 
452500.00 7717500.00 -4774.56 
457500.00 7717500.00 -4845.46 
462500.00 7717500.00 -4980.66 
467500.00 7717500.00 -4913.70 
472500.00 7717500.00 -5621.24 
477500.00 7717500.00 -4876.73 
482500.00 7717500.00 -5802.35 
487500.00 7717500.00 -6228.33 
492500.00 7717500.00 -5478.34 
497500.00 7717500.00 -6421.03 
502500.00 7717500.00 -6756.64 
507500.00 7717500.00 -7262.81 
512500.00 7717500.00 -5596.41 
517500.00 7717500.00 -6638.30 
522500.00 7717500.00 -5534.08 
527500.00 7717500.00 -6574.24 
532500.00 7717500.00 -8054.16 
537500.00 7717500.00 -6672.66 
542500.00 7717500.00 -6124.39 
547500.00 7717500.00 -6910.97 
552500.00 7717500.00 -4603.60 
557500.00 7717500.00 -3721.47 
562500.00 7717500.00 -6832.36 
567500.00 7717500.00 -6988.29 
572500.00 7717500.00 -6845.41 
577500.00 7717500.00 -6971.61 
402500.00 7722500.00 -1200.21 
407500.00 7722500.00 -1756.46 
412500.00 7722500.00 -2147.57 
417500.00 7722500.00 -2592.70 
422500.00 7722500.00 -3060.60 
427500.00 7722500.00 -3436.81 
432500.00 7722500.00 -4315.59 
437500.00 7722500.00 -4392.29 
442500.00 7722500.00 -4787.09 
447500.00 7722500.00 -4728.01 
452500.00 7722500.00 -4835.60 
457500.00 7722500.00 -4583.08 
462500.00 7722500.00 -5172.46 
467500.00 7722500.00 -5141.10 
472500.00 7722500.00 -5954.79 
477500.00 7722500.00 -4548.95 
482500.00 7722500.00 -6284.67 
487500.00 7722500.00 -6825.34 
492500.00 7722500.00 -5892.99 
497500.00 7722500.00 -7104.57 
502500.00 7722500.00 -7462.25 
507500.00 7722500.00 -7845.10 
512500.00 7722500.00 -6957.72 
517500.00 7722500.00 -8023.00 
522500.00 7722500.00 -7549.85 
527500.00 7722500.00 -6059.12 
532500.00 7722500.00 -7855.74 
537500.00 7722500.00 -7854.09 
542500.00 7722500.00 -5402.72 
547500.00 7722500.00 -4451.77 
552500.00 7722500.00 -5455.26 
557500.00 7722500.00 -5755.97 
562500.00 7722500.00 -6999.52 
567500.00 7722500.00 -6825.67 
572500.00 7722500.00 -6776.08 
577500.00 7722500.00 -7137.16 
402500.00 7727500.00 -1117.40 
407500.00 7727500.00 -1564.37 
412500.00 7727500.00 -2080.42 
417500.00 7727500.00 -2528.02 
422500.00 7727500.00 -2912.05 
427500.00 7727500.00 -3410.27 
432500.00 7727500.00 -4346.30 
437500.00 7727500.00 -4411.20 
442500.00 7727500.00 -4834.68 
447500.00 7727500.00 -5001.82 
452500.00 7727500.00 -4817.37 
457500.00 7727500.00 -4703.41 
462500.00 7727500.00 -5170.29 
467500.00 7727500.00 -5426.48 
472500.00 7727500.00 -6076.55 
477500.00 7727500.00 -4975.91 
482500.00 7727500.00 -6438.30 
487500.00 7727500.00 -6992.52 
492500.00 7727500.00 -6341.14 
497500.00 7727500.00 -6869.04 
502500.00 7727500.00 -7898.93 
507500.00 7727500.00 -7281.74 
512500.00 7727500.00 -7304.47 
517500.00 7727500.00 -8179.92 
522500.00 7727500.00 -6376.14 
527500.00 7727500.00 -5914.52 
532500.00 7727500.00 -7622.97 
537500.00 7727500.00 -7881.66 
542500.00 7727500.00 -5424.28 
547500.00 7727500.00 -4366.03 
552500.00 7727500.00 -6948.20 
557500.00 7727500.00 -7178.11 
562500.00 7727500.00 -6944.02 
567500.00 7727500.00 -6656.41 
572500.00 7727500.00 -6703.15 
577500.00 7727500.00 -7267.35 
402500.00 7732500.00 -1026.76 
407500.00 7732500.00 -1331.06 
412500.00 7732500.00 -1876.39 
417500.00 7732500.00 -2307.00 
422500.00 7732500.00 -2743.96 
427500.00 7732500.00 -3253.14 
432500.00 7732500.00 -4258.18 
437500.00 7732500.00 -4932.61 
442500.00 7732500.00 -5074.06 
447500.00 7732500.00 -5151.57 
452500.00 7732500.00 -5034.86 
457500.00 7732500.00 -4899.60 
462500.00 7732500.00 -4966.77 
467500.00 7732500.00 -5530.81 
472500.00 7732500.00 -5538.32 
477500.00 7732500.00 -5278.46 
482500.00 7732500.00 -6431.01 
487500.00 7732500.00 -5864.69 
492500.00 7732500.00 -6552.04 
497500.00 7732500.00 -6761.11 
502500.00 7732500.00 -6187.51 
507500.00 7732500.00 -6248.95 
512500.00 7732500.00 -7832.03 
517500.00 7732500.00 -4899.70 
522500.00 7732500.00 -6718.63 
527500.00 7732500.00 -6141.19 
532500.00 7732500.00 -7157.96 
537500.00 7732500.00 -7959.60 
542500.00 7732500.00 -8226.13 
547500.00 7732500.00 -7629.68 
552500.00 7732500.00 -7397.09 
557500.00 7732500.00 -7275.26 
562500.00 7732500.00 -7198.06 
567500.00 7732500.00 -6730.77 
572500.00 7732500.00 -7046.65 
577500.00 7732500.00 -7436.07 
402500.00 7737500.00 -999.69 
407500.00 7737500.00 -1187.11 
412500.00 7737500.00 -1805.39 
417500.00 7737500.00 -2316.90 
422500.00 7737500.00 -2750.71 
427500.00 7737500.00 -3068.98 
432500.00 7737500.00 -4213.59 
437500.00 7737500.00 -5239.81 
442500.00 7737500.00 -5152.96 
447500.00 7737500.00 -5271.11 
452500.00 7737500.00 -5121.69 
457500.00 7737500.00 -4947.50 
462500.00 7737500.00 -4994.94 
467500.00 7737500.00 -5551.22 
472500.00 7737500.00 -5616.22 
477500.00 7737500.00 -5615.37 
482500.00 7737500.00 -6483.19 
487500.00 7737500.00 -5585.80 
492500.00 7737500.00 -6354.07 
497500.00 7737500.00 -6543.48 
502500.00 7737500.00 -5779.92 
507500.00 7737500.00 -7196.71 
512500.00 7737500.00 -7216.30 
517500.00 7737500.00 -4768.48 
522500.00 7737500.00 -6593.63 
527500.00 7737500.00 -6575.47 
532500.00 7737500.00 -7115.08 
537500.00 7737500.00 -7684.59 
542500.00 7737500.00 -7629.66 
547500.00 7737500.00 -7600.89 
552500.00 7737500.00 -7121.33 
557500.00 7737500.00 -7206.14 
562500.00 7737500.00 -7566.87 
567500.00 7737500.00 -7461.28 
572500.00 7737500.00 -7875.36 
577500.00 7737500.00 -7892.69 
402500.00 7742500.00 -1101.31 
407500.00 7742500.00 -1196.68 
412500.00 7742500.00 -1705.18 
417500.00 7742500.00 -2289.08 
422500.00 7742500.00 -2805.59 
427500.00 7742500.00 -3126.06 
432500.00 7742500.00 -3753.97 
437500.00 7742500.00 -4707.85 
442500.00 7742500.00 -5320.32 
447500.00 7742500.00 -5556.34 
452500.00 7742500.00 -5107.67 
457500.00 7742500.00 -5080.24 
462500.00 7742500.00 -5377.83 
467500.00 7742500.00 -5642.08 
472500.00 7742500.00 -5957.04 
477500.00 7742500.00 -6167.04 
482500.00 7742500.00 -6563.09 
487500.00 7742500.00 -5914.52 
492500.00 7742500.00 -6101.22 
497500.00 7742500.00 -6339.47 
502500.00 7742500.00 -6399.79 
507500.00 7742500.00 -7042.18 
512500.00 7742500.00 -7115.24 
517500.00 7742500.00 -6539.12 
522500.00 7742500.00 -6177.51 
527500.00 7742500.00 -6283.93 
532500.00 7742500.00 -7361.42 
537500.00 7742500.00 -7924.67 
542500.00 7742500.00 -8035.08 
547500.00 7742500.00 -7700.20 
552500.00 7742500.00 -7180.15 
557500.00 7742500.00 -6992.99 
562500.00 7742500.00 -7694.91 
567500.00 7742500.00 -8243.27 
572500.00 7742500.00 -8984.84 
577500.00 7742500.00 -9080.76 
402500.00 7747500.00 -1169.33 
407500.00 7747500.00 -1249.61 
412500.00 7747500.00 -1509.91 
417500.00 7747500.00 -2138.20 
422500.00 7747500.00 -2765.23 
427500.00 7747500.00 -3189.53 
432500.00 7747500.00 -3927.97 
437500.00 7747500.00 -4720.55 
442500.00 7747500.00 -5448.13 
447500.00 7747500.00 -5529.14 
452500.00 7747500.00 -5257.68 
457500.00 7747500.00 -5278.36 
462500.00 7747500.00 -5546.00 
467500.00 7747500.00 -5670.22 
472500.00 7747500.00 -6227.97 
477500.00 7747500.00 -6101.24 
482500.00 7747500.00 -6529.86 
487500.00 7747500.00 -6137.48 
492500.00 7747500.00 -5722.08 
497500.00 7747500.00 -6012.24 
502500.00 7747500.00 -6717.00 
507500.00 7747500.00 -7149.71 
512500.00 7747500.00 -7492.16 
517500.00 7747500.00 -6957.09 
522500.00 7747500.00 -7552.71 
527500.00 7747500.00 -6797.24 
532500.00 7747500.00 -6195.31 
537500.00 7747500.00 -5745.61 
542500.00 7747500.00 -8162.37 
547500.00 7747500.00 -7061.39 
552500.00 7747500.00 -7177.79 
557500.00 7747500.00 -6922.34 
562500.00 7747500.00 -7529.91 
567500.00 7747500.00 -8001.32 
572500.00 7747500.00 -9211.32 
577500.00 7747500.00 -9320.61 
402500.00 7752500.00 -1104.22 
407500.00 7752500.00 -1175.33 
412500.00 7752500.00 -1362.18 
417500.00 7752500.00 -2097.51 
422500.00 7752500.00 -2589.89 
427500.00 7752500.00 -3139.40 
432500.00 7752500.00 -4090.33 
437500.00 7752500.00 -4855.13 
442500.00 7752500.00 -5533.55 
447500.00 7752500.00 -5636.48 
452500.00 7752500.00 -5502.56 
457500.00 7752500.00 -5373.44 
462500.00 7752500.00 -5438.93 
467500.00 7752500.00 -5632.57 
472500.00 7752500.00 -6313.89 
477500.00 7752500.00 -5258.76 
482500.00 7752500.00 -6593.70 
487500.00 7752500.00 -6806.21 
492500.00 7752500.00 -5244.11 
497500.00 7752500.00 -5801.60 
502500.00 7752500.00 -6316.67 
507500.00 7752500.00 -7179.60 
512500.00 7752500.00 -7734.87 
517500.00 7752500.00 -7638.50 
522500.00 7752500.00 -7473.44 
527500.00 7752500.00 -7965.94 
532500.00 7752500.00 -7899.89 
537500.00 7752500.00 -6808.50 
542500.00 7752500.00 -7866.48 
547500.00 7752500.00 -7470.21 
552500.00 7752500.00 -8190.37 
557500.00 7752500.00 -7723.26 
562500.00 7752500.00 -7934.67 
567500.00 7752500.00 -8417.83 
572500.00 7752500.00 -9170.72 
577500.00 7752500.00 -7504.61 
402500.00 7757500.00 -982.60 
407500.00 7757500.00 -1162.64 
412500.00 7757500.00 -1275.22 
417500.00 7757500.00 -1832.17 
422500.00 7757500.00 -2479.28 
427500.00 7757500.00 -3085.63 
432500.00 7757500.00 -4026.54 
437500.00 7757500.00 -4700.62 
442500.00 7757500.00 -5245.66 
447500.00 7757500.00 -5800.79 
452500.00 7757500.00 -5582.64 
457500.00 7757500.00 -5515.55 
462500.00 7757500.00 -5656.26 
467500.00 7757500.00 -5822.84 
472500.00 7757500.00 -6245.92 
477500.00 7757500.00 -5756.89 
482500.00 7757500.00 -6697.75 
487500.00 7757500.00 -6742.46 
492500.00 7757500.00 -6163.27 
497500.00 7757500.00 -6413.31 
502500.00 7757500.00 -5880.83 
507500.00 7757500.00 -6891.79 
512500.00 7757500.00 -6740.83 
517500.00 7757500.00 -7032.11 
522500.00 7757500.00 -7715.95 
527500.00 7757500.00 -8236.90 
532500.00 7757500.00 -8010.21 
537500.00 7757500.00 -7443.91 
542500.00 7757500.00 -4726.85 
547500.00 7757500.00 -5250.62 
552500.00 7757500.00 -8382.04 
557500.00 7757500.00 -7703.17 
562500.00 7757500.00 -8272.17 
567500.00 7757500.00 -8919.80 
572500.00 7757500.00 -8915.08 
577500.00 7757500.00 -8953.67 
402500.00 7762500.00 -839.92 
407500.00 7762500.00 -996.99 
412500.00 7762500.00 -1261.78 
417500.00 7762500.00 -2059.10 
422500.00 7762500.00 -2559.13 
427500.00 7762500.00 -3111.20 
432500.00 7762500.00 -3995.71 
437500.00 7762500.00 -4532.80 
442500.00 7762500.00 -4986.01 
447500.00 7762500.00 -5450.05 
452500.00 7762500.00 -5537.81 
457500.00 7762500.00 -5783.44 
462500.00 7762500.00 -5932.93 
467500.00 7762500.00 -5871.93 
472500.00 7762500.00 -6348.50 
477500.00 7762500.00 -5639.46 
482500.00 7762500.00 -6521.25 
487500.00 7762500.00 -6674.19 
492500.00 7762500.00 -6671.65 
497500.00 7762500.00 -6659.35 
502500.00 7762500.00 -5635.09 
507500.00 7762500.00 -6211.37 
512500.00 7762500.00 -6965.51 
517500.00 7762500.00 -7340.42 
522500.00 7762500.00 -7602.82 
527500.00 7762500.00 -7713.39 
532500.00 7762500.00 -7286.73 
537500.00 7762500.00 -7171.44 
542500.00 7762500.00 -7562.84 
547500.00 7762500.00 -7797.46 
552500.00 7762500.00 -8398.03 
557500.00 7762500.00 -7775.69 
562500.00 7762500.00 -7773.92 
567500.00 7762500.00 -8387.33 
572500.00 7762500.00 -8777.90 
577500.00 7762500.00 -8895.97 
402500.00 7767500.00 -837.61 
407500.00 7767500.00 -1052.00 
412500.00 7767500.00 -1241.97 
417500.00 7767500.00 -2087.46 
422500.00 7767500.00 -2597.39 
427500.00 7767500.00 -3060.78 
432500.00 7767500.00 -3999.24 
437500.00 7767500.00 -4515.92 
442500.00 7767500.00 -4998.19 
447500.00 7767500.00 -5340.47 
452500.00 7767500.00 -5575.29 
457500.00 7767500.00 -5960.00 
462500.00 7767500.00 -5876.06 
467500.00 7767500.00 -5934.95 
472500.00 7767500.00 -6172.87 
477500.00 7767500.00 -5828.60 
482500.00 7767500.00 -6371.30 
487500.00 7767500.00 -6398.32 
492500.00 7767500.00 -6318.06 
497500.00 7767500.00 -6305.72 
502500.00 7767500.00 -7215.12 
507500.00 7767500.00 -7105.65 
512500.00 7767500.00 -6998.28 
517500.00 7767500.00 -7049.12 
522500.00 7767500.00 -7902.23 
527500.00 7767500.00 -7856.59 
532500.00 7767500.00 -7490.74 
537500.00 7767500.00 -7373.10 
542500.00 7767500.00 -8140.92 
547500.00 7767500.00 -8172.72 
552500.00 7767500.00 -8070.48 
557500.00 7767500.00 -8135.41 
562500.00 7767500.00 -7952.22 
567500.00 7767500.00 -8598.85 
572500.00 7767500.00 -9101.96 
577500.00 7767500.00 -9259.85 
402500.00 7772500.00 -752.51 
407500.00 7772500.00 -1035.67 
412500.00 7772500.00 -1409.89 
417500.00 7772500.00 -2148.48 
422500.00 7772500.00 -2831.35 
427500.00 7772500.00 -3119.03 
432500.00 7772500.00 -3812.43 
437500.00 7772500.00 -4495.41 
442500.00 7772500.00 -4860.43 
447500.00 7772500.00 -5161.35 
452500.00 7772500.00 -5539.33 
457500.00 7772500.00 -5790.62 
462500.00 7772500.00 -5788.28 
467500.00 7772500.00 -6015.23 
472500.00 7772500.00 -6046.79 
477500.00 7772500.00 -6431.78 
482500.00 7772500.00 -6130.21 
487500.00 7772500.00 -5898.48 
492500.00 7772500.00 -7130.70 
497500.00 7772500.00 -7361.66 
502500.00 7772500.00 -7639.47 
507500.00 7772500.00 -7616.31 
512500.00 7772500.00 -7657.05 
517500.00 7772500.00 -6960.47 
522500.00 7772500.00 -7368.11 
527500.00 7772500.00 -7345.35 
532500.00 7772500.00 -7784.31 
537500.00 7772500.00 -8186.16 
542500.00 7772500.00 -8971.01 
547500.00 7772500.00 -8974.62 
552500.00 7772500.00 -9431.75 
557500.00 7772500.00 -9070.55 
562500.00 7772500.00 -9037.61 
567500.00 7772500.00 -9070.10 
572500.00 7772500.00 -9027.99 
577500.00 7772500.00 -9273.83 
402500.00 7777500.00 -747.97 
407500.00 7777500.00 -1034.21 
412500.00 7777500.00 -1513.02 
417500.00 7777500.00 -2048.93 
422500.00 7777500.00 -2851.78 
427500.00 7777500.00 -3183.89 
432500.00 7777500.00 -3783.71 
437500.00 7777500.00 -4253.59 
442500.00 7777500.00 -4632.97 
447500.00 7777500.00 -4978.80 
452500.00 7777500.00 -5493.71 
457500.00 7777500.00 -5874.04 
462500.00 7777500.00 -5849.79 
467500.00 7777500.00 -5753.91 
472500.00 7777500.00 -6130.15 
477500.00 7777500.00 -6312.06 
482500.00 7777500.00 -5955.77 
487500.00 7777500.00 -5930.43 
492500.00 7777500.00 -7387.54 
497500.00 7777500.00 -7698.89 
502500.00 7777500.00 -7330.15 
507500.00 7777500.00 -7519.59 
512500.00 7777500.00 -7751.24 
517500.00 7777500.00 -7282.62 
522500.00 7777500.00 -7756.67 
527500.00 7777500.00 -7761.23 
532500.00 7777500.00 -8867.15 
537500.00 7777500.00 -9667.85 
542500.00 7777500.00 -8901.42 
547500.00 7777500.00 -8542.12 
552500.00 7777500.00 -9308.68 
557500.00 7777500.00 -9180.91 
562500.00 7777500.00 -9532.04 
567500.00 7777500.00 -9755.64 
572500.00 7777500.00 -9129.55 
577500.00 7777500.00 -8970.78 
402500.00 7782500.00 -841.97 
407500.00 7782500.00 -1119.52 
412500.00 7782500.00 -1606.60 
417500.00 7782500.00 -2085.14 
422500.00 7782500.00 -2903.74 
427500.00 7782500.00 -3351.20 
432500.00 7782500.00 -3890.50 
437500.00 7782500.00 -4107.75 
442500.00 7782500.00 -4300.13 
447500.00 7782500.00 -4681.54 
452500.00 7782500.00 -5292.29 
457500.00 7782500.00 -5785.15 
462500.00 7782500.00 -5874.31 
467500.00 7782500.00 -5762.84 
472500.00 7782500.00 -6226.57 
477500.00 7782500.00 -5893.42 
482500.00 7782500.00 -5464.60 
487500.00 7782500.00 -7252.55 
492500.00 7782500.00 -7787.02 
497500.00 7782500.00 -7559.91 
502500.00 7782500.00 -6461.45 
507500.00 7782500.00 -7541.18 
512500.00 7782500.00 -7910.32 
517500.00 7782500.00 -7895.56 
522500.00 7782500.00 -7498.79 
527500.00 7782500.00 -8045.37 
532500.00 7782500.00 -9660.36 
537500.00 7782500.00 -9260.71 
542500.00 7782500.00 -7845.55 
547500.00 7782500.00 -7322.54 
552500.00 7782500.00 -9268.31 
557500.00 7782500.00 -9432.28 
562500.00 7782500.00 -9262.58 
567500.00 7782500.00 -9482.70 
572500.00 7782500.00 -9376.94 
577500.00 7782500.00 -9161.62 
402500.00 7787500.00 -949.25 
407500.00 7787500.00 -1144.92 
412500.00 7787500.00 -1647.81 
417500.00 7787500.00 -1988.19 
422500.00 7787500.00 -2670.80 
427500.00 7787500.00 -3271.06 
432500.00 7787500.00 -3864.15 
437500.00 7787500.00 -4224.40 
442500.00 7787500.00 -4268.46 
447500.00 7787500.00 -4623.10 
452500.00 7787500.00 -5455.71 
457500.00 7787500.00 -5939.12 
462500.00 7787500.00 -6065.97 
467500.00 7787500.00 -5838.27 
472500.00 7787500.00 -6363.38 
477500.00 7787500.00 -6637.17 
482500.00 7787500.00 -6188.58 
487500.00 7787500.00 -7151.31 
492500.00 7787500.00 -8049.89 
497500.00 7787500.00 -7073.42 
502500.00 7787500.00 -5467.41 
507500.00 7787500.00 -7634.07 
512500.00 7787500.00 -8016.44 
517500.00 7787500.00 -8161.23 
522500.00 7787500.00 -5645.21 
527500.00 7787500.00 -7828.50 
532500.00 7787500.00 -10065.09 
537500.00 7787500.00 -8781.13 
542500.00 7787500.00 -8182.51 
547500.00 7787500.00 -8040.46 
552500.00 7787500.00 -8942.29 
557500.00 7787500.00 -9172.38 
562500.00 7787500.00 -9135.28 
567500.00 7787500.00 -9140.26 
572500.00 7787500.00 -9266.69 
577500.00 7787500.00 -9189.91 
402500.00 7792500.00 -1037.86 
407500.00 7792500.00 -1119.47 
412500.00 7792500.00 -1521.53 
417500.00 7792500.00 -1944.64 
422500.00 7792500.00 -2591.05 
427500.00 7792500.00 -3176.12 
432500.00 7792500.00 -3822.84 
437500.00 7792500.00 -4330.39 
442500.00 7792500.00 -4659.86 
447500.00 7792500.00 -4704.69 
452500.00 7792500.00 -5299.79 
457500.00 7792500.00 -5681.34 
462500.00 7792500.00 -5809.85 
467500.00 7792500.00 -6142.11 
472500.00 7792500.00 -6113.17 
477500.00 7792500.00 -6389.32 
482500.00 7792500.00 -6626.73 
487500.00 7792500.00 -6835.95 
492500.00 7792500.00 -6452.37 
497500.00 7792500.00 -7047.06 
502500.00 7792500.00 -7701.16 
507500.00 7792500.00 -7970.17 
512500.00 7792500.00 -8099.59 
517500.00 7792500.00 -7958.08 
522500.00 7792500.00 -7007.37 
527500.00 7792500.00 -8063.34 
532500.00 7792500.00 -8890.60 
537500.00 7792500.00 -8534.47 
542500.00 7792500.00 -8710.49 
547500.00 7792500.00 -8768.00 
552500.00 7792500.00 -8851.42 
557500.00 7792500.00 -8957.33 
562500.00 7792500.00 -9214.90 
567500.00 7792500.00 -9158.56 
572500.00 7792500.00 -9184.20 
577500.00 7792500.00 -9169.07 
402500.00 7797500.00 -972.66 
407500.00 7797500.00 -1000.54 
412500.00 7797500.00 -1431.47 
417500.00 7797500.00 -1950.26 
422500.00 7797500.00 -2408.17 
427500.00 7797500.00 -2849.86 
432500.00 7797500.00 -4057.43 
437500.00 7797500.00 -4601.82 
442500.00 7797500.00 -4895.13 
447500.00 7797500.00 -4891.48 
452500.00 7797500.00 -5324.47 
457500.00 7797500.00 -5674.14 
462500.00 7797500.00 -6011.02 
467500.00 7797500.00 -6295.99 
472500.00 7797500.00 -5933.18 
477500.00 7797500.00 -6432.09 
482500.00 7797500.00 -6864.41 
487500.00 7797500.00 -7235.72 
492500.00 7797500.00 -6027.39 
497500.00 7797500.00 -6472.17 
502500.00 7797500.00 -7242.92 
507500.00 7797500.00 -7251.55 
512500.00 7797500.00 -7700.13 
517500.00 7797500.00 -7690.67 
522500.00 7797500.00 -7740.90 
527500.00 7797500.00 -7887.00 
532500.00 7797500.00 -8304.39 
537500.00 7797500.00 -8494.75 
542500.00 7797500.00 -8630.42 
547500.00 7797500.00 -8683.37 
552500.00 7797500.00 -8831.63 
557500.00 7797500.00 -8911.64 
562500.00 7797500.00 -9120.52 
567500.00 7797500.00 -9112.09 
572500.00 7797500.00 -9172.79 
577500.00 7797500.00 -9156.08 
402500.00 7802500.00 -850.59 
407500.00 7802500.00 -843.63 
412500.00 7802500.00 -1298.33 
417500.00 7802500.00 -1861.89 
422500.00 7802500.00 -2615.39 
427500.00 7802500.00 -3058.05 
432500.00 7802500.00 -3955.57 
437500.00 7802500.00 -4586.52 
442500.00 7802500.00 -4900.74 
447500.00 7802500.00 -5149.62 
452500.00 7802500.00 -5482.38 
457500.00 7802500.00 -5724.50 
462500.00 7802500.00 -6275.69 
467500.00 7802500.00 -6344.97 
472500.00 7802500.00 -6453.30 
477500.00 7802500.00 -5809.54 
482500.00 7802500.00 -5365.25 
487500.00 7802500.00 -6748.65 
492500.00 7802500.00 -6089.66 
497500.00 7802500.00 -4592.23 
502500.00 7802500.00 -6431.81 
507500.00 7802500.00 -6770.22 
512500.00 7802500.00 -7216.13 
517500.00 7802500.00 -7521.42 
522500.00 7802500.00 -7806.52 
527500.00 7802500.00 -7943.14 
532500.00 7802500.00 -8165.93 
537500.00 7802500.00 -8279.44 
542500.00 7802500.00 -8532.38 
547500.00 7802500.00 -8598.51 
552500.00 7802500.00 -8723.83 
557500.00 7802500.00 -8762.70 
562500.00 7802500.00 -8915.65 
567500.00 7802500.00 -8813.22 
572500.00 7802500.00 -8875.83 
577500.00 7802500.00 -8807.95 
