# Petrel Points with attributes
# Unit in X and Y direction: m
# Unit in depth: m
VERSION 1
BEGIN HEADER
X
Y
Z
END HEADER
402500.00 7652500.00 -3831.85 
407500.00 7652500.00 -4397.89 
412500.00 7652500.00 -4510.08 
417500.00 7652500.00 -4228.71 
422500.00 7652500.00 -4192.22 
427500.00 7652500.00 -4217.17 
432500.00 7652500.00 -4347.74 
437500.00 7652500.00 -4924.34 
442500.00 7652500.00 -4595.50 
447500.00 7652500.00 -4975.42 
452500.00 7652500.00 -5096.10 
457500.00 7652500.00 -5086.77 
462500.00 7652500.00 -5387.04 
467500.00 7652500.00 -4048.75 
472500.00 7652500.00 -2930.02 
477500.00 7652500.00 -3941.16 
482500.00 7652500.00 -4825.76 
487500.00 7652500.00 -5791.02 
492500.00 7652500.00 -5745.36 
497500.00 7652500.00 -4256.92 
502500.00 7652500.00 -5146.95 
507500.00 7652500.00 -3870.34 
512500.00 7652500.00 -3955.21 
517500.00 7652500.00 -5523.31 
522500.00 7652500.00 -6472.07 
527500.00 7652500.00 -6426.67 
532500.00 7652500.00 -6662.89 
537500.00 7652500.00 -5281.88 
542500.00 7652500.00 -4025.02 
547500.00 7652500.00 -3511.61 
552500.00 7652500.00 -5307.32 
557500.00 7652500.00 -6704.35 
562500.00 7652500.00 -6667.22 
567500.00 7652500.00 -6439.41 
572500.00 7652500.00 -6300.84 
577500.00 7652500.00 -6139.77 
402500.00 7657500.00 -3798.51 
407500.00 7657500.00 -4194.29 
412500.00 7657500.00 -4790.02 
417500.00 7657500.00 -4437.74 
422500.00 7657500.00 -4097.97 
427500.00 7657500.00 -4056.99 
432500.00 7657500.00 -4249.53 
437500.00 7657500.00 -4407.77 
442500.00 7657500.00 -4442.18 
447500.00 7657500.00 -4949.91 
452500.00 7657500.00 -4612.20 
457500.00 7657500.00 -4443.35 
462500.00 7657500.00 -4481.93 
467500.00 7657500.00 -4419.23 
472500.00 7657500.00 -2940.87 
477500.00 7657500.00 -3783.79 
482500.00 7657500.00 -5949.65 
487500.00 7657500.00 -4928.65 
492500.00 7657500.00 -3981.82 
497500.00 7657500.00 -3755.16 
502500.00 7657500.00 -4764.62 
507500.00 7657500.00 -3508.73 
512500.00 7657500.00 -3188.42 
517500.00 7657500.00 -5038.52 
522500.00 7657500.00 -6545.07 
527500.00 7657500.00 -6392.39 
532500.00 7657500.00 -5774.10 
537500.00 7657500.00 -5532.40 
542500.00 7657500.00 -4333.66 
547500.00 7657500.00 -4165.60 
552500.00 7657500.00 -5554.43 
557500.00 7657500.00 -7020.04 
562500.00 7657500.00 -7078.20 
567500.00 7657500.00 -6892.66 
572500.00 7657500.00 -6693.20 
577500.00 7657500.00 -6668.48 
402500.00 7662500.00 -3962.38 
407500.00 7662500.00 -4039.74 
412500.00 7662500.00 -4583.98 
417500.00 7662500.00 -4428.25 
422500.00 7662500.00 -4085.37 
427500.00 7662500.00 -4111.98 
432500.00 7662500.00 -4279.99 
437500.00 7662500.00 -4306.19 
442500.00 7662500.00 -4364.05 
447500.00 7662500.00 -3994.72 
452500.00 7662500.00 -4166.31 
457500.00 7662500.00 -5247.39 
462500.00 7662500.00 -4767.03 
467500.00 7662500.00 -4507.28 
472500.00 7662500.00 -3756.66 
477500.00 7662500.00 -4041.57 
482500.00 7662500.00 -5334.23 
487500.00 7662500.00 -3781.69 
492500.00 7662500.00 -4789.07 
497500.00 7662500.00 -4623.65 
502500.00 7662500.00 -6645.10 
507500.00 7662500.00 -4613.10 
512500.00 7662500.00 -3203.27 
517500.00 7662500.00 -4306.40 
522500.00 7662500.00 -6984.06 
527500.00 7662500.00 -5477.68 
532500.00 7662500.00 -6579.74 
537500.00 7662500.00 -5037.96 
542500.00 7662500.00 -4070.68 
547500.00 7662500.00 -4527.81 
552500.00 7662500.00 -4638.39 
557500.00 7662500.00 -6765.73 
562500.00 7662500.00 -7538.40 
567500.00 7662500.00 -7251.40 
572500.00 7662500.00 -7021.65 
577500.00 7662500.00 -7184.15 
402500.00 7667500.00 -3802.43 
407500.00 7667500.00 -4052.14 
412500.00 7667500.00 -4325.61 
417500.00 7667500.00 -4301.93 
422500.00 7667500.00 -4212.65 
427500.00 7667500.00 -4133.20 
432500.00 7667500.00 -3875.34 
437500.00 7667500.00 -4299.97 
442500.00 7667500.00 -4440.48 
447500.00 7667500.00 -4082.40 
452500.00 7667500.00 -4591.52 
457500.00 7667500.00 -5648.62 
462500.00 7667500.00 -5120.35 
467500.00 7667500.00 -5056.82 
472500.00 7667500.00 -5820.61 
477500.00 7667500.00 -4260.38 
482500.00 7667500.00 -5479.19 
487500.00 7667500.00 -4888.96 
492500.00 7667500.00 -4979.24 
497500.00 7667500.00 -5077.11 
502500.00 7667500.00 -7687.75 
507500.00 7667500.00 -5626.54 
512500.00 7667500.00 -3595.03 
517500.00 7667500.00 -4264.97 
522500.00 7667500.00 -6069.33 
527500.00 7667500.00 -5119.70 
532500.00 7667500.00 -7360.53 
537500.00 7667500.00 -7096.49 
542500.00 7667500.00 -4972.36 
547500.00 7667500.00 -4986.71 
552500.00 7667500.00 -5098.98 
557500.00 7667500.00 -6334.96 
562500.00 7667500.00 -7242.42 
567500.00 7667500.00 -7096.96 
572500.00 7667500.00 -6783.11 
577500.00 7667500.00 -6810.70 
402500.00 7672500.00 -3332.39 
407500.00 7672500.00 -3475.08 
412500.00 7672500.00 -4007.05 
417500.00 7672500.00 -4383.55 
422500.00 7672500.00 -4215.59 
427500.00 7672500.00 -4118.69 
432500.00 7672500.00 -4219.97 
437500.00 7672500.00 -4387.77 
442500.00 7672500.00 -4344.05 
447500.00 7672500.00 -3962.07 
452500.00 7672500.00 -4778.56 
457500.00 7672500.00 -5399.94 
462500.00 7672500.00 -5463.09 
467500.00 7672500.00 -4613.03 
472500.00 7672500.00 -5771.89 
477500.00 7672500.00 -5136.42 
482500.00 7672500.00 -5424.48 
487500.00 7672500.00 -6320.09 
492500.00 7672500.00 -4897.88 
497500.00 7672500.00 -6041.94 
502500.00 7672500.00 -6906.70 
507500.00 7672500.00 -4903.77 
512500.00 7672500.00 -3959.01 
517500.00 7672500.00 -4840.63 
522500.00 7672500.00 -5347.67 
527500.00 7672500.00 -5162.69 
532500.00 7672500.00 -7298.84 
537500.00 7672500.00 -7398.88 
542500.00 7672500.00 -5078.64 
547500.00 7672500.00 -4637.90 
552500.00 7672500.00 -5522.65 
557500.00 7672500.00 -6005.65 
562500.00 7672500.00 -6487.05 
567500.00 7672500.00 -6416.91 
572500.00 7672500.00 -6479.95 
577500.00 7672500.00 -6622.28 
402500.00 7677500.00 -3196.38 
407500.00 7677500.00 -3328.97 
412500.00 7677500.00 -3756.21 
417500.00 7677500.00 -4316.25 
422500.00 7677500.00 -4369.27 
427500.00 7677500.00 -4177.68 
432500.00 7677500.00 -4061.91 
437500.00 7677500.00 -4182.77 
442500.00 7677500.00 -4415.02 
447500.00 7677500.00 -4384.10 
452500.00 7677500.00 -4970.20 
457500.00 7677500.00 -5353.64 
462500.00 7677500.00 -5453.99 
467500.00 7677500.00 -4408.34 
472500.00 7677500.00 -5671.26 
477500.00 7677500.00 -5266.20 
482500.00 7677500.00 -4652.37 
487500.00 7677500.00 -6336.83 
492500.00 7677500.00 -4799.98 
497500.00 7677500.00 -7001.27 
502500.00 7677500.00 -5341.50 
507500.00 7677500.00 -4058.66 
512500.00 7677500.00 -3801.94 
517500.00 7677500.00 -4205.54 
522500.00 7677500.00 -6174.00 
527500.00 7677500.00 -6304.81 
532500.00 7677500.00 -7618.34 
537500.00 7677500.00 -7562.95 
542500.00 7677500.00 -5862.07 
547500.00 7677500.00 -4928.59 
552500.00 7677500.00 -5264.91 
557500.00 7677500.00 -6226.18 
562500.00 7677500.00 -6863.92 
567500.00 7677500.00 -6685.65 
572500.00 7677500.00 -6492.11 
577500.00 7677500.00 -7069.20 
402500.00 7682500.00 -2995.93 
407500.00 7682500.00 -3189.85 
412500.00 7682500.00 -3518.19 
417500.00 7682500.00 -4009.65 
422500.00 7682500.00 -4262.76 
427500.00 7682500.00 -4118.98 
432500.00 7682500.00 -4021.64 
437500.00 7682500.00 -4116.88 
442500.00 7682500.00 -4604.42 
447500.00 7682500.00 -4868.34 
452500.00 7682500.00 -4467.17 
457500.00 7682500.00 -4518.38 
462500.00 7682500.00 -5257.93 
467500.00 7682500.00 -4428.28 
472500.00 7682500.00 -5162.84 
477500.00 7682500.00 -5386.63 
482500.00 7682500.00 -4501.36 
487500.00 7682500.00 -6134.23 
492500.00 7682500.00 -4993.72 
497500.00 7682500.00 -6865.17 
502500.00 7682500.00 -6186.94 
507500.00 7682500.00 -7046.93 
512500.00 7682500.00 -5205.31 
517500.00 7682500.00 -5355.98 
522500.00 7682500.00 -6155.37 
527500.00 7682500.00 -5368.18 
532500.00 7682500.00 -7319.05 
537500.00 7682500.00 -7761.45 
542500.00 7682500.00 -6765.08 
547500.00 7682500.00 -5879.17 
552500.00 7682500.00 -7010.41 
557500.00 7682500.00 -6810.24 
562500.00 7682500.00 -6775.64 
567500.00 7682500.00 -6727.01 
572500.00 7682500.00 -6914.06 
577500.00 7682500.00 -7325.09 
402500.00 7687500.00 -2819.55 
407500.00 7687500.00 -3035.54 
412500.00 7687500.00 -3420.30 
417500.00 7687500.00 -3798.50 
422500.00 7687500.00 -4206.74 
427500.00 7687500.00 -4104.38 
432500.00 7687500.00 -4061.09 
437500.00 7687500.00 -4161.99 
442500.00 7687500.00 -4513.44 
447500.00 7687500.00 -4625.09 
452500.00 7687500.00 -4489.95 
457500.00 7687500.00 -4459.05 
462500.00 7687500.00 -4824.31 
467500.00 7687500.00 -4335.43 
472500.00 7687500.00 -5319.13 
477500.00 7687500.00 -5486.90 
482500.00 7687500.00 -5652.39 
487500.00 7687500.00 -6003.66 
492500.00 7687500.00 -6078.04 
497500.00 7687500.00 -5815.34 
502500.00 7687500.00 -7365.86 
507500.00 7687500.00 -7032.18 
512500.00 7687500.00 -5892.05 
517500.00 7687500.00 -4938.36 
522500.00 7687500.00 -6262.43 
527500.00 7687500.00 -5551.47 
532500.00 7687500.00 -6463.86 
537500.00 7687500.00 -7654.14 
542500.00 7687500.00 -7211.91 
547500.00 7687500.00 -5377.20 
552500.00 7687500.00 -4677.74 
557500.00 7687500.00 -4801.07 
562500.00 7687500.00 -6289.19 
567500.00 7687500.00 -6685.34 
572500.00 7687500.00 -7317.18 
577500.00 7687500.00 -7386.65 
402500.00 7692500.00 -2555.42 
407500.00 7692500.00 -2827.52 
412500.00 7692500.00 -3141.09 
417500.00 7692500.00 -3383.66 
422500.00 7692500.00 -4138.00 
427500.00 7692500.00 -4140.96 
432500.00 7692500.00 -3902.79 
437500.00 7692500.00 -3989.21 
442500.00 7692500.00 -4399.34 
447500.00 7692500.00 -4490.05 
452500.00 7692500.00 -4266.45 
457500.00 7692500.00 -4348.85 
462500.00 7692500.00 -4299.03 
467500.00 7692500.00 -4350.18 
472500.00 7692500.00 -4697.29 
477500.00 7692500.00 -4957.97 
482500.00 7692500.00 -6022.04 
487500.00 7692500.00 -5106.16 
492500.00 7692500.00 -5892.52 
497500.00 7692500.00 -5874.36 
502500.00 7692500.00 -7200.49 
507500.00 7692500.00 -5656.45 
512500.00 7692500.00 -4434.35 
517500.00 7692500.00 -3541.15 
522500.00 7692500.00 -4727.93 
527500.00 7692500.00 -5120.85 
532500.00 7692500.00 -5107.37 
537500.00 7692500.00 -7083.37 
542500.00 7692500.00 -7373.57 
547500.00 7692500.00 -5929.43 
552500.00 7692500.00 -5454.33 
557500.00 7692500.00 -5841.14 
562500.00 7692500.00 -6284.73 
567500.00 7692500.00 -6585.18 
572500.00 7692500.00 -7179.33 
577500.00 7692500.00 -7623.10 
402500.00 7697500.00 -2225.79 
407500.00 7697500.00 -2636.15 
412500.00 7697500.00 -2976.94 
417500.00 7697500.00 -3246.55 
422500.00 7697500.00 -3811.05 
427500.00 7697500.00 -4141.71 
432500.00 7697500.00 -3950.62 
437500.00 7697500.00 -3922.04 
442500.00 7697500.00 -4154.24 
447500.00 7697500.00 -4562.15 
452500.00 7697500.00 -4481.35 
457500.00 7697500.00 -4415.05 
462500.00 7697500.00 -4934.27 
467500.00 7697500.00 -4899.19 
472500.00 7697500.00 -5054.57 
477500.00 7697500.00 -4784.44 
482500.00 7697500.00 -5770.89 
487500.00 7697500.00 -4841.32 
492500.00 7697500.00 -5654.30 
497500.00 7697500.00 -6114.18 
502500.00 7697500.00 -6646.50 
507500.00 7697500.00 -7096.95 
512500.00 7697500.00 -6240.37 
517500.00 7697500.00 -4453.31 
522500.00 7697500.00 -3836.10 
527500.00 7697500.00 -4362.41 
532500.00 7697500.00 -4939.38 
537500.00 7697500.00 -6588.00 
542500.00 7697500.00 -7275.12 
547500.00 7697500.00 -6052.63 
552500.00 7697500.00 -5106.79 
557500.00 7697500.00 -6140.65 
562500.00 7697500.00 -6211.70 
567500.00 7697500.00 -6495.72 
572500.00 7697500.00 -7296.28 
577500.00 7697500.00 -7726.63 
402500.00 7702500.00 -1955.94 
407500.00 7702500.00 -2468.78 
412500.00 7702500.00 -2869.03 
417500.00 7702500.00 -3100.38 
422500.00 7702500.00 -3597.15 
427500.00 7702500.00 -4238.13 
432500.00 7702500.00 -4308.46 
437500.00 7702500.00 -4130.27 
442500.00 7702500.00 -4201.54 
447500.00 7702500.00 -4516.89 
452500.00 7702500.00 -4669.23 
457500.00 7702500.00 -4772.51 
462500.00 7702500.00 -5071.29 
467500.00 7702500.00 -5056.72 
472500.00 7702500.00 -5001.16 
477500.00 7702500.00 -5462.50 
482500.00 7702500.00 -6121.98 
487500.00 7702500.00 -5451.31 
492500.00 7702500.00 -5631.44 
497500.00 7702500.00 -6564.98 
502500.00 7702500.00 -6284.75 
507500.00 7702500.00 -6868.16 
512500.00 7702500.00 -5591.76 
517500.00 7702500.00 -4288.76 
522500.00 7702500.00 -3762.04 
527500.00 7702500.00 -4840.48 
532500.00 7702500.00 -6826.49 
537500.00 7702500.00 -6843.22 
542500.00 7702500.00 -7481.31 
547500.00 7702500.00 -6853.05 
552500.00 7702500.00 -3962.76 
557500.00 7702500.00 -4629.74 
562500.00 7702500.00 -6078.17 
567500.00 7702500.00 -6550.97 
572500.00 7702500.00 -7226.21 
577500.00 7702500.00 -7551.34 
402500.00 7707500.00 -1530.34 
407500.00 7707500.00 -2422.10 
412500.00 7707500.00 -2795.71 
417500.00 7707500.00 -3021.86 
422500.00 7707500.00 -3470.89 
427500.00 7707500.00 -4038.23 
432500.00 7707500.00 -4407.93 
437500.00 7707500.00 -4314.97 
442500.00 7707500.00 -4368.84 
447500.00 7707500.00 -4516.84 
452500.00 7707500.00 -4572.11 
457500.00 7707500.00 -4785.78 
462500.00 7707500.00 -4261.07 
467500.00 7707500.00 -4878.96 
472500.00 7707500.00 -5027.68 
477500.00 7707500.00 -5779.07 
482500.00 7707500.00 -6255.17 
487500.00 7707500.00 -5492.11 
492500.00 7707500.00 -6065.45 
497500.00 7707500.00 -6564.66 
502500.00 7707500.00 -6192.15 
507500.00 7707500.00 -4878.52 
512500.00 7707500.00 -5173.23 
517500.00 7707500.00 -5304.54 
522500.00 7707500.00 -4582.64 
527500.00 7707500.00 -5656.55 
532500.00 7707500.00 -6109.13 
537500.00 7707500.00 -6375.74 
542500.00 7707500.00 -7465.12 
547500.00 7707500.00 -6830.87 
552500.00 7707500.00 -4198.59 
557500.00 7707500.00 -4238.35 
562500.00 7707500.00 -5948.83 
567500.00 7707500.00 -6570.17 
572500.00 7707500.00 -6878.24 
577500.00 7707500.00 -7086.86 
402500.00 7712500.00 -1415.67 
407500.00 7712500.00 -2227.04 
412500.00 7712500.00 -2609.15 
417500.00 7712500.00 -2740.34 
422500.00 7712500.00 -3072.90 
427500.00 7712500.00 -3582.56 
432500.00 7712500.00 -4478.63 
437500.00 7712500.00 -4623.66 
442500.00 7712500.00 -4637.28 
447500.00 7712500.00 -4558.05 
452500.00 7712500.00 -4506.94 
457500.00 7712500.00 -4857.18 
462500.00 7712500.00 -4613.98 
467500.00 7712500.00 -5150.61 
472500.00 7712500.00 -5349.09 
477500.00 7712500.00 -4739.76 
482500.00 7712500.00 -5973.98 
487500.00 7712500.00 -5716.41 
492500.00 7712500.00 -6155.14 
497500.00 7712500.00 -5815.19 
502500.00 7712500.00 -6861.26 
507500.00 7712500.00 -6545.14 
512500.00 7712500.00 -5872.36 
517500.00 7712500.00 -6680.62 
522500.00 7712500.00 -6146.80 
527500.00 7712500.00 -6880.01 
532500.00 7712500.00 -7025.38 
537500.00 7712500.00 -5887.15 
542500.00 7712500.00 -7456.79 
547500.00 7712500.00 -6992.27 
552500.00 7712500.00 -4269.57 
557500.00 7712500.00 -3662.16 
562500.00 7712500.00 -6519.57 
567500.00 7712500.00 -6780.50 
572500.00 7712500.00 -6730.94 
577500.00 7712500.00 -6911.39 
402500.00 7717500.00 -1336.94 
407500.00 7717500.00 -1933.46 
412500.00 7717500.00 -2325.44 
417500.00 7717500.00 -2336.10 
422500.00 7717500.00 -2739.33 
427500.00 7717500.00 -3320.09 
432500.00 7717500.00 -4339.62 
437500.00 7717500.00 -4568.64 
442500.00 7717500.00 -4589.38 
447500.00 7717500.00 -4567.67 
452500.00 7717500.00 -4578.83 
457500.00 7717500.00 -4729.42 
462500.00 7717500.00 -4903.41 
467500.00 7717500.00 -4835.96 
472500.00 7717500.00 -5551.69 
477500.00 7717500.00 -4847.21 
482500.00 7717500.00 -5755.62 
487500.00 7717500.00 -6196.54 
492500.00 7717500.00 -5478.34 
497500.00 7717500.00 -6421.03 
502500.00 7717500.00 -6734.53 
507500.00 7717500.00 -7216.94 
512500.00 7717500.00 -5560.63 
517500.00 7717500.00 -6638.30 
522500.00 7717500.00 -5534.08 
527500.00 7717500.00 -6543.15 
532500.00 7717500.00 -8032.12 
537500.00 7717500.00 -6621.28 
542500.00 7717500.00 -6069.33 
547500.00 7717500.00 -6846.73 
552500.00 7717500.00 -4549.01 
557500.00 7717500.00 -3683.80 
562500.00 7717500.00 -6790.93 
567500.00 7717500.00 -6954.06 
572500.00 7717500.00 -6819.52 
577500.00 7717500.00 -6949.16 
402500.00 7722500.00 -1143.72 
407500.00 7722500.00 -1692.85 
412500.00 7722500.00 -2061.46 
417500.00 7722500.00 -2471.85 
422500.00 7722500.00 -2902.82 
427500.00 7722500.00 -3222.07 
432500.00 7722500.00 -4134.29 
437500.00 7722500.00 -4246.88 
442500.00 7722500.00 -4653.59 
447500.00 7722500.00 -4573.96 
452500.00 7722500.00 -4700.91 
457500.00 7722500.00 -4525.63 
462500.00 7722500.00 -5136.91 
467500.00 7722500.00 -5078.33 
472500.00 7722500.00 -5885.19 
477500.00 7722500.00 -4506.04 
482500.00 7722500.00 -6224.96 
487500.00 7722500.00 -6791.71 
492500.00 7722500.00 -5892.99 
497500.00 7722500.00 -7104.57 
502500.00 7722500.00 -7433.97 
507500.00 7722500.00 -7800.94 
512500.00 7722500.00 -6915.84 
517500.00 7722500.00 -7993.06 
522500.00 7722500.00 -7529.90 
527500.00 7722500.00 -6005.49 
532500.00 7722500.00 -7799.35 
537500.00 7722500.00 -7803.88 
542500.00 7722500.00 -5354.21 
547500.00 7722500.00 -4381.82 
552500.00 7722500.00 -5404.99 
557500.00 7722500.00 -5726.96 
562500.00 7722500.00 -6957.43 
567500.00 7722500.00 -6790.87 
572500.00 7722500.00 -6750.20 
577500.00 7722500.00 -7114.48 
402500.00 7727500.00 -1082.22 
407500.00 7727500.00 -1519.56 
412500.00 7727500.00 -2046.93 
417500.00 7727500.00 -2488.69 
422500.00 7727500.00 -2807.82 
427500.00 7727500.00 -3196.73 
432500.00 7727500.00 -4103.54 
437500.00 7727500.00 -4249.42 
442500.00 7727500.00 -4707.14 
447500.00 7727500.00 -4903.59 
452500.00 7727500.00 -4700.91 
457500.00 7727500.00 -4659.84 
462500.00 7727500.00 -5159.21 
467500.00 7727500.00 -5368.22 
472500.00 7727500.00 -6031.58 
477500.00 7727500.00 -4942.68 
482500.00 7727500.00 -6379.41 
487500.00 7727500.00 -6956.06 
492500.00 7727500.00 -6341.14 
497500.00 7727500.00 -6869.04 
502500.00 7727500.00 -7885.73 
507500.00 7727500.00 -7275.29 
512500.00 7727500.00 -7280.40 
517500.00 7727500.00 -8144.89 
522500.00 7727500.00 -6356.52 
527500.00 7727500.00 -5834.66 
532500.00 7727500.00 -7531.61 
537500.00 7727500.00 -7842.26 
542500.00 7727500.00 -5391.91 
547500.00 7727500.00 -4297.13 
552500.00 7727500.00 -6894.47 
557500.00 7727500.00 -7143.99 
562500.00 7727500.00 -6899.31 
567500.00 7727500.00 -6623.22 
572500.00 7727500.00 -6678.37 
577500.00 7727500.00 -7245.72 
402500.00 7732500.00 -1013.83 
407500.00 7732500.00 -1295.84 
412500.00 7732500.00 -1840.78 
417500.00 7732500.00 -2275.00 
422500.00 7732500.00 -2689.78 
427500.00 7732500.00 -3066.42 
432500.00 7732500.00 -4039.86 
437500.00 7732500.00 -4775.52 
442500.00 7732500.00 -4931.15 
447500.00 7732500.00 -5030.26 
452500.00 7732500.00 -4979.42 
457500.00 7732500.00 -4865.86 
462500.00 7732500.00 -4932.84 
467500.00 7732500.00 -5486.61 
472500.00 7732500.00 -5538.32 
477500.00 7732500.00 -5278.46 
482500.00 7732500.00 -6393.26 
487500.00 7732500.00 -5833.14 
492500.00 7732500.00 -6514.18 
497500.00 7732500.00 -6724.09 
502500.00 7732500.00 -6153.23 
507500.00 7732500.00 -6238.21 
512500.00 7732500.00 -7819.68 
517500.00 7732500.00 -4883.41 
522500.00 7732500.00 -6708.20 
527500.00 7732500.00 -6052.25 
532500.00 7732500.00 -7080.68 
537500.00 7732500.00 -7934.92 
542500.00 7732500.00 -8199.54 
547500.00 7732500.00 -7572.62 
552500.00 7732500.00 -7350.44 
557500.00 7732500.00 -7238.37 
562500.00 7732500.00 -7153.45 
567500.00 7732500.00 -6700.28 
572500.00 7732500.00 -7022.85 
577500.00 7732500.00 -7413.62 
402500.00 7737500.00 -958.79 
407500.00 7737500.00 -1123.61 
412500.00 7737500.00 -1741.16 
417500.00 7737500.00 -2268.40 
422500.00 7737500.00 -2679.15 
427500.00 7737500.00 -2887.43 
432500.00 7737500.00 -4008.43 
437500.00 7737500.00 -5072.07 
442500.00 7737500.00 -4991.51 
447500.00 7737500.00 -5104.72 
452500.00 7737500.00 -5044.09 
457500.00 7737500.00 -4917.48 
462500.00 7737500.00 -4927.19 
467500.00 7737500.00 -5505.47 
472500.00 7737500.00 -5616.22 
477500.00 7737500.00 -5615.37 
482500.00 7737500.00 -6440.96 
487500.00 7737500.00 -5526.97 
492500.00 7737500.00 -6273.16 
497500.00 7737500.00 -6474.41 
502500.00 7737500.00 -5692.72 
507500.00 7737500.00 -7145.11 
512500.00 7737500.00 -7210.35 
517500.00 7737500.00 -4768.48 
522500.00 7737500.00 -6593.63 
527500.00 7737500.00 -6512.24 
532500.00 7737500.00 -7052.37 
537500.00 7737500.00 -7650.44 
542500.00 7737500.00 -7592.34 
547500.00 7737500.00 -7545.76 
552500.00 7737500.00 -7084.53 
557500.00 7737500.00 -7171.89 
562500.00 7737500.00 -7530.83 
567500.00 7737500.00 -7433.72 
572500.00 7737500.00 -7851.32 
577500.00 7737500.00 -7867.99 
402500.00 7742500.00 -978.70 
407500.00 7742500.00 -1086.57 
412500.00 7742500.00 -1619.02 
417500.00 7742500.00 -2213.92 
422500.00 7742500.00 -2697.83 
427500.00 7742500.00 -2994.11 
432500.00 7742500.00 -3613.57 
437500.00 7742500.00 -4563.67 
442500.00 7742500.00 -5199.23 
447500.00 7742500.00 -5414.33 
452500.00 7742500.00 -4983.60 
457500.00 7742500.00 -5001.95 
462500.00 7742500.00 -5253.81 
467500.00 7742500.00 -5532.87 
472500.00 7742500.00 -5948.01 
477500.00 7742500.00 -6166.04 
482500.00 7742500.00 -6490.97 
487500.00 7742500.00 -5807.31 
492500.00 7742500.00 -5987.71 
497500.00 7742500.00 -6300.89 
502500.00 7742500.00 -6380.43 
507500.00 7742500.00 -7024.87 
512500.00 7742500.00 -7107.49 
517500.00 7742500.00 -6537.62 
522500.00 7742500.00 -6177.51 
527500.00 7742500.00 -6248.60 
532500.00 7742500.00 -7300.28 
537500.00 7742500.00 -7874.75 
542500.00 7742500.00 -7987.61 
547500.00 7742500.00 -7640.41 
552500.00 7742500.00 -7139.42 
557500.00 7742500.00 -6954.64 
562500.00 7742500.00 -7658.63 
567500.00 7742500.00 -8215.91 
572500.00 7742500.00 -8957.80 
577500.00 7742500.00 -9049.50 
402500.00 7747500.00 -1030.64 
407500.00 7747500.00 -1133.46 
412500.00 7747500.00 -1414.25 
417500.00 7747500.00 -2062.49 
422500.00 7747500.00 -2676.91 
427500.00 7747500.00 -3089.12 
432500.00 7747500.00 -3871.75 
437500.00 7747500.00 -4669.00 
442500.00 7747500.00 -5414.01 
447500.00 7747500.00 -5450.16 
452500.00 7747500.00 -5154.38 
457500.00 7747500.00 -5176.51 
462500.00 7747500.00 -5396.58 
467500.00 7747500.00 -5497.73 
472500.00 7747500.00 -6176.51 
477500.00 7747500.00 -6089.70 
482500.00 7747500.00 -6434.38 
487500.00 7747500.00 -6046.02 
492500.00 7747500.00 -5620.80 
497500.00 7747500.00 -5997.48 
502500.00 7747500.00 -6717.00 
507500.00 7747500.00 -7137.57 
512500.00 7747500.00 -7457.84 
517500.00 7747500.00 -6925.05 
522500.00 7747500.00 -7552.71 
527500.00 7747500.00 -6764.93 
532500.00 7747500.00 -6129.48 
537500.00 7747500.00 -5689.58 
542500.00 7747500.00 -8110.79 
547500.00 7747500.00 -7002.58 
552500.00 7747500.00 -7133.87 
557500.00 7747500.00 -6879.97 
562500.00 7747500.00 -7496.66 
567500.00 7747500.00 -7972.27 
572500.00 7747500.00 -9179.82 
577500.00 7747500.00 -9282.65 
402500.00 7752500.00 -993.14 
407500.00 7752500.00 -1078.17 
412500.00 7752500.00 -1272.53 
417500.00 7752500.00 -2045.22 
422500.00 7752500.00 -2500.96 
427500.00 7752500.00 -2977.46 
432500.00 7752500.00 -3961.45 
437500.00 7752500.00 -4788.80 
442500.00 7752500.00 -5494.33 
447500.00 7752500.00 -5588.90 
452500.00 7752500.00 -5421.18 
457500.00 7752500.00 -5282.66 
462500.00 7752500.00 -5311.04 
467500.00 7752500.00 -5473.48 
472500.00 7752500.00 -6248.81 
477500.00 7752500.00 -5220.32 
482500.00 7752500.00 -6515.97 
487500.00 7752500.00 -6725.13 
492500.00 7752500.00 -5137.34 
497500.00 7752500.00 -5746.64 
502500.00 7752500.00 -6299.86 
507500.00 7752500.00 -7132.95 
512500.00 7752500.00 -7702.67 
517500.00 7752500.00 -7626.03 
522500.00 7752500.00 -7473.44 
527500.00 7752500.00 -7904.88 
532500.00 7752500.00 -7829.31 
537500.00 7752500.00 -6753.43 
542500.00 7752500.00 -7828.24 
547500.00 7752500.00 -7423.71 
552500.00 7752500.00 -8152.26 
557500.00 7752500.00 -7687.59 
562500.00 7752500.00 -7904.06 
567500.00 7752500.00 -8385.85 
572500.00 7752500.00 -9136.02 
577500.00 7752500.00 -7482.16 
402500.00 7757500.00 -902.44 
407500.00 7757500.00 -1093.00 
412500.00 7757500.00 -1213.69 
417500.00 7757500.00 -1795.46 
422500.00 7757500.00 -2415.50 
427500.00 7757500.00 -2926.83 
432500.00 7757500.00 -3879.98 
437500.00 7757500.00 -4614.26 
442500.00 7757500.00 -5193.03 
447500.00 7757500.00 -5749.81 
452500.00 7757500.00 -5510.25 
457500.00 7757500.00 -5443.74 
462500.00 7757500.00 -5542.44 
467500.00 7757500.00 -5673.44 
472500.00 7757500.00 -6168.26 
477500.00 7757500.00 -5691.86 
482500.00 7757500.00 -6616.52 
487500.00 7757500.00 -6698.44 
492500.00 7757500.00 -6130.94 
497500.00 7757500.00 -6407.85 
502500.00 7757500.00 -5874.77 
507500.00 7757500.00 -6858.13 
512500.00 7757500.00 -6729.21 
517500.00 7757500.00 -7032.11 
522500.00 7757500.00 -7696.12 
527500.00 7757500.00 -8165.40 
532500.00 7757500.00 -7946.58 
537500.00 7757500.00 -7391.68 
542500.00 7757500.00 -4689.11 
547500.00 7757500.00 -5205.79 
552500.00 7757500.00 -8345.52 
557500.00 7757500.00 -7672.51 
562500.00 7757500.00 -8244.76 
567500.00 7757500.00 -8885.76 
572500.00 7757500.00 -8881.63 
577500.00 7757500.00 -8953.67 
402500.00 7762500.00 -776.71 
407500.00 7762500.00 -929.62 
412500.00 7762500.00 -1198.46 
417500.00 7762500.00 -2010.55 
422500.00 7762500.00 -2516.83 
427500.00 7762500.00 -3007.88 
432500.00 7762500.00 -3870.97 
437500.00 7762500.00 -4472.02 
442500.00 7762500.00 -4950.32 
447500.00 7762500.00 -5387.44 
452500.00 7762500.00 -5452.50 
457500.00 7762500.00 -5728.63 
462500.00 7762500.00 -5843.14 
467500.00 7762500.00 -5731.41 
472500.00 7762500.00 -6254.27 
477500.00 7762500.00 -5560.93 
482500.00 7762500.00 -6449.05 
487500.00 7762500.00 -6658.71 
492500.00 7762500.00 -6661.82 
497500.00 7762500.00 -6659.35 
502500.00 7762500.00 -5635.09 
507500.00 7762500.00 -6200.00 
512500.00 7762500.00 -6921.79 
517500.00 7762500.00 -7264.09 
522500.00 7762500.00 -7548.99 
527500.00 7762500.00 -7663.58 
532500.00 7762500.00 -7233.75 
537500.00 7762500.00 -7110.76 
542500.00 7762500.00 -7522.61 
547500.00 7762500.00 -7758.32 
552500.00 7762500.00 -8364.95 
557500.00 7762500.00 -7750.19 
562500.00 7762500.00 -7750.97 
567500.00 7762500.00 -8358.45 
572500.00 7762500.00 -8749.41 
577500.00 7762500.00 -8895.97 
402500.00 7767500.00 -788.78 
407500.00 7767500.00 -970.71 
412500.00 7767500.00 -1177.47 
417500.00 7767500.00 -2047.05 
422500.00 7767500.00 -2591.09 
427500.00 7767500.00 -2984.33 
432500.00 7767500.00 -3856.02 
437500.00 7767500.00 -4451.50 
442500.00 7767500.00 -4965.51 
447500.00 7767500.00 -5298.89 
452500.00 7767500.00 -5532.02 
457500.00 7767500.00 -5936.40 
462500.00 7767500.00 -5799.20 
467500.00 7767500.00 -5789.29 
472500.00 7767500.00 -6045.75 
477500.00 7767500.00 -5739.35 
482500.00 7767500.00 -6288.48 
487500.00 7767500.00 -6342.52 
492500.00 7767500.00 -6315.66 
497500.00 7767500.00 -6305.72 
502500.00 7767500.00 -7184.24 
507500.00 7767500.00 -7041.81 
512500.00 7767500.00 -6904.67 
517500.00 7767500.00 -6999.36 
522500.00 7767500.00 -7868.06 
527500.00 7767500.00 -7819.24 
532500.00 7767500.00 -7439.67 
537500.00 7767500.00 -7302.63 
542500.00 7767500.00 -8090.78 
547500.00 7767500.00 -8147.91 
552500.00 7767500.00 -8049.64 
557500.00 7767500.00 -8117.35 
562500.00 7767500.00 -7935.25 
567500.00 7767500.00 -8578.86 
572500.00 7767500.00 -9076.75 
577500.00 7767500.00 -9233.07 
402500.00 7772500.00 -703.65 
407500.00 7772500.00 -934.25 
412500.00 7772500.00 -1296.15 
417500.00 7772500.00 -2047.35 
422500.00 7772500.00 -2734.17 
427500.00 7772500.00 -2997.54 
432500.00 7772500.00 -3680.00 
437500.00 7772500.00 -4430.63 
442500.00 7772500.00 -4834.94 
447500.00 7772500.00 -5139.62 
452500.00 7772500.00 -5516.73 
457500.00 7772500.00 -5777.06 
462500.00 7772500.00 -5759.43 
467500.00 7772500.00 -5903.96 
472500.00 7772500.00 -5910.97 
477500.00 7772500.00 -6322.43 
482500.00 7772500.00 -5987.16 
487500.00 7772500.00 -5771.42 
492500.00 7772500.00 -7121.97 
497500.00 7772500.00 -7350.44 
502500.00 7772500.00 -7590.67 
507500.00 7772500.00 -7529.96 
512500.00 7772500.00 -7602.25 
517500.00 7772500.00 -6932.56 
522500.00 7772500.00 -7335.90 
527500.00 7772500.00 -7301.67 
532500.00 7772500.00 -7728.69 
537500.00 7772500.00 -8121.95 
542500.00 7772500.00 -8930.77 
547500.00 7772500.00 -8962.51 
552500.00 7772500.00 -9419.93 
557500.00 7772500.00 -9057.96 
562500.00 7772500.00 -9026.08 
567500.00 7772500.00 -9056.66 
572500.00 7772500.00 -9006.43 
577500.00 7772500.00 -9234.79 
402500.00 7777500.00 -675.01 
407500.00 7777500.00 -902.78 
412500.00 7777500.00 -1343.73 
417500.00 7777500.00 -1923.13 
422500.00 7777500.00 -2749.23 
427500.00 7777500.00 -3059.33 
432500.00 7777500.00 -3658.04 
437500.00 7777500.00 -4202.90 
442500.00 7777500.00 -4605.53 
447500.00 7777500.00 -4940.27 
452500.00 7777500.00 -5462.10 
457500.00 7777500.00 -5860.30 
462500.00 7777500.00 -5842.22 
467500.00 7777500.00 -5730.73 
472500.00 7777500.00 -6052.75 
477500.00 7777500.00 -6151.41 
482500.00 7777500.00 -5725.08 
487500.00 7777500.00 -5806.42 
492500.00 7777500.00 -7376.05 
497500.00 7777500.00 -7693.71 
502500.00 7777500.00 -7304.84 
507500.00 7777500.00 -7486.94 
512500.00 7777500.00 -7721.63 
517500.00 7777500.00 -7248.79 
522500.00 7777500.00 -7710.97 
527500.00 7777500.00 -7707.80 
532500.00 7777500.00 -8813.76 
537500.00 7777500.00 -9623.07 
542500.00 7777500.00 -8888.96 
547500.00 7777500.00 -8530.17 
552500.00 7777500.00 -9296.82 
557500.00 7777500.00 -9169.28 
562500.00 7777500.00 -9522.17 
567500.00 7777500.00 -9742.41 
572500.00 7777500.00 -9105.63 
577500.00 7777500.00 -8944.47 
402500.00 7782500.00 -712.33 
407500.00 7782500.00 -981.78 
412500.00 7782500.00 -1443.77 
417500.00 7782500.00 -1941.92 
422500.00 7782500.00 -2812.64 
427500.00 7782500.00 -3249.50 
432500.00 7782500.00 -3783.12 
437500.00 7782500.00 -4060.19 
442500.00 7782500.00 -4240.60 
447500.00 7782500.00 -4597.84 
452500.00 7782500.00 -5238.90 
457500.00 7782500.00 -5768.47 
462500.00 7782500.00 -5870.24 
467500.00 7782500.00 -5762.43 
472500.00 7782500.00 -6181.09 
477500.00 7782500.00 -5577.28 
482500.00 7782500.00 -5076.86 
487500.00 7782500.00 -7136.04 
492500.00 7782500.00 -7775.19 
497500.00 7782500.00 -7559.91 
502500.00 7782500.00 -6448.99 
507500.00 7782500.00 -7508.31 
512500.00 7782500.00 -7865.97 
517500.00 7782500.00 -7838.68 
522500.00 7782500.00 -7435.29 
527500.00 7782500.00 -7988.78 
532500.00 7782500.00 -9615.76 
537500.00 7782500.00 -9226.60 
542500.00 7782500.00 -7833.89 
547500.00 7782500.00 -7310.42 
552500.00 7782500.00 -9254.92 
557500.00 7782500.00 -9419.80 
562500.00 7782500.00 -9250.20 
567500.00 7782500.00 -9460.90 
572500.00 7782500.00 -9336.60 
577500.00 7782500.00 -9147.28 
402500.00 7787500.00 -726.60 
407500.00 7787500.00 -951.86 
412500.00 7787500.00 -1454.05 
417500.00 7787500.00 -1854.25 
422500.00 7787500.00 -2637.16 
427500.00 7787500.00 -3267.81 
432500.00 7787500.00 -3834.90 
437500.00 7787500.00 -4170.16 
442500.00 7787500.00 -4194.52 
447500.00 7787500.00 -4561.39 
452500.00 7787500.00 -5422.14 
457500.00 7787500.00 -5928.42 
462500.00 7787500.00 -6060.48 
467500.00 7787500.00 -5837.44 
472500.00 7787500.00 -6310.16 
477500.00 7787500.00 -6323.13 
482500.00 7787500.00 -5770.21 
487500.00 7787500.00 -6883.42 
492500.00 7787500.00 -7974.43 
497500.00 7787500.00 -7073.14 
502500.00 7787500.00 -5466.91 
507500.00 7787500.00 -7584.48 
512500.00 7787500.00 -7948.79 
517500.00 7787500.00 -8088.52 
522500.00 7787500.00 -5580.58 
527500.00 7787500.00 -7785.80 
532500.00 7787500.00 -10038.18 
537500.00 7787500.00 -8764.26 
542500.00 7787500.00 -8167.84 
547500.00 7787500.00 -8023.05 
552500.00 7787500.00 -8924.17 
557500.00 7787500.00 -9153.45 
562500.00 7787500.00 -9108.78 
567500.00 7787500.00 -9085.92 
572500.00 7787500.00 -9219.95 
577500.00 7787500.00 -9189.91 
402500.00 7792500.00 -822.38 
407500.00 7792500.00 -917.80 
412500.00 7792500.00 -1280.22 
417500.00 7792500.00 -1780.62 
422500.00 7792500.00 -2557.85 
427500.00 7792500.00 -3174.75 
432500.00 7792500.00 -3779.50 
437500.00 7792500.00 -4224.57 
442500.00 7792500.00 -4553.56 
447500.00 7792500.00 -4650.21 
452500.00 7792500.00 -5283.80 
457500.00 7792500.00 -5664.22 
462500.00 7792500.00 -5794.36 
467500.00 7792500.00 -6134.12 
472500.00 7792500.00 -6025.46 
477500.00 7792500.00 -6174.95 
482500.00 7792500.00 -6339.84 
487500.00 7792500.00 -6445.66 
492500.00 7792500.00 -6160.56 
497500.00 7792500.00 -7041.49 
502500.00 7792500.00 -7697.71 
507500.00 7792500.00 -7910.47 
512500.00 7792500.00 -8027.48 
517500.00 7792500.00 -7900.19 
522500.00 7792500.00 -6963.42 
527500.00 7792500.00 -8037.69 
532500.00 7792500.00 -8874.12 
537500.00 7792500.00 -8519.84 
542500.00 7792500.00 -8691.21 
547500.00 7792500.00 -8743.84 
552500.00 7792500.00 -8825.14 
557500.00 7792500.00 -8925.89 
562500.00 7792500.00 -9165.95 
567500.00 7792500.00 -9098.19 
572500.00 7792500.00 -9158.22 
577500.00 7792500.00 -9169.07 
402500.00 7797500.00 -807.87 
407500.00 7797500.00 -815.83 
412500.00 7797500.00 -1192.41 
417500.00 7797500.00 -1738.56 
422500.00 7797500.00 -2321.02 
427500.00 7797500.00 -2828.05 
432500.00 7797500.00 -3965.19 
437500.00 7797500.00 -4478.87 
442500.00 7797500.00 -4777.08 
447500.00 7797500.00 -4809.29 
452500.00 7797500.00 -5294.98 
457500.00 7797500.00 -5667.56 
462500.00 7797500.00 -6011.02 
467500.00 7797500.00 -6281.24 
472500.00 7797500.00 -5736.04 
477500.00 7797500.00 -6072.60 
482500.00 7797500.00 -6565.37 
487500.00 7797500.00 -6874.12 
492500.00 7797500.00 -5638.35 
497500.00 7797500.00 -6462.68 
502500.00 7797500.00 -7237.90 
507500.00 7797500.00 -7194.37 
512500.00 7797500.00 -7649.34 
517500.00 7797500.00 -7645.77 
522500.00 7797500.00 -7708.47 
527500.00 7797500.00 -7866.17 
532500.00 7797500.00 -8290.78 
537500.00 7797500.00 -8478.43 
542500.00 7797500.00 -8604.58 
547500.00 7797500.00 -8657.19 
552500.00 7797500.00 -8831.63 
557500.00 7797500.00 -8905.99 
562500.00 7797500.00 -9081.94 
567500.00 7797500.00 -9061.20 
572500.00 7797500.00 -9144.11 
577500.00 7797500.00 -9156.08 
402500.00 7802500.00 -726.35 
407500.00 7802500.00 -695.44 
412500.00 7802500.00 -1105.24 
417500.00 7802500.00 -1691.35 
422500.00 7802500.00 -2530.95 
427500.00 7802500.00 -2990.15 
432500.00 7802500.00 -3851.46 
437500.00 7802500.00 -4491.49 
442500.00 7802500.00 -4846.29 
447500.00 7802500.00 -5103.08 
452500.00 7802500.00 -5436.31 
457500.00 7802500.00 -5724.50 
462500.00 7802500.00 -6275.69 
467500.00 7802500.00 -6322.94 
472500.00 7802500.00 -6190.84 
477500.00 7802500.00 -5402.86 
482500.00 7802500.00 -4994.39 
487500.00 7802500.00 -6416.50 
492500.00 7802500.00 -5826.83 
497500.00 7802500.00 -4582.36 
502500.00 7802500.00 -6427.54 
507500.00 7802500.00 -6726.10 
512500.00 7802500.00 -7191.21 
517500.00 7802500.00 -7498.93 
522500.00 7802500.00 -7789.21 
527500.00 7802500.00 -7932.18 
532500.00 7802500.00 -8156.50 
537500.00 7802500.00 -8265.08 
542500.00 7802500.00 -8503.83 
547500.00 7802500.00 -8591.42 
552500.00 7802500.00 -8723.83 
557500.00 7802500.00 -8762.70 
562500.00 7802500.00 -8864.92 
567500.00 7802500.00 -8740.27 
572500.00 7802500.00 -8834.97 
577500.00 7802500.00 -8803.54 
