# Petrel Points with attributes
# Unit in X and Y direction: m
# Unit in depth: m
VERSION 1
BEGIN HEADER
X
Y
Z
END HEADER
402500.00 7652500.00 -4377.94 
407500.00 7652500.00 -4869.42 
412500.00 7652500.00 -5032.93 
417500.00 7652500.00 -4926.11 
422500.00 7652500.00 -4961.12 
427500.00 7652500.00 -4869.97 
432500.00 7652500.00 -4894.83 
437500.00 7652500.00 -5482.02 
442500.00 7652500.00 -5178.06 
447500.00 7652500.00 -5499.60 
452500.00 7652500.00 -5503.07 
457500.00 7652500.00 -5413.57 
462500.00 7652500.00 -5616.45 
467500.00 7652500.00 -4264.57 
472500.00 7652500.00 -3228.77 
477500.00 7652500.00 -4192.36 
482500.00 7652500.00 -5102.78 
487500.00 7652500.00 -6108.15 
492500.00 7652500.00 -6117.48 
497500.00 7652500.00 -4639.45 
502500.00 7652500.00 -5403.07 
507500.00 7652500.00 -4146.90 
512500.00 7652500.00 -4279.24 
517500.00 7652500.00 -5761.72 
522500.00 7652500.00 -6766.74 
527500.00 7652500.00 -6720.51 
532500.00 7652500.00 -6907.50 
537500.00 7652500.00 -5523.23 
542500.00 7652500.00 -4311.84 
547500.00 7652500.00 -3813.88 
552500.00 7652500.00 -5506.62 
557500.00 7652500.00 -6848.25 
562500.00 7652500.00 -6788.32 
567500.00 7652500.00 -6542.87 
572500.00 7652500.00 -6392.46 
577500.00 7652500.00 -6230.42 
402500.00 7657500.00 -4357.21 
407500.00 7657500.00 -4638.76 
412500.00 7657500.00 -5262.88 
417500.00 7657500.00 -5131.82 
422500.00 7657500.00 -4914.49 
427500.00 7657500.00 -4843.37 
432500.00 7657500.00 -4974.56 
437500.00 7657500.00 -5150.69 
442500.00 7657500.00 -5218.42 
447500.00 7657500.00 -5453.42 
452500.00 7657500.00 -4893.72 
457500.00 7657500.00 -4704.01 
462500.00 7657500.00 -4726.91 
467500.00 7657500.00 -4669.05 
472500.00 7657500.00 -3249.34 
477500.00 7657500.00 -4133.36 
482500.00 7657500.00 -6330.57 
487500.00 7657500.00 -5287.65 
492500.00 7657500.00 -4318.08 
497500.00 7657500.00 -4046.08 
502500.00 7657500.00 -4988.82 
507500.00 7657500.00 -3786.30 
512500.00 7657500.00 -3545.45 
517500.00 7657500.00 -5282.59 
522500.00 7657500.00 -6793.11 
527500.00 7657500.00 -6666.07 
532500.00 7657500.00 -6032.30 
537500.00 7657500.00 -5753.55 
542500.00 7657500.00 -4605.60 
547500.00 7657500.00 -4437.08 
552500.00 7657500.00 -5751.43 
557500.00 7657500.00 -7162.36 
562500.00 7657500.00 -7193.19 
567500.00 7657500.00 -6990.57 
572500.00 7657500.00 -6782.18 
577500.00 7657500.00 -6755.13 
402500.00 7662500.00 -4454.84 
407500.00 7662500.00 -4454.53 
412500.00 7662500.00 -5042.50 
417500.00 7662500.00 -5122.01 
422500.00 7662500.00 -4924.53 
427500.00 7662500.00 -4936.28 
432500.00 7662500.00 -4970.32 
437500.00 7662500.00 -4986.18 
442500.00 7662500.00 -5181.78 
447500.00 7662500.00 -4500.77 
452500.00 7662500.00 -4370.29 
457500.00 7662500.00 -5480.37 
462500.00 7662500.00 -5029.48 
467500.00 7662500.00 -4755.60 
472500.00 7662500.00 -4042.56 
477500.00 7662500.00 -4398.49 
482500.00 7662500.00 -5720.14 
487500.00 7662500.00 -4125.90 
492500.00 7662500.00 -5033.72 
497500.00 7662500.00 -4860.20 
502500.00 7662500.00 -6906.94 
507500.00 7662500.00 -4929.70 
512500.00 7662500.00 -3570.37 
517500.00 7662500.00 -4526.94 
522500.00 7662500.00 -7189.21 
527500.00 7662500.00 -5737.69 
532500.00 7662500.00 -6827.97 
537500.00 7662500.00 -5269.07 
542500.00 7662500.00 -4359.17 
547500.00 7662500.00 -4800.71 
552500.00 7662500.00 -4855.96 
557500.00 7662500.00 -6912.15 
562500.00 7662500.00 -7652.29 
567500.00 7662500.00 -7347.91 
572500.00 7662500.00 -7110.14 
577500.00 7662500.00 -7272.10 
402500.00 7667500.00 -4174.75 
407500.00 7667500.00 -4402.14 
412500.00 7667500.00 -4789.72 
417500.00 7667500.00 -5037.01 
422500.00 7667500.00 -5137.60 
427500.00 7667500.00 -4984.51 
432500.00 7667500.00 -4492.21 
437500.00 7667500.00 -4895.91 
442500.00 7667500.00 -5251.75 
447500.00 7667500.00 -4632.75 
452500.00 7667500.00 -4826.38 
457500.00 7667500.00 -5931.25 
462500.00 7667500.00 -5360.20 
467500.00 7667500.00 -5261.13 
472500.00 7667500.00 -6086.08 
477500.00 7667500.00 -4574.80 
482500.00 7667500.00 -5770.01 
487500.00 7667500.00 -5149.38 
492500.00 7667500.00 -5210.93 
497500.00 7667500.00 -5348.34 
502500.00 7667500.00 -8020.03 
507500.00 7667500.00 -5910.81 
512500.00 7667500.00 -3875.97 
517500.00 7667500.00 -4469.25 
522500.00 7667500.00 -6247.20 
527500.00 7667500.00 -5349.35 
532500.00 7667500.00 -7590.59 
537500.00 7667500.00 -7315.64 
542500.00 7667500.00 -5248.93 
547500.00 7667500.00 -5249.83 
552500.00 7667500.00 -5319.84 
557500.00 7667500.00 -6489.14 
562500.00 7667500.00 -7359.92 
567500.00 7667500.00 -7195.96 
572500.00 7667500.00 -6874.28 
577500.00 7667500.00 -6900.75 
402500.00 7672500.00 -3588.70 
407500.00 7672500.00 -3785.36 
412500.00 7672500.00 -4443.34 
417500.00 7672500.00 -5036.55 
422500.00 7672500.00 -5079.70 
427500.00 7672500.00 -5033.20 
432500.00 7672500.00 -5059.01 
437500.00 7672500.00 -5227.13 
442500.00 7672500.00 -5221.52 
447500.00 7672500.00 -4533.45 
452500.00 7672500.00 -5081.13 
457500.00 7672500.00 -5744.86 
462500.00 7672500.00 -5739.11 
467500.00 7672500.00 -4839.66 
472500.00 7672500.00 -6062.11 
477500.00 7672500.00 -5452.78 
482500.00 7672500.00 -5699.08 
487500.00 7672500.00 -6557.52 
492500.00 7672500.00 -5119.57 
497500.00 7672500.00 -6290.65 
502500.00 7672500.00 -7201.08 
507500.00 7672500.00 -5147.50 
512500.00 7672500.00 -4133.40 
517500.00 7672500.00 -5029.21 
522500.00 7672500.00 -5522.88 
527500.00 7672500.00 -5379.00 
532500.00 7672500.00 -7518.37 
537500.00 7672500.00 -7608.17 
542500.00 7672500.00 -5347.36 
547500.00 7672500.00 -4906.79 
552500.00 7672500.00 -5750.84 
557500.00 7672500.00 -6171.98 
562500.00 7672500.00 -6613.79 
567500.00 7672500.00 -6522.84 
572500.00 7672500.00 -6576.04 
577500.00 7672500.00 -6717.27 
402500.00 7677500.00 -3394.40 
407500.00 7677500.00 -3606.64 
412500.00 7677500.00 -4144.08 
417500.00 7677500.00 -4814.49 
422500.00 7677500.00 -5049.28 
427500.00 7677500.00 -5058.45 
432500.00 7677500.00 -4992.00 
437500.00 7677500.00 -5026.49 
442500.00 7677500.00 -5191.78 
447500.00 7677500.00 -5086.97 
452500.00 7677500.00 -5541.78 
457500.00 7677500.00 -5795.37 
462500.00 7677500.00 -5767.57 
467500.00 7677500.00 -4676.30 
472500.00 7677500.00 -5999.13 
477500.00 7677500.00 -5624.95 
482500.00 7677500.00 -4953.85 
487500.00 7677500.00 -6570.59 
492500.00 7677500.00 -4961.58 
497500.00 7677500.00 -7140.43 
502500.00 7677500.00 -5548.30 
507500.00 7677500.00 -4284.11 
512500.00 7677500.00 -3941.09 
517500.00 7677500.00 -4438.75 
522500.00 7677500.00 -6365.31 
527500.00 7677500.00 -6479.32 
532500.00 7677500.00 -7813.99 
537500.00 7677500.00 -7775.09 
542500.00 7677500.00 -6085.72 
547500.00 7677500.00 -5190.42 
552500.00 7677500.00 -5508.52 
557500.00 7677500.00 -6404.45 
562500.00 7677500.00 -6997.82 
567500.00 7677500.00 -6796.75 
572500.00 7677500.00 -6593.04 
577500.00 7677500.00 -7168.48 
402500.00 7682500.00 -3246.70 
407500.00 7682500.00 -3483.74 
412500.00 7682500.00 -3867.84 
417500.00 7682500.00 -4394.31 
422500.00 7682500.00 -4828.68 
427500.00 7682500.00 -4923.04 
432500.00 7682500.00 -4898.54 
437500.00 7682500.00 -4902.29 
442500.00 7682500.00 -5267.93 
447500.00 7682500.00 -5617.79 
452500.00 7682500.00 -5279.51 
457500.00 7682500.00 -5097.03 
462500.00 7682500.00 -5611.11 
467500.00 7682500.00 -4709.93 
472500.00 7682500.00 -5450.48 
477500.00 7682500.00 -5688.59 
482500.00 7682500.00 -4756.81 
487500.00 7682500.00 -6338.92 
492500.00 7682500.00 -5150.80 
497500.00 7682500.00 -7011.85 
502500.00 7682500.00 -6390.54 
507500.00 7682500.00 -7250.13 
512500.00 7682500.00 -5401.14 
517500.00 7682500.00 -5669.87 
522500.00 7682500.00 -6387.09 
527500.00 7682500.00 -5470.24 
532500.00 7682500.00 -7483.75 
537500.00 7682500.00 -7969.13 
542500.00 7682500.00 -6977.47 
547500.00 7682500.00 -6134.42 
552500.00 7682500.00 -7250.93 
557500.00 7682500.00 -7003.02 
562500.00 7682500.00 -6921.03 
567500.00 7682500.00 -6845.42 
572500.00 7682500.00 -7018.76 
577500.00 7682500.00 -7426.07 
402500.00 7687500.00 -3089.22 
407500.00 7687500.00 -3302.91 
412500.00 7687500.00 -3661.85 
417500.00 7687500.00 -4066.96 
422500.00 7687500.00 -4653.21 
427500.00 7687500.00 -4860.03 
432500.00 7687500.00 -4930.83 
437500.00 7687500.00 -4984.43 
442500.00 7687500.00 -5139.22 
447500.00 7687500.00 -5182.82 
452500.00 7687500.00 -5275.05 
457500.00 7687500.00 -5231.18 
462500.00 7687500.00 -5272.58 
467500.00 7687500.00 -4602.39 
472500.00 7687500.00 -5519.88 
477500.00 7687500.00 -5666.16 
482500.00 7687500.00 -5846.25 
487500.00 7687500.00 -6164.24 
492500.00 7687500.00 -6223.35 
497500.00 7687500.00 -5940.11 
502500.00 7687500.00 -7519.09 
507500.00 7687500.00 -7196.03 
512500.00 7687500.00 -6139.28 
517500.00 7687500.00 -5227.18 
522500.00 7687500.00 -6462.45 
527500.00 7687500.00 -5682.17 
532500.00 7687500.00 -6643.97 
537500.00 7687500.00 -7851.11 
542500.00 7687500.00 -7418.19 
547500.00 7687500.00 -5611.02 
552500.00 7687500.00 -4929.99 
557500.00 7687500.00 -5033.29 
562500.00 7687500.00 -6450.09 
567500.00 7687500.00 -6812.72 
572500.00 7687500.00 -7428.28 
577500.00 7687500.00 -7495.24 
402500.00 7692500.00 -2755.83 
407500.00 7692500.00 -3025.56 
412500.00 7692500.00 -3321.02 
417500.00 7692500.00 -3580.68 
422500.00 7692500.00 -4490.03 
427500.00 7692500.00 -4833.15 
432500.00 7692500.00 -4767.23 
437500.00 7692500.00 -4815.33 
442500.00 7692500.00 -5128.07 
447500.00 7692500.00 -5039.51 
452500.00 7692500.00 -4917.19 
457500.00 7692500.00 -5123.68 
462500.00 7692500.00 -4776.46 
467500.00 7692500.00 -4571.83 
472500.00 7692500.00 -4882.03 
477500.00 7692500.00 -5120.40 
482500.00 7692500.00 -6233.55 
487500.00 7692500.00 -5269.88 
492500.00 7692500.00 -6025.26 
497500.00 7692500.00 -5973.86 
502500.00 7692500.00 -7321.08 
507500.00 7692500.00 -5827.34 
512500.00 7692500.00 -4685.00 
517500.00 7692500.00 -3801.36 
522500.00 7692500.00 -4883.71 
527500.00 7692500.00 -5221.72 
532500.00 7692500.00 -5256.84 
537500.00 7692500.00 -7262.79 
542500.00 7692500.00 -7575.48 
547500.00 7692500.00 -6137.57 
552500.00 7692500.00 -5683.95 
557500.00 7692500.00 -6072.16 
562500.00 7692500.00 -6459.53 
567500.00 7692500.00 -6722.73 
572500.00 7692500.00 -7298.55 
577500.00 7692500.00 -7740.39 
402500.00 7697500.00 -2362.69 
407500.00 7697500.00 -2792.66 
412500.00 7697500.00 -3147.09 
417500.00 7697500.00 -3417.34 
422500.00 7697500.00 -4040.56 
427500.00 7697500.00 -4603.57 
432500.00 7697500.00 -4675.44 
437500.00 7697500.00 -4759.36 
442500.00 7697500.00 -5019.64 
447500.00 7697500.00 -5233.41 
452500.00 7697500.00 -5099.14 
457500.00 7697500.00 -5126.32 
462500.00 7697500.00 -5378.44 
467500.00 7697500.00 -5224.47 
472500.00 7697500.00 -5351.63 
477500.00 7697500.00 -4981.34 
482500.00 7697500.00 -5966.62 
487500.00 7697500.00 -5000.45 
492500.00 7697500.00 -5790.52 
497500.00 7697500.00 -6240.15 
502500.00 7697500.00 -6816.65 
507500.00 7697500.00 -7286.34 
512500.00 7697500.00 -6406.86 
517500.00 7697500.00 -4662.37 
522500.00 7697500.00 -4013.59 
527500.00 7697500.00 -4476.31 
532500.00 7697500.00 -5038.41 
537500.00 7697500.00 -6753.14 
542500.00 7697500.00 -7469.22 
547500.00 7697500.00 -6271.09 
552500.00 7697500.00 -5352.15 
557500.00 7697500.00 -6379.31 
562500.00 7697500.00 -6398.39 
567500.00 7697500.00 -6642.83 
572500.00 7697500.00 -7422.54 
577500.00 7697500.00 -7849.00 
402500.00 7702500.00 -2092.60 
407500.00 7702500.00 -2644.71 
412500.00 7702500.00 -3082.21 
417500.00 7702500.00 -3313.04 
422500.00 7702500.00 -3813.52 
427500.00 7702500.00 -4557.56 
432500.00 7702500.00 -4883.15 
437500.00 7702500.00 -4907.88 
442500.00 7702500.00 -5009.51 
447500.00 7702500.00 -5130.20 
452500.00 7702500.00 -5278.48 
457500.00 7702500.00 -5306.50 
462500.00 7702500.00 -5318.04 
467500.00 7702500.00 -5519.40 
472500.00 7702500.00 -5600.68 
477500.00 7702500.00 -5716.57 
482500.00 7702500.00 -6224.21 
487500.00 7702500.00 -5558.87 
492500.00 7702500.00 -5769.16 
497500.00 7702500.00 -6724.76 
502500.00 7702500.00 -6490.01 
507500.00 7702500.00 -7075.87 
512500.00 7702500.00 -5696.97 
517500.00 7702500.00 -4455.79 
522500.00 7702500.00 -4026.07 
527500.00 7702500.00 -5036.60 
532500.00 7702500.00 -6943.21 
537500.00 7702500.00 -6993.82 
542500.00 7702500.00 -7675.34 
547500.00 7702500.00 -7066.59 
552500.00 7702500.00 -4243.08 
557500.00 7702500.00 -4893.66 
562500.00 7702500.00 -6270.90 
567500.00 7702500.00 -6705.40 
572500.00 7702500.00 -7358.94 
577500.00 7702500.00 -7679.49 
402500.00 7707500.00 -1743.68 
407500.00 7707500.00 -2664.32 
412500.00 7707500.00 -3057.02 
417500.00 7707500.00 -3296.13 
422500.00 7707500.00 -3760.92 
427500.00 7707500.00 -4382.13 
432500.00 7707500.00 -4909.46 
437500.00 7707500.00 -5050.58 
442500.00 7707500.00 -5149.80 
447500.00 7707500.00 -5129.50 
452500.00 7707500.00 -5168.48 
457500.00 7707500.00 -5180.11 
462500.00 7707500.00 -4400.71 
467500.00 7707500.00 -5289.02 
472500.00 7707500.00 -5652.76 
477500.00 7707500.00 -6110.23 
482500.00 7707500.00 -6413.24 
487500.00 7707500.00 -5630.28 
492500.00 7707500.00 -6213.23 
497500.00 7707500.00 -6729.56 
502500.00 7707500.00 -6392.65 
507500.00 7707500.00 -5102.61 
512500.00 7707500.00 -5355.40 
517500.00 7707500.00 -5490.86 
522500.00 7707500.00 -4880.24 
527500.00 7707500.00 -5895.47 
532500.00 7707500.00 -6246.49 
537500.00 7707500.00 -6512.84 
542500.00 7707500.00 -7648.97 
547500.00 7707500.00 -7042.49 
552500.00 7707500.00 -4462.41 
557500.00 7707500.00 -4483.71 
562500.00 7707500.00 -6145.40 
567500.00 7707500.00 -6731.00 
572500.00 7707500.00 -7016.93 
577500.00 7707500.00 -7218.36 
402500.00 7712500.00 -1686.28 
407500.00 7712500.00 -2496.50 
412500.00 7712500.00 -2918.68 
417500.00 7712500.00 -3186.20 
422500.00 7712500.00 -3569.79 
427500.00 7712500.00 -4039.53 
432500.00 7712500.00 -4939.65 
437500.00 7712500.00 -5269.50 
442500.00 7712500.00 -5415.25 
447500.00 7712500.00 -5233.66 
452500.00 7712500.00 -5144.17 
457500.00 7712500.00 -5309.37 
462500.00 7712500.00 -4872.45 
467500.00 7712500.00 -5485.72 
472500.00 7712500.00 -5737.60 
477500.00 7712500.00 -4955.46 
482500.00 7712500.00 -6150.87 
487500.00 7712500.00 -5917.11 
492500.00 7712500.00 -6328.44 
497500.00 7712500.00 -6002.32 
502500.00 7712500.00 -7091.87 
507500.00 7712500.00 -6794.81 
512500.00 7712500.00 -6120.13 
517500.00 7712500.00 -6865.72 
522500.00 7712500.00 -6321.07 
527500.00 7712500.00 -7074.71 
532500.00 7712500.00 -7144.72 
537500.00 7712500.00 -6019.09 
542500.00 7712500.00 -7623.96 
547500.00 7712500.00 -7186.96 
552500.00 7712500.00 -4506.02 
557500.00 7712500.00 -3919.37 
562500.00 7712500.00 -6724.21 
567500.00 7712500.00 -6946.97 
572500.00 7712500.00 -6874.76 
577500.00 7712500.00 -7049.07 
402500.00 7717500.00 -1594.93 
407500.00 7717500.00 -2212.55 
412500.00 7717500.00 -2728.58 
417500.00 7717500.00 -2995.46 
422500.00 7717500.00 -3446.55 
427500.00 7717500.00 -3976.47 
432500.00 7717500.00 -4912.48 
437500.00 7717500.00 -5157.49 
442500.00 7717500.00 -5261.99 
447500.00 7717500.00 -5256.37 
452500.00 7717500.00 -5220.21 
457500.00 7717500.00 -5194.70 
462500.00 7717500.00 -5245.48 
467500.00 7717500.00 -5184.65 
472500.00 7717500.00 -5836.13 
477500.00 7717500.00 -4984.51 
482500.00 7717500.00 -5943.32 
487500.00 7717500.00 -6438.78 
492500.00 7717500.00 -5651.05 
497500.00 7717500.00 -6605.47 
502500.00 7717500.00 -6996.65 
507500.00 7717500.00 -7495.08 
512500.00 7717500.00 -5815.31 
517500.00 7717500.00 -6808.14 
522500.00 7717500.00 -5702.37 
527500.00 7717500.00 -6801.84 
532500.00 7717500.00 -8150.00 
537500.00 7717500.00 -6737.75 
542500.00 7717500.00 -6230.07 
547500.00 7717500.00 -7040.87 
552500.00 7717500.00 -4757.96 
557500.00 7717500.00 -3918.41 
562500.00 7717500.00 -6993.74 
567500.00 7717500.00 -7126.17 
572500.00 7717500.00 -6964.55 
577500.00 7717500.00 -7084.12 
402500.00 7722500.00 -1389.54 
407500.00 7722500.00 -1980.18 
412500.00 7722500.00 -2451.01 
417500.00 7722500.00 -2958.67 
422500.00 7722500.00 -3484.28 
427500.00 7722500.00 -3935.35 
432500.00 7722500.00 -4800.72 
437500.00 7722500.00 -4811.13 
442500.00 7722500.00 -5181.92 
447500.00 7722500.00 -5166.18 
452500.00 7722500.00 -5267.33 
457500.00 7722500.00 -4936.47 
462500.00 7722500.00 -5451.08 
467500.00 7722500.00 -5423.20 
472500.00 7722500.00 -6168.95 
477500.00 7722500.00 -4688.72 
482500.00 7722500.00 -6446.70 
487500.00 7722500.00 -7054.86 
492500.00 7722500.00 -6065.92 
497500.00 7722500.00 -7282.75 
502500.00 7722500.00 -7682.19 
507500.00 7722500.00 -8048.74 
512500.00 7722500.00 -7147.85 
517500.00 7722500.00 -8202.20 
522500.00 7722500.00 -7754.16 
527500.00 7722500.00 -6265.40 
532500.00 7722500.00 -7949.68 
537500.00 7722500.00 -7911.48 
542500.00 7722500.00 -5509.60 
547500.00 7722500.00 -4597.29 
552500.00 7722500.00 -5602.96 
557500.00 7722500.00 -5926.82 
562500.00 7722500.00 -7161.45 
567500.00 7722500.00 -6963.06 
572500.00 7722500.00 -6893.06 
577500.00 7722500.00 -7248.81 
402500.00 7727500.00 -1233.19 
407500.00 7727500.00 -1747.32 
412500.00 7727500.00 -2286.26 
417500.00 7727500.00 -2732.02 
422500.00 7727500.00 -3201.91 
427500.00 7727500.00 -3838.36 
432500.00 7727500.00 -4823.59 
437500.00 7727500.00 -4843.30 
442500.00 7727500.00 -5185.93 
447500.00 7727500.00 -5351.74 
452500.00 7727500.00 -5201.85 
457500.00 7727500.00 -5042.24 
462500.00 7727500.00 -5465.88 
467500.00 7727500.00 -5708.55 
472500.00 7727500.00 -6269.88 
477500.00 7727500.00 -5095.92 
482500.00 7727500.00 -6575.17 
487500.00 7727500.00 -7166.64 
492500.00 7727500.00 -6518.27 
497500.00 7727500.00 -7059.82 
502500.00 7727500.00 -8086.03 
507500.00 7727500.00 -7454.24 
512500.00 7727500.00 -7488.97 
517500.00 7727500.00 -8364.37 
522500.00 7727500.00 -6558.20 
527500.00 7727500.00 -6058.38 
532500.00 7727500.00 -7698.73 
537500.00 7727500.00 -7928.36 
542500.00 7727500.00 -5530.65 
547500.00 7727500.00 -4526.91 
552500.00 7727500.00 -7111.45 
557500.00 7727500.00 -7350.64 
562500.00 7727500.00 -7105.86 
567500.00 7727500.00 -6788.18 
572500.00 7727500.00 -6813.35 
577500.00 7727500.00 -7369.23 
402500.00 7732500.00 -1072.53 
407500.00 7732500.00 -1472.53 
412500.00 7732500.00 -2047.62 
417500.00 7732500.00 -2465.32 
422500.00 7732500.00 -2985.42 
427500.00 7732500.00 -3624.74 
432500.00 7732500.00 -4657.96 
437500.00 7732500.00 -5241.49 
442500.00 7732500.00 -5342.18 
447500.00 7732500.00 -5415.45 
452500.00 7732500.00 -5326.14 
457500.00 7732500.00 -5216.63 
462500.00 7732500.00 -5280.18 
467500.00 7732500.00 -5805.80 
472500.00 7732500.00 -5687.56 
477500.00 7732500.00 -5359.67 
482500.00 7732500.00 -6496.68 
487500.00 7732500.00 -5952.83 
492500.00 7732500.00 -6720.57 
497500.00 7732500.00 -6977.23 
502500.00 7732500.00 -6434.62 
507500.00 7732500.00 -6494.77 
512500.00 7732500.00 -8027.78 
517500.00 7732500.00 -5082.13 
522500.00 7732500.00 -6876.28 
527500.00 7732500.00 -6249.90 
532500.00 7732500.00 -7200.73 
537500.00 7732500.00 -7999.38 
542500.00 7732500.00 -8331.67 
547500.00 7732500.00 -7776.29 
552500.00 7732500.00 -7558.91 
557500.00 7732500.00 -7445.08 
562500.00 7732500.00 -7353.92 
567500.00 7732500.00 -6852.60 
572500.00 7732500.00 -7146.44 
577500.00 7732500.00 -7528.69 
402500.00 7737500.00 -1110.61 
407500.00 7737500.00 -1367.18 
412500.00 7737500.00 -1995.27 
417500.00 7737500.00 -2489.66 
422500.00 7737500.00 -2944.51 
427500.00 7737500.00 -3368.61 
432500.00 7737500.00 -4534.94 
437500.00 7737500.00 -5484.82 
442500.00 7737500.00 -5375.03 
447500.00 7737500.00 -5496.89 
452500.00 7737500.00 -5378.51 
457500.00 7737500.00 -5219.81 
462500.00 7737500.00 -5305.01 
467500.00 7737500.00 -5815.29 
472500.00 7737500.00 -5710.60 
477500.00 7737500.00 -5685.54 
482500.00 7737500.00 -6548.09 
487500.00 7737500.00 -5665.46 
492500.00 7737500.00 -6512.92 
497500.00 7737500.00 -6752.83 
502500.00 7737500.00 -6082.89 
507500.00 7737500.00 -7503.40 
512500.00 7737500.00 -7416.16 
517500.00 7737500.00 -4942.26 
522500.00 7737500.00 -6760.62 
527500.00 7737500.00 -6686.55 
532500.00 7737500.00 -7155.66 
537500.00 7737500.00 -7738.08 
542500.00 7737500.00 -7737.42 
547500.00 7737500.00 -7732.69 
552500.00 7737500.00 -7267.33 
557500.00 7737500.00 -7363.63 
562500.00 7737500.00 -7703.99 
567500.00 7737500.00 -7569.22 
572500.00 7737500.00 -7962.60 
577500.00 7737500.00 -7972.81 
402500.00 7742500.00 -1351.16 
407500.00 7742500.00 -1428.50 
412500.00 7742500.00 -1909.75 
417500.00 7742500.00 -2465.48 
422500.00 7742500.00 -2970.14 
427500.00 7742500.00 -3349.28 
432500.00 7742500.00 -4029.74 
437500.00 7742500.00 -4976.47 
442500.00 7742500.00 -5528.83 
447500.00 7742500.00 -5791.28 
452500.00 7742500.00 -5387.03 
457500.00 7742500.00 -5348.88 
462500.00 7742500.00 -5712.62 
467500.00 7742500.00 -5932.70 
472500.00 7742500.00 -6054.76 
477500.00 7742500.00 -6235.99 
482500.00 7742500.00 -6649.44 
487500.00 7742500.00 -6002.80 
492500.00 7742500.00 -6253.33 
497500.00 7742500.00 -6510.38 
502500.00 7742500.00 -6610.73 
507500.00 7742500.00 -7285.63 
512500.00 7742500.00 -7304.55 
517500.00 7742500.00 -6709.40 
522500.00 7742500.00 -6338.75 
527500.00 7742500.00 -6418.04 
532500.00 7742500.00 -7431.73 
537500.00 7742500.00 -7995.66 
542500.00 7742500.00 -8144.12 
547500.00 7742500.00 -7830.93 
552500.00 7742500.00 -7328.77 
557500.00 7742500.00 -7146.41 
562500.00 7742500.00 -7823.63 
567500.00 7742500.00 -8337.60 
572500.00 7742500.00 -9060.93 
577500.00 7742500.00 -9154.04 
402500.00 7747500.00 -1444.74 
407500.00 7747500.00 -1492.47 
412500.00 7747500.00 -1723.69 
417500.00 7747500.00 -2314.80 
422500.00 7747500.00 -2948.99 
427500.00 7747500.00 -3415.11 
432500.00 7747500.00 -4158.61 
437500.00 7747500.00 -4938.59 
442500.00 7747500.00 -5651.67 
447500.00 7747500.00 -5751.84 
452500.00 7747500.00 -5515.61 
457500.00 7747500.00 -5518.04 
462500.00 7747500.00 -5845.41 
467500.00 7747500.00 -5982.71 
472500.00 7747500.00 -6371.37 
477500.00 7747500.00 -6150.09 
482500.00 7747500.00 -6608.13 
487500.00 7747500.00 -6274.50 
492500.00 7747500.00 -5949.39 
497500.00 7747500.00 -6224.08 
502500.00 7747500.00 -6858.52 
507500.00 7747500.00 -7374.05 
512500.00 7747500.00 -7710.44 
517500.00 7747500.00 -7166.64 
522500.00 7747500.00 -7753.06 
527500.00 7747500.00 -6940.47 
532500.00 7747500.00 -6274.72 
537500.00 7747500.00 -5823.30 
542500.00 7747500.00 -8279.77 
547500.00 7747500.00 -7210.89 
552500.00 7747500.00 -7338.16 
557500.00 7747500.00 -7074.42 
562500.00 7747500.00 -7644.67 
567500.00 7747500.00 -8085.42 
572500.00 7747500.00 -9284.21 
577500.00 7747500.00 -9401.94 
402500.00 7752500.00 -1351.43 
407500.00 7752500.00 -1410.78 
412500.00 7752500.00 -1565.39 
417500.00 7752500.00 -2262.93 
422500.00 7752500.00 -2791.78 
427500.00 7752500.00 -3429.34 
432500.00 7752500.00 -4343.68 
437500.00 7752500.00 -5055.35 
442500.00 7752500.00 -5720.89 
447500.00 7752500.00 -5828.56 
452500.00 7752500.00 -5711.67 
457500.00 7752500.00 -5554.97 
462500.00 7752500.00 -5690.03 
467500.00 7752500.00 -5915.17 
472500.00 7752500.00 -6427.19 
477500.00 7752500.00 -5298.03 
482500.00 7752500.00 -6703.39 
487500.00 7752500.00 -6949.60 
492500.00 7752500.00 -5449.53 
497500.00 7752500.00 -6006.62 
502500.00 7752500.00 -6495.66 
507500.00 7752500.00 -7411.82 
512500.00 7752500.00 -7952.01 
517500.00 7752500.00 -7853.22 
522500.00 7752500.00 -7663.10 
527500.00 7752500.00 -8107.11 
532500.00 7752500.00 -7966.47 
537500.00 7752500.00 -6896.97 
542500.00 7752500.00 -8002.67 
547500.00 7752500.00 -7637.80 
552500.00 7752500.00 -8351.47 
557500.00 7752500.00 -7858.38 
562500.00 7752500.00 -8034.69 
567500.00 7752500.00 -8495.34 
572500.00 7752500.00 -9254.09 
577500.00 7752500.00 -7612.20 
402500.00 7757500.00 -1210.16 
407500.00 7757500.00 -1389.57 
412500.00 7757500.00 -1476.35 
417500.00 7757500.00 -1996.15 
422500.00 7757500.00 -2666.83 
427500.00 7757500.00 -3403.49 
432500.00 7757500.00 -4341.94 
437500.00 7757500.00 -4937.67 
442500.00 7757500.00 -5424.31 
447500.00 7757500.00 -5979.40 
452500.00 7757500.00 -5796.80 
457500.00 7757500.00 -5656.85 
462500.00 7757500.00 -5863.11 
467500.00 7757500.00 -6061.08 
472500.00 7757500.00 -6328.50 
477500.00 7757500.00 -5846.21 
482500.00 7757500.00 -6861.11 
487500.00 7757500.00 -6876.07 
492500.00 7757500.00 -6360.36 
497500.00 7757500.00 -6619.72 
502500.00 7757500.00 -6049.87 
507500.00 7757500.00 -7084.21 
512500.00 7757500.00 -6917.75 
517500.00 7757500.00 -7186.78 
522500.00 7757500.00 -7858.73 
527500.00 7757500.00 -8332.74 
532500.00 7757500.00 -8079.17 
537500.00 7757500.00 -7552.49 
542500.00 7757500.00 -4884.47 
547500.00 7757500.00 -5426.16 
552500.00 7757500.00 -8534.46 
557500.00 7757500.00 -7822.34 
562500.00 7757500.00 -8357.61 
567500.00 7757500.00 -8993.18 
572500.00 7757500.00 -9014.02 
577500.00 7757500.00 -8988.68 
402500.00 7762500.00 -1074.47 
407500.00 7762500.00 -1219.73 
412500.00 7762500.00 -1465.79 
417500.00 7762500.00 -2222.13 
422500.00 7762500.00 -2735.30 
427500.00 7762500.00 -3388.69 
432500.00 7762500.00 -4305.84 
437500.00 7762500.00 -4767.33 
442500.00 7762500.00 -5157.62 
447500.00 7762500.00 -5655.14 
452500.00 7762500.00 -5770.07 
457500.00 7762500.00 -5919.81 
462500.00 7762500.00 -6100.18 
467500.00 7762500.00 -6095.19 
472500.00 7762500.00 -6438.19 
477500.00 7762500.00 -5736.41 
482500.00 7762500.00 -6673.35 
487500.00 7762500.00 -6780.65 
492500.00 7762500.00 -6810.62 
497500.00 7762500.00 -6813.41 
502500.00 7762500.00 -5782.62 
507500.00 7762500.00 -6373.19 
512500.00 7762500.00 -7119.26 
517500.00 7762500.00 -7458.69 
522500.00 7762500.00 -7669.07 
527500.00 7762500.00 -7769.55 
532500.00 7762500.00 -7375.27 
537500.00 7762500.00 -7299.36 
542500.00 7762500.00 -7715.38 
547500.00 7762500.00 -7960.79 
552500.00 7762500.00 -8536.63 
557500.00 7762500.00 -7880.02 
562500.00 7762500.00 -7846.04 
567500.00 7762500.00 -8448.32 
572500.00 7762500.00 -8860.69 
577500.00 7762500.00 -8938.07 
402500.00 7767500.00 -1080.13 
407500.00 7767500.00 -1257.56 
412500.00 7767500.00 -1451.90 
417500.00 7767500.00 -2262.72 
422500.00 7767500.00 -2780.98 
427500.00 7767500.00 -3315.92 
432500.00 7767500.00 -4302.85 
437500.00 7767500.00 -4753.38 
442500.00 7767500.00 -5180.03 
447500.00 7767500.00 -5541.77 
452500.00 7767500.00 -5790.22 
457500.00 7767500.00 -6125.30 
462500.00 7767500.00 -6033.89 
467500.00 7767500.00 -6141.91 
472500.00 7767500.00 -6303.59 
477500.00 7767500.00 -5906.29 
482500.00 7767500.00 -6508.79 
487500.00 7767500.00 -6563.28 
492500.00 7767500.00 -6441.68 
497500.00 7767500.00 -6439.25 
502500.00 7767500.00 -7393.72 
507500.00 7767500.00 -7247.66 
512500.00 7767500.00 -7096.73 
517500.00 7767500.00 -7077.51 
522500.00 7767500.00 -7938.59 
527500.00 7767500.00 -7933.76 
532500.00 7767500.00 -7603.23 
537500.00 7767500.00 -7509.20 
542500.00 7767500.00 -8289.29 
547500.00 7767500.00 -8313.23 
552500.00 7767500.00 -8184.16 
557500.00 7767500.00 -8222.51 
562500.00 7767500.00 -8009.96 
567500.00 7767500.00 -8641.01 
572500.00 7767500.00 -9146.98 
577500.00 7767500.00 -9322.20 
402500.00 7772500.00 -965.54 
407500.00 7772500.00 -1268.42 
412500.00 7772500.00 -1632.99 
417500.00 7772500.00 -2334.68 
422500.00 7772500.00 -3018.72 
427500.00 7772500.00 -3389.19 
432500.00 7772500.00 -4128.47 
437500.00 7772500.00 -4722.16 
442500.00 7772500.00 -5028.79 
447500.00 7772500.00 -5336.00 
452500.00 7772500.00 -5749.11 
457500.00 7772500.00 -5991.35 
462500.00 7772500.00 -5955.93 
467500.00 7772500.00 -6179.98 
472500.00 7772500.00 -6193.91 
477500.00 7772500.00 -6517.13 
482500.00 7772500.00 -6277.45 
487500.00 7772500.00 -6100.81 
492500.00 7772500.00 -7244.24 
497500.00 7772500.00 -7477.20 
502500.00 7772500.00 -7725.23 
507500.00 7772500.00 -7710.36 
512500.00 7772500.00 -7704.75 
517500.00 7772500.00 -7002.78 
522500.00 7772500.00 -7451.91 
527500.00 7772500.00 -7458.05 
532500.00 7772500.00 -7910.30 
537500.00 7772500.00 -8317.08 
542500.00 7772500.00 -9099.26 
547500.00 7772500.00 -9086.69 
552500.00 7772500.00 -9520.37 
557500.00 7772500.00 -9136.99 
562500.00 7772500.00 -9079.35 
567500.00 7772500.00 -9096.05 
572500.00 7772500.00 -9047.91 
577500.00 7772500.00 -9307.12 
402500.00 7777500.00 -936.65 
407500.00 7777500.00 -1274.30 
412500.00 7777500.00 -1741.91 
417500.00 7777500.00 -2251.27 
422500.00 7777500.00 -3058.74 
427500.00 7777500.00 -3476.83 
432500.00 7777500.00 -4102.51 
437500.00 7777500.00 -4468.62 
442500.00 7777500.00 -4824.02 
447500.00 7777500.00 -5189.83 
452500.00 7777500.00 -5713.64 
457500.00 7777500.00 -6070.79 
462500.00 7777500.00 -6009.52 
467500.00 7777500.00 -5876.73 
472500.00 7777500.00 -6255.75 
477500.00 7777500.00 -6488.53 
482500.00 7777500.00 -6182.93 
487500.00 7777500.00 -6074.57 
492500.00 7777500.00 -7426.18 
497500.00 7777500.00 -7779.52 
502500.00 7777500.00 -7370.71 
507500.00 7777500.00 -7567.37 
512500.00 7777500.00 -7820.03 
517500.00 7777500.00 -7378.77 
522500.00 7777500.00 -7874.40 
527500.00 7777500.00 -7887.78 
532500.00 7777500.00 -8990.47 
537500.00 7777500.00 -9778.96 
542500.00 7777500.00 -8997.73 
547500.00 7777500.00 -8634.78 
552500.00 7777500.00 -9379.94 
557500.00 7777500.00 -9229.74 
562500.00 7777500.00 -9559.84 
567500.00 7777500.00 -9771.06 
572500.00 7777500.00 -9145.27 
577500.00 7777500.00 -8998.94 
402500.00 7782500.00 -1067.85 
407500.00 7782500.00 -1396.98 
412500.00 7782500.00 -1845.98 
417500.00 7782500.00 -2292.72 
422500.00 7782500.00 -3100.32 
427500.00 7782500.00 -3621.41 
432500.00 7782500.00 -4168.62 
437500.00 7782500.00 -4310.03 
442500.00 7782500.00 -4509.19 
447500.00 7782500.00 -4928.48 
452500.00 7782500.00 -5522.32 
457500.00 7782500.00 -5969.03 
462500.00 7782500.00 -6031.23 
467500.00 7782500.00 -5868.84 
472500.00 7782500.00 -6325.39 
477500.00 7782500.00 -6202.34 
482500.00 7782500.00 -5834.06 
487500.00 7782500.00 -7312.37 
492500.00 7782500.00 -7787.02 
497500.00 7782500.00 -7585.81 
502500.00 7782500.00 -6545.22 
507500.00 7782500.00 -7635.30 
512500.00 7782500.00 -8021.89 
517500.00 7782500.00 -8021.50 
522500.00 7782500.00 -7631.04 
527500.00 7782500.00 -8172.61 
532500.00 7782500.00 -9772.58 
537500.00 7782500.00 -9363.87 
542500.00 7782500.00 -7927.51 
547500.00 7782500.00 -7394.09 
552500.00 7782500.00 -9320.52 
557500.00 7782500.00 -9466.19 
562500.00 7782500.00 -9277.62 
567500.00 7782500.00 -9491.21 
572500.00 7782500.00 -9407.83 
577500.00 7782500.00 -9215.59 
402500.00 7787500.00 -1241.83 
407500.00 7787500.00 -1486.12 
412500.00 7787500.00 -1967.80 
417500.00 7787500.00 -2263.88 
422500.00 7787500.00 -2902.41 
427500.00 7787500.00 -3499.17 
432500.00 7787500.00 -4097.82 
437500.00 7787500.00 -4420.58 
442500.00 7787500.00 -4465.27 
447500.00 7787500.00 -4825.62 
452500.00 7787500.00 -5653.44 
457500.00 7787500.00 -6108.99 
462500.00 7787500.00 -6224.05 
467500.00 7787500.00 -5980.62 
472500.00 7787500.00 -6463.81 
477500.00 7787500.00 -6850.74 
482500.00 7787500.00 -6522.45 
487500.00 7787500.00 -7271.28 
492500.00 7787500.00 -8104.82 
497500.00 7787500.00 -7119.94 
502500.00 7787500.00 -5587.89 
507500.00 7787500.00 -7760.33 
512500.00 7787500.00 -8149.70 
517500.00 7787500.00 -8300.34 
522500.00 7787500.00 -5789.09 
527500.00 7787500.00 -7967.45 
532500.00 7787500.00 -10182.42 
537500.00 7787500.00 -8871.03 
542500.00 7787500.00 -8253.42 
547500.00 7787500.00 -8099.85 
552500.00 7787500.00 -8989.64 
557500.00 7787500.00 -9203.27 
562500.00 7787500.00 -9147.84 
567500.00 7787500.00 -9175.20 
572500.00 7787500.00 -9320.41 
577500.00 7787500.00 -9259.72 
402500.00 7792500.00 -1342.21 
407500.00 7792500.00 -1484.79 
412500.00 7792500.00 -1895.29 
417500.00 7792500.00 -2270.16 
422500.00 7792500.00 -2835.83 
427500.00 7792500.00 -3375.16 
432500.00 7792500.00 -4058.79 
437500.00 7792500.00 -4533.82 
442500.00 7792500.00 -4843.30 
447500.00 7792500.00 -4865.90 
452500.00 7792500.00 -5462.05 
457500.00 7792500.00 -5868.50 
462500.00 7792500.00 -5991.36 
467500.00 7792500.00 -6298.51 
472500.00 7792500.00 -6219.89 
477500.00 7792500.00 -6488.09 
482500.00 7792500.00 -6803.80 
487500.00 7792500.00 -7095.37 
492500.00 7792500.00 -6679.54 
497500.00 7792500.00 -7172.35 
502500.00 7792500.00 -7826.54 
507500.00 7792500.00 -8105.15 
512500.00 7792500.00 -8242.47 
517500.00 7792500.00 -8122.24 
522500.00 7792500.00 -7177.90 
527500.00 7792500.00 -8210.12 
532500.00 7792500.00 -8996.50 
537500.00 7792500.00 -8609.91 
542500.00 7792500.00 -8768.70 
547500.00 7792500.00 -8827.74 
552500.00 7792500.00 -8914.17 
557500.00 7792500.00 -9004.77 
562500.00 7792500.00 -9249.14 
567500.00 7792500.00 -9200.01 
572500.00 7792500.00 -9242.62 
577500.00 7792500.00 -9234.00 
402500.00 7797500.00 -1279.75 
407500.00 7797500.00 -1375.53 
412500.00 7797500.00 -1835.45 
417500.00 7797500.00 -2273.09 
422500.00 7797500.00 -2656.16 
427500.00 7797500.00 -3081.62 
432500.00 7797500.00 -4297.79 
437500.00 7797500.00 -4792.44 
442500.00 7797500.00 -5078.80 
447500.00 7797500.00 -5075.41 
452500.00 7797500.00 -5473.14 
457500.00 7797500.00 -5833.04 
462500.00 7797500.00 -6127.21 
467500.00 7797500.00 -6418.02 
472500.00 7797500.00 -6104.27 
477500.00 7797500.00 -6649.47 
482500.00 7797500.00 -7035.13 
487500.00 7797500.00 -7447.68 
492500.00 7797500.00 -6318.31 
497500.00 7797500.00 -6565.32 
502500.00 7797500.00 -7350.22 
507500.00 7797500.00 -7386.88 
512500.00 7797500.00 -7848.98 
517500.00 7797500.00 -7866.50 
522500.00 7797500.00 -7906.32 
527500.00 7797500.00 -8015.46 
532500.00 7797500.00 -8390.40 
537500.00 7797500.00 -8553.22 
542500.00 7797500.00 -8683.10 
547500.00 7797500.00 -8759.17 
552500.00 7797500.00 -8912.66 
557500.00 7797500.00 -8988.22 
562500.00 7797500.00 -9158.08 
567500.00 7797500.00 -9140.57 
572500.00 7797500.00 -9221.67 
577500.00 7797500.00 -9227.14 
402500.00 7802500.00 -1185.08 
407500.00 7802500.00 -1231.14 
412500.00 7802500.00 -1716.47 
417500.00 7802500.00 -2195.21 
422500.00 7802500.00 -2876.16 
427500.00 7802500.00 -3316.67 
432500.00 7802500.00 -4218.70 
437500.00 7802500.00 -4822.38 
442500.00 7802500.00 -5151.34 
447500.00 7802500.00 -5413.19 
452500.00 7802500.00 -5643.27 
457500.00 7802500.00 -5822.10 
462500.00 7802500.00 -6275.69 
467500.00 7802500.00 -6394.17 
472500.00 7802500.00 -6593.50 
477500.00 7802500.00 -6076.04 
482500.00 7802500.00 -5592.95 
487500.00 7802500.00 -6935.36 
492500.00 7802500.00 -6333.80 
497500.00 7802500.00 -4637.06 
502500.00 7802500.00 -6531.42 
507500.00 7802500.00 -6901.54 
512500.00 7802500.00 -7357.66 
517500.00 7802500.00 -7680.64 
522500.00 7802500.00 -7940.58 
527500.00 7802500.00 -8038.00 
532500.00 7802500.00 -8223.52 
537500.00 7802500.00 -8315.18 
542500.00 7802500.00 -8573.07 
547500.00 7802500.00 -8673.68 
552500.00 7802500.00 -8754.94 
557500.00 7802500.00 -8819.36 
562500.00 7802500.00 -8958.20 
567500.00 7802500.00 -8849.69 
572500.00 7802500.00 -8923.43 
577500.00 7802500.00 -8869.85 
