# Petrel Points with attributes
# Unit in X and Y direction: m
# Unit in depth: m
VERSION 1
BEGIN HEADER
X
Y
Z
END HEADER
402500.00 7652500.00 -4204.13 
407500.00 7652500.00 -4717.40 
412500.00 7652500.00 -4862.49 
417500.00 7652500.00 -4698.75 
422500.00 7652500.00 -4698.57 
427500.00 7652500.00 -4643.99 
432500.00 7652500.00 -4714.67 
437500.00 7652500.00 -5307.44 
442500.00 7652500.00 -4987.74 
447500.00 7652500.00 -5323.54 
452500.00 7652500.00 -5351.99 
457500.00 7652500.00 -5277.08 
462500.00 7652500.00 -5497.59 
467500.00 7652500.00 -4170.28 
472500.00 7652500.00 -3086.77 
477500.00 7652500.00 -4003.86 
482500.00 7652500.00 -4874.82 
487500.00 7652500.00 -5900.00 
492500.00 7652500.00 -5932.76 
497500.00 7652500.00 -4460.46 
502500.00 7652500.00 -5259.74 
507500.00 7652500.00 -4007.42 
512500.00 7652500.00 -4130.69 
517500.00 7652500.00 -5621.87 
522500.00 7652500.00 -6668.23 
527500.00 7652500.00 -6657.12 
532500.00 7652500.00 -6839.06 
537500.00 7652500.00 -5405.19 
542500.00 7652500.00 -4162.28 
547500.00 7652500.00 -3672.81 
552500.00 7652500.00 -5406.81 
557500.00 7652500.00 -6766.66 
562500.00 7652500.00 -6714.95 
567500.00 7652500.00 -6479.35 
572500.00 7652500.00 -6337.89 
577500.00 7652500.00 -6178.22 
402500.00 7657500.00 -4175.22 
407500.00 7657500.00 -4493.49 
412500.00 7657500.00 -5108.83 
417500.00 7657500.00 -4912.75 
422500.00 7657500.00 -4650.62 
427500.00 7657500.00 -4584.37 
432500.00 7657500.00 -4748.91 
437500.00 7657500.00 -4932.36 
442500.00 7657500.00 -4989.76 
447500.00 7657500.00 -5282.25 
452500.00 7657500.00 -4756.21 
457500.00 7657500.00 -4565.11 
462500.00 7657500.00 -4594.60 
467500.00 7657500.00 -4544.68 
472500.00 7657500.00 -3121.38 
477500.00 7657500.00 -3977.82 
482500.00 7657500.00 -6140.47 
487500.00 7657500.00 -5094.21 
492500.00 7657500.00 -4137.69 
497500.00 7657500.00 -3879.32 
502500.00 7657500.00 -4845.41 
507500.00 7657500.00 -3652.26 
512500.00 7657500.00 -3398.96 
517500.00 7657500.00 -5130.08 
522500.00 7657500.00 -6689.25 
527500.00 7657500.00 -6601.53 
532500.00 7657500.00 -5965.55 
537500.00 7657500.00 -5642.07 
542500.00 7657500.00 -4460.72 
547500.00 7657500.00 -4306.95 
552500.00 7657500.00 -5652.92 
557500.00 7657500.00 -7081.91 
562500.00 7657500.00 -7123.26 
567500.00 7657500.00 -6929.77 
572500.00 7657500.00 -6728.32 
577500.00 7657500.00 -6704.27 
402500.00 7662500.00 -4284.59 
407500.00 7662500.00 -4308.06 
412500.00 7662500.00 -4886.65 
417500.00 7662500.00 -4907.58 
422500.00 7662500.00 -4663.44 
427500.00 7662500.00 -4654.57 
432500.00 7662500.00 -4739.32 
437500.00 7662500.00 -4773.61 
442500.00 7662500.00 -4938.91 
447500.00 7662500.00 -4335.84 
452500.00 7662500.00 -4261.29 
457500.00 7662500.00 -5355.31 
462500.00 7662500.00 -4881.76 
467500.00 7662500.00 -4620.27 
472500.00 7662500.00 -3923.58 
477500.00 7662500.00 -4266.47 
482500.00 7662500.00 -5552.72 
487500.00 7662500.00 -3940.50 
492500.00 7662500.00 -4886.76 
497500.00 7662500.00 -4732.20 
502500.00 7662500.00 -6784.37 
507500.00 7662500.00 -4816.49 
512500.00 7662500.00 -3451.74 
517500.00 7662500.00 -4386.13 
522500.00 7662500.00 -7081.21 
527500.00 7662500.00 -5665.52 
532500.00 7662500.00 -6759.98 
537500.00 7662500.00 -5153.86 
542500.00 7662500.00 -4209.03 
547500.00 7662500.00 -4671.67 
552500.00 7662500.00 -4749.33 
557500.00 7662500.00 -6830.20 
562500.00 7662500.00 -7582.87 
567500.00 7662500.00 -7287.16 
572500.00 7662500.00 -7055.37 
577500.00 7662500.00 -7219.32 
402500.00 7667500.00 -4027.84 
407500.00 7667500.00 -4262.12 
412500.00 7667500.00 -4629.81 
417500.00 7667500.00 -4816.68 
422500.00 7667500.00 -4863.97 
427500.00 7667500.00 -4710.55 
432500.00 7667500.00 -4267.61 
437500.00 7667500.00 -4695.20 
442500.00 7667500.00 -5009.26 
447500.00 7667500.00 -4465.84 
452500.00 7667500.00 -4713.56 
457500.00 7667500.00 -5792.91 
462500.00 7667500.00 -5216.07 
467500.00 7667500.00 -5122.87 
472500.00 7667500.00 -5959.73 
477500.00 7667500.00 -4440.49 
482500.00 7667500.00 -5625.84 
487500.00 7667500.00 -4997.59 
492500.00 7667500.00 -5093.42 
497500.00 7667500.00 -5243.57 
502500.00 7667500.00 -7895.40 
507500.00 7667500.00 -5797.75 
512500.00 7667500.00 -3756.63 
517500.00 7667500.00 -4367.46 
522500.00 7667500.00 -6159.86 
527500.00 7667500.00 -5281.75 
532500.00 7667500.00 -7523.74 
537500.00 7667500.00 -7208.20 
542500.00 7667500.00 -5108.40 
547500.00 7667500.00 -5122.47 
552500.00 7667500.00 -5213.54 
557500.00 7667500.00 -6404.49 
562500.00 7667500.00 -7288.72 
567500.00 7667500.00 -7133.23 
572500.00 7667500.00 -6816.77 
577500.00 7667500.00 -6845.45 
402500.00 7672500.00 -3455.63 
407500.00 7672500.00 -3643.67 
412500.00 7672500.00 -4287.65 
417500.00 7672500.00 -4840.79 
422500.00 7672500.00 -4834.98 
427500.00 7672500.00 -4769.19 
432500.00 7672500.00 -4814.56 
437500.00 7672500.00 -4982.90 
442500.00 7672500.00 -4967.15 
447500.00 7672500.00 -4354.91 
452500.00 7672500.00 -4956.61 
457500.00 7672500.00 -5598.69 
462500.00 7672500.00 -5599.09 
467500.00 7672500.00 -4703.39 
472500.00 7672500.00 -5922.65 
477500.00 7672500.00 -5307.40 
482500.00 7672500.00 -5557.39 
487500.00 7672500.00 -6432.87 
492500.00 7672500.00 -5025.01 
497500.00 7672500.00 -6201.63 
502500.00 7672500.00 -7092.15 
507500.00 7672500.00 -5022.21 
512500.00 7672500.00 -3984.19 
517500.00 7672500.00 -4944.48 
522500.00 7672500.00 -5464.69 
527500.00 7672500.00 -5318.69 
532500.00 7672500.00 -7458.80 
537500.00 7672500.00 -7508.33 
542500.00 7672500.00 -5210.45 
547500.00 7672500.00 -4772.86 
552500.00 7672500.00 -5643.79 
557500.00 7672500.00 -6083.40 
562500.00 7672500.00 -6538.35 
567500.00 7672500.00 -6455.94 
572500.00 7672500.00 -6514.87 
577500.00 7672500.00 -6657.98 
402500.00 7677500.00 -3274.30 
407500.00 7677500.00 -3477.08 
412500.00 7677500.00 -4000.76 
417500.00 7677500.00 -4656.26 
422500.00 7677500.00 -4849.26 
427500.00 7677500.00 -4811.67 
432500.00 7677500.00 -4734.36 
437500.00 7677500.00 -4788.50 
442500.00 7677500.00 -4965.25 
447500.00 7677500.00 -4878.41 
452500.00 7677500.00 -5370.43 
457500.00 7677500.00 -5643.95 
462500.00 7677500.00 -5651.29 
467500.00 7677500.00 -4563.32 
472500.00 7677500.00 -5860.89 
477500.00 7677500.00 -5469.83 
482500.00 7677500.00 -4816.62 
487500.00 7677500.00 -6480.32 
492500.00 7677500.00 -4910.92 
497500.00 7677500.00 -7103.66 
502500.00 7677500.00 -5470.29 
507500.00 7677500.00 -4138.92 
512500.00 7677500.00 -3801.94 
517500.00 7677500.00 -4338.29 
522500.00 7677500.00 -6330.64 
527500.00 7677500.00 -6430.51 
532500.00 7677500.00 -7761.54 
537500.00 7677500.00 -7690.12 
542500.00 7677500.00 -5963.61 
547500.00 7677500.00 -5053.33 
552500.00 7677500.00 -5395.40 
557500.00 7677500.00 -6313.26 
562500.00 7677500.00 -6920.30 
567500.00 7677500.00 -6727.54 
572500.00 7677500.00 -6528.89 
577500.00 7677500.00 -7106.00 
402500.00 7682500.00 -3129.15 
407500.00 7682500.00 -3358.94 
412500.00 7682500.00 -3739.36 
417500.00 7682500.00 -4262.26 
422500.00 7682500.00 -4654.52 
427500.00 7682500.00 -4696.54 
432500.00 7682500.00 -4654.56 
437500.00 7682500.00 -4678.28 
442500.00 7682500.00 -5075.33 
447500.00 7682500.00 -5411.31 
452500.00 7682500.00 -5052.37 
457500.00 7682500.00 -4911.28 
462500.00 7682500.00 -5483.95 
467500.00 7682500.00 -4594.51 
472500.00 7682500.00 -5307.16 
477500.00 7682500.00 -5517.56 
482500.00 7682500.00 -4625.11 
487500.00 7682500.00 -6258.50 
492500.00 7682500.00 -5092.73 
497500.00 7682500.00 -6958.81 
502500.00 7682500.00 -6294.75 
507500.00 7682500.00 -7085.09 
512500.00 7682500.00 -5205.31 
517500.00 7682500.00 -5542.81 
522500.00 7682500.00 -6350.82 
527500.00 7682500.00 -5437.57 
532500.00 7682500.00 -7434.50 
537500.00 7682500.00 -7888.59 
542500.00 7682500.00 -6862.20 
547500.00 7682500.00 -5998.55 
552500.00 7682500.00 -7138.75 
557500.00 7682500.00 -6908.87 
562500.00 7682500.00 -6839.80 
567500.00 7682500.00 -6773.15 
572500.00 7682500.00 -6952.73 
577500.00 7682500.00 -7362.36 
402500.00 7687500.00 -2967.99 
407500.00 7687500.00 -3183.05 
412500.00 7687500.00 -3551.48 
417500.00 7687500.00 -3952.49 
422500.00 7687500.00 -4498.80 
427500.00 7687500.00 -4637.76 
432500.00 7687500.00 -4674.08 
437500.00 7687500.00 -4732.70 
442500.00 7687500.00 -4938.84 
447500.00 7687500.00 -5021.65 
452500.00 7687500.00 -5056.88 
457500.00 7687500.00 -4996.68 
462500.00 7687500.00 -5114.24 
467500.00 7687500.00 -4479.72 
472500.00 7687500.00 -5370.61 
477500.00 7687500.00 -5492.38 
482500.00 7687500.00 -5711.01 
487500.00 7687500.00 -6085.92 
492500.00 7687500.00 -6167.34 
497500.00 7687500.00 -5878.98 
502500.00 7687500.00 -7388.96 
507500.00 7687500.00 -7032.18 
512500.00 7687500.00 -5956.80 
517500.00 7687500.00 -5094.21 
522500.00 7687500.00 -6424.32 
527500.00 7687500.00 -5652.35 
532500.00 7687500.00 -6589.60 
537500.00 7687500.00 -7769.30 
542500.00 7687500.00 -7306.46 
547500.00 7687500.00 -5472.82 
552500.00 7687500.00 -4800.39 
557500.00 7687500.00 -4923.01 
562500.00 7687500.00 -6363.43 
567500.00 7687500.00 -6736.90 
572500.00 7687500.00 -7359.01 
577500.00 7687500.00 -7427.02 
402500.00 7692500.00 -2641.63 
407500.00 7692500.00 -2915.23 
412500.00 7692500.00 -3213.38 
417500.00 7692500.00 -3474.47 
422500.00 7692500.00 -4356.89 
427500.00 7692500.00 -4624.16 
432500.00 7692500.00 -4506.07 
437500.00 7692500.00 -4567.45 
442500.00 7692500.00 -4913.04 
447500.00 7692500.00 -4877.91 
452500.00 7692500.00 -4734.73 
457500.00 7692500.00 -4899.02 
462500.00 7692500.00 -4602.45 
467500.00 7692500.00 -4445.85 
472500.00 7692500.00 -4733.71 
477500.00 7692500.00 -4962.90 
482500.00 7692500.00 -6117.63 
487500.00 7692500.00 -5223.23 
492500.00 7692500.00 -5999.33 
497500.00 7692500.00 -5935.30 
502500.00 7692500.00 -7200.49 
507500.00 7692500.00 -5656.45 
512500.00 7692500.00 -4504.04 
517500.00 7692500.00 -3657.29 
522500.00 7692500.00 -4849.72 
527500.00 7692500.00 -5212.61 
532500.00 7692500.00 -5209.87 
537500.00 7692500.00 -7185.00 
542500.00 7692500.00 -7467.76 
547500.00 7692500.00 -6009.91 
552500.00 7692500.00 -5552.49 
557500.00 7692500.00 -5962.08 
562500.00 7692500.00 -6368.41 
567500.00 7692500.00 -6642.82 
572500.00 7692500.00 -7225.26 
577500.00 7692500.00 -7667.16 
402500.00 7697500.00 -2263.67 
407500.00 7697500.00 -2686.83 
412500.00 7697500.00 -3039.07 
417500.00 7697500.00 -3309.82 
422500.00 7697500.00 -3923.44 
427500.00 7697500.00 -4437.23 
432500.00 7697500.00 -4441.36 
437500.00 7697500.00 -4488.94 
442500.00 7697500.00 -4746.89 
447500.00 7697500.00 -5038.43 
452500.00 7697500.00 -4917.13 
457500.00 7697500.00 -4905.44 
462500.00 7697500.00 -5196.50 
467500.00 7697500.00 -5063.45 
472500.00 7697500.00 -5186.12 
477500.00 7697500.00 -4828.79 
482500.00 7697500.00 -5865.63 
487500.00 7697500.00 -4965.15 
492500.00 7697500.00 -5777.87 
497500.00 7697500.00 -6214.87 
502500.00 7697500.00 -6712.89 
507500.00 7697500.00 -7120.88 
512500.00 7697500.00 -6253.40 
517500.00 7697500.00 -4512.82 
522500.00 7697500.00 -3963.39 
527500.00 7697500.00 -4471.32 
532500.00 7697500.00 -5010.28 
537500.00 7697500.00 -6693.44 
542500.00 7697500.00 -7371.04 
547500.00 7697500.00 -6152.69 
552500.00 7697500.00 -5213.48 
557500.00 7697500.00 -6262.90 
562500.00 7697500.00 -6302.64 
567500.00 7697500.00 -6559.01 
572500.00 7697500.00 -7346.00 
577500.00 7697500.00 -7773.10 
402500.00 7702500.00 -1993.63 
407500.00 7702500.00 -2535.27 
412500.00 7702500.00 -2971.91 
417500.00 7702500.00 -3209.66 
422500.00 7702500.00 -3710.78 
427500.00 7702500.00 -4433.36 
432500.00 7702500.00 -4703.99 
437500.00 7702500.00 -4688.05 
442500.00 7702500.00 -4785.21 
447500.00 7702500.00 -4938.33 
452500.00 7702500.00 -5082.85 
457500.00 7702500.00 -5103.06 
462500.00 7702500.00 -5141.17 
467500.00 7702500.00 -5334.30 
472500.00 7702500.00 -5411.10 
477500.00 7702500.00 -5579.33 
482500.00 7702500.00 -6160.08 
487500.00 7702500.00 -5519.44 
492500.00 7702500.00 -5746.62 
497500.00 7702500.00 -6691.66 
502500.00 7702500.00 -6410.02 
507500.00 7702500.00 -6950.70 
512500.00 7702500.00 -5591.76 
517500.00 7702500.00 -4312.15 
522500.00 7702500.00 -3919.24 
527500.00 7702500.00 -5011.49 
532500.00 7702500.00 -6926.08 
537500.00 7702500.00 -6949.16 
542500.00 7702500.00 -7603.69 
547500.00 7702500.00 -6969.22 
552500.00 7702500.00 -4102.67 
557500.00 7702500.00 -4760.83 
562500.00 7702500.00 -6171.02 
567500.00 7702500.00 -6618.39 
572500.00 7702500.00 -7279.46 
577500.00 7702500.00 -7600.50 
402500.00 7707500.00 -1631.72 
407500.00 7707500.00 -2550.61 
412500.00 7707500.00 -2951.34 
417500.00 7707500.00 -3189.16 
422500.00 7707500.00 -3652.15 
427500.00 7707500.00 -4265.87 
432500.00 7707500.00 -4760.24 
437500.00 7707500.00 -4846.52 
442500.00 7707500.00 -4931.09 
447500.00 7707500.00 -4936.55 
452500.00 7707500.00 -4970.85 
457500.00 7707500.00 -4985.79 
462500.00 7707500.00 -4261.07 
467500.00 7707500.00 -5123.24 
472500.00 7707500.00 -5491.60 
477500.00 7707500.00 -5996.76 
482500.00 7707500.00 -6339.34 
487500.00 7707500.00 -5567.95 
492500.00 7707500.00 -6156.09 
497500.00 7707500.00 -6672.05 
502500.00 7707500.00 -6316.09 
507500.00 7707500.00 -4986.18 
512500.00 7707500.00 -5230.04 
517500.00 7707500.00 -5336.47 
522500.00 7707500.00 -4711.83 
527500.00 7707500.00 -5799.82 
532500.00 7707500.00 -6208.63 
537500.00 7707500.00 -6473.24 
542500.00 7707500.00 -7600.11 
547500.00 7707500.00 -6983.55 
552500.00 7707500.00 -4353.04 
557500.00 7707500.00 -4345.96 
562500.00 7707500.00 -6041.83 
567500.00 7707500.00 -6641.63 
572500.00 7707500.00 -6934.93 
577500.00 7707500.00 -7137.81 
402500.00 7712500.00 -1581.45 
407500.00 7712500.00 -2388.72 
412500.00 7712500.00 -2803.78 
417500.00 7712500.00 -3044.35 
422500.00 7712500.00 -3421.53 
427500.00 7712500.00 -3906.61 
432500.00 7712500.00 -4811.46 
437500.00 7712500.00 -5095.66 
442500.00 7712500.00 -5198.42 
447500.00 7712500.00 -5020.26 
452500.00 7712500.00 -4921.13 
457500.00 7712500.00 -5123.71 
462500.00 7712500.00 -4740.00 
467500.00 7712500.00 -5346.54 
472500.00 7712500.00 -5629.16 
477500.00 7712500.00 -4903.79 
482500.00 7712500.00 -6099.64 
487500.00 7712500.00 -5821.93 
492500.00 7712500.00 -6209.79 
497500.00 7712500.00 -5875.61 
502500.00 7712500.00 -6978.42 
507500.00 7712500.00 -6677.92 
512500.00 7712500.00 -5997.46 
517500.00 7712500.00 -6714.51 
522500.00 7712500.00 -6149.46 
527500.00 7712500.00 -6901.49 
532500.00 7712500.00 -7073.51 
537500.00 7712500.00 -5982.44 
542500.00 7712500.00 -7579.61 
547500.00 7712500.00 -7137.69 
552500.00 7712500.00 -4414.33 
557500.00 7712500.00 -3770.38 
562500.00 7712500.00 -6618.29 
567500.00 7712500.00 -6856.19 
572500.00 7712500.00 -6790.80 
577500.00 7712500.00 -6964.91 
402500.00 7717500.00 -1489.29 
407500.00 7717500.00 -2094.84 
412500.00 7717500.00 -2580.38 
417500.00 7717500.00 -2793.93 
422500.00 7717500.00 -3235.11 
427500.00 7717500.00 -3781.24 
432500.00 7717500.00 -4742.35 
437500.00 7717500.00 -4983.70 
442500.00 7717500.00 -5055.83 
447500.00 7717500.00 -5034.32 
452500.00 7717500.00 -5000.89 
457500.00 7717500.00 -5020.84 
462500.00 7717500.00 -5100.85 
467500.00 7717500.00 -5047.29 
472500.00 7717500.00 -5759.05 
477500.00 7717500.00 -4977.16 
482500.00 7717500.00 -5897.30 
487500.00 7717500.00 -6307.00 
492500.00 7717500.00 -5478.34 
497500.00 7717500.00 -6432.08 
502500.00 7717500.00 -6847.97 
507500.00 7717500.00 -7374.39 
512500.00 7717500.00 -5700.41 
517500.00 7717500.00 -6656.61 
522500.00 7717500.00 -5534.08 
527500.00 7717500.00 -6632.67 
532500.00 7717500.00 -8082.98 
537500.00 7717500.00 -6707.37 
542500.00 7717500.00 -6186.07 
547500.00 7717500.00 -6992.30 
552500.00 7717500.00 -4676.78 
557500.00 7717500.00 -3775.21 
562500.00 7717500.00 -6887.26 
567500.00 7717500.00 -7034.31 
572500.00 7717500.00 -6880.59 
577500.00 7717500.00 -7001.95 
402500.00 7722500.00 -1281.24 
407500.00 7722500.00 -1855.18 
412500.00 7722500.00 -2293.23 
417500.00 7722500.00 -2781.27 
422500.00 7722500.00 -3291.09 
427500.00 7722500.00 -3719.10 
432500.00 7722500.00 -4593.99 
437500.00 7722500.00 -4620.63 
442500.00 7722500.00 -4995.34 
447500.00 7722500.00 -4953.33 
452500.00 7722500.00 -5064.55 
457500.00 7722500.00 -4747.22 
462500.00 7722500.00 -5267.75 
467500.00 7722500.00 -5230.57 
472500.00 7722500.00 -6054.37 
477500.00 7722500.00 -4637.74 
482500.00 7722500.00 -6395.97 
487500.00 7722500.00 -6923.88 
492500.00 7722500.00 -5892.99 
497500.00 7722500.00 -7107.11 
502500.00 7722500.00 -7524.46 
507500.00 7722500.00 -7922.28 
512500.00 7722500.00 -7031.14 
517500.00 7722500.00 -8069.97 
522500.00 7722500.00 -7582.57 
527500.00 7722500.00 -6131.95 
532500.00 7722500.00 -7903.50 
537500.00 7722500.00 -7885.19 
542500.00 7722500.00 -5462.17 
547500.00 7722500.00 -4541.15 
552500.00 7722500.00 -5522.40 
557500.00 7722500.00 -5800.09 
562500.00 7722500.00 -7055.10 
567500.00 7722500.00 -6871.70 
572500.00 7722500.00 -6810.35 
577500.00 7722500.00 -7166.80 
402500.00 7727500.00 -1128.37 
407500.00 7727500.00 -1625.26 
412500.00 7727500.00 -2154.12 
417500.00 7727500.00 -2599.57 
422500.00 7727500.00 -3049.37 
427500.00 7727500.00 -3634.67 
432500.00 7727500.00 -4600.10 
437500.00 7727500.00 -4659.22 
442500.00 7727500.00 -5033.82 
447500.00 7727500.00 -5184.46 
452500.00 7727500.00 -4996.91 
457500.00 7727500.00 -4826.59 
462500.00 7727500.00 -5245.70 
467500.00 7727500.00 -5488.23 
472500.00 7727500.00 -6107.34 
477500.00 7727500.00 -5011.06 
482500.00 7727500.00 -6514.55 
487500.00 7727500.00 -7074.94 
492500.00 7727500.00 -6392.08 
497500.00 7727500.00 -6917.59 
502500.00 7727500.00 -7954.95 
507500.00 7727500.00 -7331.75 
512500.00 7727500.00 -7369.35 
517500.00 7727500.00 -8241.32 
522500.00 7727500.00 -6414.02 
527500.00 7727500.00 -5997.99 
532500.00 7727500.00 -7684.44 
537500.00 7727500.00 -7900.85 
542500.00 7727500.00 -5476.17 
547500.00 7727500.00 -4456.26 
552500.00 7727500.00 -7017.17 
557500.00 7727500.00 -7224.63 
562500.00 7727500.00 -7001.21 
567500.00 7727500.00 -6699.69 
572500.00 7727500.00 -6734.60 
577500.00 7727500.00 -7293.84 
402500.00 7732500.00 -1026.76 
407500.00 7732500.00 -1356.90 
412500.00 7732500.00 -1926.28 
417500.00 7732500.00 -2343.94 
422500.00 7732500.00 -2847.02 
427500.00 7732500.00 -3431.42 
432500.00 7732500.00 -4450.93 
437500.00 7732500.00 -5089.71 
442500.00 7732500.00 -5212.43 
447500.00 7732500.00 -5276.13 
452500.00 7732500.00 -5142.69 
457500.00 7732500.00 -4982.71 
462500.00 7732500.00 -5048.69 
467500.00 7732500.00 -5606.30 
472500.00 7732500.00 -5552.40 
477500.00 7732500.00 -5279.12 
482500.00 7732500.00 -6464.13 
487500.00 7732500.00 -5932.76 
492500.00 7732500.00 -6660.64 
497500.00 7732500.00 -6875.30 
502500.00 7732500.00 -6302.50 
507500.00 7732500.00 -6337.01 
512500.00 7732500.00 -7885.19 
517500.00 7732500.00 -4945.58 
522500.00 7732500.00 -6749.56 
527500.00 7732500.00 -6223.76 
532500.00 7732500.00 -7198.01 
537500.00 7732500.00 -7969.78 
542500.00 7732500.00 -8276.72 
547500.00 7732500.00 -7707.63 
552500.00 7732500.00 -7459.36 
557500.00 7732500.00 -7323.30 
562500.00 7732500.00 -7253.88 
567500.00 7732500.00 -6769.42 
572500.00 7732500.00 -7074.33 
577500.00 7732500.00 -7460.08 
402500.00 7737500.00 -1002.49 
407500.00 7737500.00 -1256.14 
412500.00 7737500.00 -1883.58 
417500.00 7737500.00 -2380.23 
422500.00 7737500.00 -2821.74 
427500.00 7737500.00 -3199.55 
432500.00 7737500.00 -4366.20 
437500.00 7737500.00 -5349.18 
442500.00 7737500.00 -5246.59 
447500.00 7737500.00 -5360.88 
452500.00 7737500.00 -5204.05 
457500.00 7737500.00 -5018.16 
462500.00 7737500.00 -5072.46 
467500.00 7737500.00 -5620.87 
472500.00 7737500.00 -5616.22 
477500.00 7737500.00 -5615.37 
482500.00 7737500.00 -6519.50 
487500.00 7737500.00 -5648.49 
492500.00 7737500.00 -6452.25 
497500.00 7737500.00 -6640.88 
502500.00 7737500.00 -5903.75 
507500.00 7737500.00 -7302.60 
512500.00 7737500.00 -7258.01 
517500.00 7737500.00 -4782.23 
522500.00 7737500.00 -6605.62 
527500.00 7737500.00 -6639.40 
532500.00 7737500.00 -7150.62 
537500.00 7737500.00 -7705.44 
542500.00 7737500.00 -7688.46 
547500.00 7737500.00 -7676.54 
552500.00 7737500.00 -7174.53 
557500.00 7737500.00 -7251.45 
562500.00 7737500.00 -7612.94 
567500.00 7737500.00 -7493.97 
572500.00 7737500.00 -7899.69 
577500.00 7737500.00 -7915.15 
402500.00 7742500.00 -1229.20 
407500.00 7742500.00 -1319.89 
412500.00 7742500.00 -1810.31 
417500.00 7742500.00 -2368.78 
422500.00 7742500.00 -2866.78 
427500.00 7742500.00 -3212.64 
432500.00 7742500.00 -3877.12 
437500.00 7742500.00 -4830.57 
442500.00 7742500.00 -5398.83 
447500.00 7742500.00 -5641.13 
452500.00 7742500.00 -5194.76 
457500.00 7742500.00 -5138.17 
462500.00 7742500.00 -5451.60 
467500.00 7742500.00 -5726.75 
472500.00 7742500.00 -5957.04 
477500.00 7742500.00 -6167.04 
482500.00 7742500.00 -6597.90 
487500.00 7742500.00 -5957.68 
492500.00 7742500.00 -6177.67 
497500.00 7742500.00 -6391.82 
502500.00 7742500.00 -6451.87 
507500.00 7742500.00 -7106.82 
512500.00 7742500.00 -7147.04 
517500.00 7742500.00 -6560.05 
522500.00 7742500.00 -6177.51 
527500.00 7742500.00 -6331.38 
532500.00 7742500.00 -7406.18 
537500.00 7742500.00 -7959.36 
542500.00 7742500.00 -8098.82 
547500.00 7742500.00 -7777.70 
552500.00 7742500.00 -7234.50 
557500.00 7742500.00 -7041.69 
562500.00 7742500.00 -7738.61 
567500.00 7742500.00 -8271.73 
572500.00 7742500.00 -9008.90 
577500.00 7742500.00 -9107.73 
402500.00 7747500.00 -1328.11 
407500.00 7747500.00 -1388.58 
412500.00 7747500.00 -1628.09 
417500.00 7747500.00 -2222.96 
422500.00 7747500.00 -2846.90 
427500.00 7747500.00 -3291.80 
432500.00 7747500.00 -4034.22 
437500.00 7747500.00 -4822.47 
442500.00 7747500.00 -5529.14 
447500.00 7747500.00 -5603.77 
452500.00 7747500.00 -5340.34 
457500.00 7747500.00 -5334.31 
462500.00 7747500.00 -5637.29 
467500.00 7747500.00 -5798.08 
472500.00 7747500.00 -6259.75 
477500.00 7747500.00 -6101.24 
482500.00 7747500.00 -6566.50 
487500.00 7747500.00 -6259.55 
492500.00 7747500.00 -5902.49 
497500.00 7747500.00 -6123.48 
502500.00 7747500.00 -6725.47 
507500.00 7747500.00 -7206.73 
512500.00 7747500.00 -7558.92 
517500.00 7747500.00 -7011.61 
522500.00 7747500.00 -7565.73 
527500.00 7747500.00 -6843.20 
532500.00 7747500.00 -6245.70 
537500.00 7747500.00 -5786.28 
542500.00 7747500.00 -8227.76 
547500.00 7747500.00 -7134.60 
552500.00 7747500.00 -7230.73 
557500.00 7747500.00 -6974.05 
562500.00 7747500.00 -7567.81 
567500.00 7747500.00 -8028.51 
572500.00 7747500.00 -9240.23 
577500.00 7747500.00 -9359.30 
402500.00 7752500.00 -1245.88 
407500.00 7752500.00 -1313.17 
412500.00 7752500.00 -1472.01 
417500.00 7752500.00 -2175.35 
422500.00 7752500.00 -2679.73 
427500.00 7752500.00 -3280.38 
432500.00 7752500.00 -4214.10 
437500.00 7752500.00 -4957.92 
442500.00 7752500.00 -5619.51 
447500.00 7752500.00 -5704.25 
452500.00 7752500.00 -5564.75 
457500.00 7752500.00 -5410.13 
462500.00 7752500.00 -5519.98 
467500.00 7752500.00 -5745.67 
472500.00 7752500.00 -6327.77 
477500.00 7752500.00 -5258.76 
482500.00 7752500.00 -6668.67 
487500.00 7752500.00 -6941.25 
492500.00 7752500.00 -5414.28 
497500.00 7752500.00 -5900.71 
502500.00 7752500.00 -6356.45 
507500.00 7752500.00 -7259.26 
512500.00 7752500.00 -7817.56 
517500.00 7752500.00 -7690.85 
522500.00 7752500.00 -7491.02 
527500.00 7752500.00 -8029.82 
532500.00 7752500.00 -7949.70 
537500.00 7752500.00 -6854.87 
542500.00 7752500.00 -7921.03 
547500.00 7752500.00 -7530.60 
552500.00 7752500.00 -8236.19 
557500.00 7752500.00 -7767.37 
562500.00 7752500.00 -7967.39 
567500.00 7752500.00 -8447.37 
572500.00 7752500.00 -9209.53 
577500.00 7752500.00 -7544.44 
402500.00 7757500.00 -1115.12 
407500.00 7757500.00 -1295.11 
412500.00 7757500.00 -1382.77 
417500.00 7757500.00 -1903.97 
422500.00 7757500.00 -2552.48 
427500.00 7757500.00 -3240.59 
432500.00 7757500.00 -4187.56 
437500.00 7757500.00 -4820.98 
442500.00 7757500.00 -5322.16 
447500.00 7757500.00 -5860.41 
452500.00 7757500.00 -5657.62 
457500.00 7757500.00 -5531.05 
462500.00 7757500.00 -5709.46 
467500.00 7757500.00 -5910.39 
472500.00 7757500.00 -6251.37 
477500.00 7757500.00 -5794.29 
482500.00 7757500.00 -6809.01 
487500.00 7757500.00 -6840.68 
492500.00 7757500.00 -6296.57 
497500.00 7757500.00 -6505.10 
502500.00 7757500.00 -5915.03 
507500.00 7757500.00 -6959.17 
512500.00 7757500.00 -6799.83 
517500.00 7757500.00 -7050.76 
522500.00 7757500.00 -7752.76 
527500.00 7757500.00 -8296.71 
532500.00 7757500.00 -8051.63 
537500.00 7757500.00 -7500.88 
542500.00 7757500.00 -4785.05 
547500.00 7757500.00 -5309.18 
552500.00 7757500.00 -8426.31 
557500.00 7757500.00 -7741.35 
562500.00 7757500.00 -8299.86 
567500.00 7757500.00 -8952.91 
572500.00 7757500.00 -8961.39 
577500.00 7757500.00 -8953.67 
402500.00 7762500.00 -978.55 
407500.00 7762500.00 -1124.69 
412500.00 7762500.00 -1374.46 
417500.00 7762500.00 -2136.53 
422500.00 7762500.00 -2614.16 
427500.00 7762500.00 -3226.50 
432500.00 7762500.00 -4146.54 
437500.00 7762500.00 -4635.20 
442500.00 7762500.00 -5046.34 
447500.00 7762500.00 -5528.94 
452500.00 7762500.00 -5621.82 
457500.00 7762500.00 -5790.13 
462500.00 7762500.00 -5960.76 
467500.00 7762500.00 -5958.13 
472500.00 7762500.00 -6360.88 
477500.00 7762500.00 -5682.11 
482500.00 7762500.00 -6611.82 
487500.00 7762500.00 -6724.51 
492500.00 7762500.00 -6720.95 
497500.00 7762500.00 -6677.06 
502500.00 7762500.00 -5635.09 
507500.00 7762500.00 -6250.42 
512500.00 7762500.00 -7028.27 
517500.00 7762500.00 -7414.48 
522500.00 7762500.00 -7645.62 
527500.00 7762500.00 -7744.98 
532500.00 7762500.00 -7333.62 
537500.00 7762500.00 -7244.95 
542500.00 7762500.00 -7621.06 
547500.00 7762500.00 -7848.28 
552500.00 7762500.00 -8439.32 
557500.00 7762500.00 -7807.85 
562500.00 7762500.00 -7796.12 
567500.00 7762500.00 -8414.94 
572500.00 7762500.00 -8817.03 
577500.00 7762500.00 -8895.97 
402500.00 7767500.00 -976.14 
407500.00 7767500.00 -1160.42 
412500.00 7767500.00 -1356.03 
417500.00 7767500.00 -2177.12 
422500.00 7767500.00 -2660.01 
427500.00 7767500.00 -3167.77 
432500.00 7767500.00 -4141.92 
437500.00 7767500.00 -4617.12 
442500.00 7767500.00 -5058.01 
447500.00 7767500.00 -5406.83 
452500.00 7767500.00 -5639.14 
457500.00 7767500.00 -5981.58 
462500.00 7767500.00 -5898.86 
467500.00 7767500.00 -6013.52 
472500.00 7767500.00 -6223.20 
477500.00 7767500.00 -5860.29 
482500.00 7767500.00 -6449.84 
487500.00 7767500.00 -6488.22 
492500.00 7767500.00 -6337.35 
497500.00 7767500.00 -6306.31 
502500.00 7767500.00 -7270.50 
507500.00 7767500.00 -7174.60 
512500.00 7767500.00 -7070.48 
517500.00 7767500.00 -7075.28 
522500.00 7767500.00 -7919.58 
527500.00 7767500.00 -7894.62 
532500.00 7767500.00 -7557.47 
537500.00 7767500.00 -7457.97 
542500.00 7767500.00 -8205.91 
547500.00 7767500.00 -8208.77 
552500.00 7767500.00 -8101.72 
557500.00 7767500.00 -8159.57 
562500.00 7767500.00 -7968.16 
567500.00 7767500.00 -8615.52 
572500.00 7767500.00 -9125.53 
577500.00 7767500.00 -9291.04 
402500.00 7772500.00 -840.01 
407500.00 7772500.00 -1157.33 
412500.00 7772500.00 -1520.93 
417500.00 7772500.00 -2234.04 
422500.00 7772500.00 -2892.08 
427500.00 7772500.00 -3242.98 
432500.00 7772500.00 -3964.69 
437500.00 7772500.00 -4588.62 
442500.00 7772500.00 -4906.45 
447500.00 7772500.00 -5202.09 
452500.00 7772500.00 -5592.54 
457500.00 7772500.00 -5835.81 
462500.00 7772500.00 -5825.54 
467500.00 7772500.00 -6069.75 
472500.00 7772500.00 -6096.96 
477500.00 7772500.00 -6447.89 
482500.00 7772500.00 -6208.81 
487500.00 7772500.00 -6009.24 
492500.00 7772500.00 -7153.42 
497500.00 7772500.00 -7394.28 
502500.00 7772500.00 -7688.71 
507500.00 7772500.00 -7682.05 
512500.00 7772500.00 -7687.92 
517500.00 7772500.00 -6976.74 
522500.00 7772500.00 -7411.41 
527500.00 7772500.00 -7412.27 
532500.00 7772500.00 -7863.35 
537500.00 7772500.00 -8267.52 
542500.00 7772500.00 -9025.17 
547500.00 7772500.00 -8997.68 
552500.00 7772500.00 -9454.07 
557500.00 7772500.00 -9086.72 
562500.00 7772500.00 -9048.48 
567500.00 7772500.00 -9079.31 
572500.00 7772500.00 -9039.93 
577500.00 7772500.00 -9301.60 
402500.00 7777500.00 -787.58 
407500.00 7777500.00 -1158.91 
412500.00 7777500.00 -1632.02 
417500.00 7777500.00 -2148.93 
422500.00 7777500.00 -2926.75 
427500.00 7777500.00 -3309.54 
432500.00 7777500.00 -3928.92 
437500.00 7777500.00 -4337.64 
442500.00 7777500.00 -4696.52 
447500.00 7777500.00 -5048.75 
452500.00 7777500.00 -5556.49 
457500.00 7777500.00 -5918.21 
462500.00 7777500.00 -5881.48 
467500.00 7777500.00 -5772.38 
472500.00 7777500.00 -6150.13 
477500.00 7777500.00 -6383.94 
482500.00 7777500.00 -6086.59 
487500.00 7777500.00 -5989.85 
492500.00 7777500.00 -7387.54 
497500.00 7777500.00 -7725.62 
502500.00 7777500.00 -7353.55 
507500.00 7777500.00 -7539.63 
512500.00 7777500.00 -7781.42 
517500.00 7777500.00 -7335.20 
522500.00 7777500.00 -7828.11 
527500.00 7777500.00 -7840.78 
532500.00 7777500.00 -8943.82 
537500.00 7777500.00 -9728.69 
542500.00 7777500.00 -8923.65 
547500.00 7777500.00 -8565.37 
552500.00 7777500.00 -9326.72 
557500.00 7777500.00 -9193.53 
562500.00 7777500.00 -9540.29 
567500.00 7777500.00 -9762.25 
572500.00 7777500.00 -9141.00 
577500.00 7777500.00 -8987.96 
402500.00 7782500.00 -920.48 
407500.00 7782500.00 -1274.05 
412500.00 7782500.00 -1742.53 
417500.00 7782500.00 -2189.53 
422500.00 7782500.00 -2959.81 
427500.00 7782500.00 -3429.56 
432500.00 7782500.00 -3984.66 
437500.00 7782500.00 -4171.76 
442500.00 7782500.00 -4373.32 
447500.00 7782500.00 -4778.75 
452500.00 7782500.00 -5367.44 
457500.00 7782500.00 -5828.50 
462500.00 7782500.00 -5905.84 
467500.00 7782500.00 -5762.84 
472500.00 7782500.00 -6226.57 
477500.00 7782500.00 -6060.13 
482500.00 7782500.00 -5709.44 
487500.00 7782500.00 -7272.09 
492500.00 7782500.00 -7787.02 
497500.00 7782500.00 -7559.91 
502500.00 7782500.00 -6493.38 
507500.00 7782500.00 -7592.21 
512500.00 7782500.00 -7976.39 
517500.00 7782500.00 -7974.40 
522500.00 7782500.00 -7583.05 
527500.00 7782500.00 -8123.94 
532500.00 7782500.00 -9721.69 
537500.00 7782500.00 -9299.74 
542500.00 7782500.00 -7864.90 
547500.00 7782500.00 -7340.71 
552500.00 7782500.00 -9283.51 
557500.00 7782500.00 -9443.67 
562500.00 7782500.00 -9268.79 
567500.00 7782500.00 -9490.61 
572500.00 7782500.00 -9402.43 
577500.00 7782500.00 -9178.57 
402500.00 7787500.00 -1105.48 
407500.00 7787500.00 -1351.29 
412500.00 7787500.00 -1844.07 
417500.00 7787500.00 -2142.09 
422500.00 7787500.00 -2749.30 
427500.00 7787500.00 -3286.37 
432500.00 7787500.00 -3902.62 
437500.00 7787500.00 -4284.19 
442500.00 7787500.00 -4337.78 
447500.00 7787500.00 -4687.88 
452500.00 7787500.00 -5506.77 
457500.00 7787500.00 -5974.46 
462500.00 7787500.00 -6099.00 
467500.00 7787500.00 -5852.84 
472500.00 7787500.00 -6363.38 
477500.00 7787500.00 -6728.77 
482500.00 7787500.00 -6410.91 
487500.00 7787500.00 -7194.15 
492500.00 7787500.00 -8049.89 
497500.00 7787500.00 -7073.42 
502500.00 7787500.00 -5513.10 
507500.00 7787500.00 -7711.58 
512500.00 7787500.00 -8101.07 
517500.00 7787500.00 -8246.40 
522500.00 7787500.00 -5725.02 
527500.00 7787500.00 -7890.02 
532500.00 7787500.00 -10100.99 
537500.00 7787500.00 -8804.64 
542500.00 7787500.00 -8201.50 
547500.00 7787500.00 -8060.00 
552500.00 7787500.00 -8960.51 
557500.00 7787500.00 -9186.11 
562500.00 7787500.00 -9146.52 
567500.00 7787500.00 -9170.14 
572500.00 7787500.00 -9303.68 
577500.00 7787500.00 -9190.18 
402500.00 7792500.00 -1219.10 
407500.00 7792500.00 -1346.10 
412500.00 7792500.00 -1743.25 
417500.00 7792500.00 -2128.20 
422500.00 7792500.00 -2673.99 
427500.00 7792500.00 -3176.12 
432500.00 7792500.00 -3883.49 
437500.00 7792500.00 -4425.01 
442500.00 7792500.00 -4745.06 
447500.00 7792500.00 -4751.37 
452500.00 7792500.00 -5326.86 
457500.00 7792500.00 -5723.58 
462500.00 7792500.00 -5855.57 
467500.00 7792500.00 -6169.29 
472500.00 7792500.00 -6113.17 
477500.00 7792500.00 -6402.55 
482500.00 7792500.00 -6710.36 
487500.00 7792500.00 -6974.46 
492500.00 7792500.00 -6524.80 
497500.00 7792500.00 -7047.06 
502500.00 7792500.00 -7747.91 
507500.00 7792500.00 -8054.64 
512500.00 7792500.00 -8184.19 
517500.00 7792500.00 -8029.75 
522500.00 7792500.00 -7068.25 
527500.00 7792500.00 -8102.63 
532500.00 7792500.00 -8916.77 
537500.00 7792500.00 -8554.05 
542500.00 7792500.00 -8730.75 
547500.00 7792500.00 -8793.55 
552500.00 7792500.00 -8880.41 
557500.00 7792500.00 -8983.53 
562500.00 7792500.00 -9243.37 
567500.00 7792500.00 -9193.42 
572500.00 7792500.00 -9207.85 
577500.00 7792500.00 -9169.07 
402500.00 7797500.00 -1152.26 
407500.00 7797500.00 -1222.17 
412500.00 7797500.00 -1670.65 
417500.00 7797500.00 -2110.94 
422500.00 7797500.00 -2482.24 
427500.00 7797500.00 -2866.06 
432500.00 7797500.00 -4155.48 
437500.00 7797500.00 -4711.32 
442500.00 7797500.00 -5006.33 
447500.00 7797500.00 -4983.73 
452500.00 7797500.00 -5360.23 
457500.00 7797500.00 -5700.83 
462500.00 7797500.00 -6011.02 
467500.00 7797500.00 -6299.24 
472500.00 7797500.00 -5969.08 
477500.00 7797500.00 -6498.14 
482500.00 7797500.00 -6916.93 
487500.00 7797500.00 -7329.43 
492500.00 7797500.00 -6154.17 
497500.00 7797500.00 -6472.17 
502500.00 7797500.00 -7291.26 
507500.00 7797500.00 -7335.29 
512500.00 7797500.00 -7770.06 
517500.00 7797500.00 -7753.63 
522500.00 7797500.00 -7789.19 
527500.00 7797500.00 -7919.15 
532500.00 7797500.00 -8325.91 
537500.00 7797500.00 -8511.55 
542500.00 7797500.00 -8655.23 
547500.00 7797500.00 -8716.61 
552500.00 7797500.00 -8834.77 
557500.00 7797500.00 -8927.90 
562500.00 7797500.00 -9144.15 
567500.00 7797500.00 -9136.94 
572500.00 7797500.00 -9197.39 
577500.00 7797500.00 -9163.60 
402500.00 7802500.00 -1019.04 
407500.00 7802500.00 -1044.99 
412500.00 7802500.00 -1531.91 
417500.00 7802500.00 -2007.58 
422500.00 7802500.00 -2714.56 
427500.00 7802500.00 -3149.01 
432500.00 7802500.00 -4093.48 
437500.00 7802500.00 -4724.74 
442500.00 7802500.00 -5058.70 
447500.00 7802500.00 -5320.16 
452500.00 7802500.00 -5553.63 
457500.00 7802500.00 -5726.55 
462500.00 7802500.00 -6275.69 
467500.00 7802500.00 -6344.97 
472500.00 7802500.00 -6465.54 
477500.00 7802500.00 -5917.32 
482500.00 7802500.00 -5455.22 
487500.00 7802500.00 -6825.95 
492500.00 7802500.00 -6210.35 
497500.00 7802500.00 -4592.23 
502500.00 7802500.00 -6484.55 
507500.00 7802500.00 -6849.49 
512500.00 7802500.00 -7271.79 
517500.00 7802500.00 -7567.70 
522500.00 7802500.00 -7837.25 
527500.00 7802500.00 -7964.92 
532500.00 7802500.00 -8177.69 
537500.00 7802500.00 -8291.68 
542500.00 7802500.00 -8557.07 
547500.00 7802500.00 -8619.42 
552500.00 7802500.00 -8723.83 
557500.00 7802500.00 -8762.70 
562500.00 7802500.00 -8948.00 
567500.00 7802500.00 -8848.86 
572500.00 7802500.00 -8911.90 
577500.00 7802500.00 -8820.19 
