# Petrel Points with attributes
# Unit in X and Y direction: m
# Unit in depth: m
VERSION 1
BEGIN HEADER
X
Y
Z
END HEADER
402500.00 7652500.00 -3931.69 
407500.00 7652500.00 -4482.03 
412500.00 7652500.00 -4600.67 
417500.00 7652500.00 -4345.84 
422500.00 7652500.00 -4315.50 
427500.00 7652500.00 -4319.75 
432500.00 7652500.00 -4434.32 
437500.00 7652500.00 -5039.53 
442500.00 7652500.00 -4709.63 
447500.00 7652500.00 -5082.33 
452500.00 7652500.00 -5171.44 
457500.00 7652500.00 -5134.75 
462500.00 7652500.00 -5410.34 
467500.00 7652500.00 -4074.47 
472500.00 7652500.00 -2964.42 
477500.00 7652500.00 -3951.93 
482500.00 7652500.00 -4832.09 
487500.00 7652500.00 -5812.25 
492500.00 7652500.00 -5788.80 
497500.00 7652500.00 -4306.53 
502500.00 7652500.00 -5170.47 
507500.00 7652500.00 -3900.74 
512500.00 7652500.00 -3996.04 
517500.00 7652500.00 -5542.03 
522500.00 7652500.00 -6520.09 
527500.00 7652500.00 -6485.29 
532500.00 7652500.00 -6706.09 
537500.00 7652500.00 -5309.47 
542500.00 7652500.00 -4057.19 
547500.00 7652500.00 -3549.37 
552500.00 7652500.00 -5329.87 
557500.00 7652500.00 -6718.84 
562500.00 7652500.00 -6678.62 
567500.00 7652500.00 -6449.36 
572500.00 7652500.00 -6310.17 
577500.00 7652500.00 -6149.46 
402500.00 7657500.00 -3907.11 
407500.00 7657500.00 -4279.25 
412500.00 7657500.00 -4873.65 
417500.00 7657500.00 -4557.25 
422500.00 7657500.00 -4232.28 
427500.00 7657500.00 -4179.01 
432500.00 7657500.00 -4366.93 
437500.00 7657500.00 -4556.20 
442500.00 7657500.00 -4621.35 
447500.00 7657500.00 -5055.41 
452500.00 7657500.00 -4653.16 
457500.00 7657500.00 -4472.60 
462500.00 7657500.00 -4504.90 
467500.00 7657500.00 -4445.84 
472500.00 7657500.00 -2984.03 
477500.00 7657500.00 -3830.65 
482500.00 7657500.00 -5993.84 
487500.00 7657500.00 -4965.07 
492500.00 7657500.00 -4017.92 
497500.00 7657500.00 -3785.34 
502500.00 7657500.00 -4782.60 
507500.00 7657500.00 -3545.90 
512500.00 7657500.00 -3243.65 
517500.00 7657500.00 -5057.43 
522500.00 7657500.00 -6579.42 
527500.00 7657500.00 -6444.65 
532500.00 7657500.00 -5821.05 
537500.00 7657500.00 -5556.31 
542500.00 7657500.00 -4363.38 
547500.00 7657500.00 -4198.64 
552500.00 7657500.00 -5576.80 
557500.00 7657500.00 -7034.34 
562500.00 7657500.00 -7088.89 
567500.00 7657500.00 -6901.89 
572500.00 7657500.00 -6702.09 
577500.00 7657500.00 -6677.53 
402500.00 7662500.00 -4055.78 
407500.00 7662500.00 -4118.56 
412500.00 7662500.00 -4666.29 
417500.00 7662500.00 -4552.16 
422500.00 7662500.00 -4227.26 
427500.00 7662500.00 -4233.65 
432500.00 7662500.00 -4376.59 
437500.00 7662500.00 -4404.93 
442500.00 7662500.00 -4516.14 
447500.00 7662500.00 -4092.36 
452500.00 7662500.00 -4189.68 
457500.00 7662500.00 -5272.34 
462500.00 7662500.00 -4790.27 
467500.00 7662500.00 -4530.04 
472500.00 7662500.00 -3797.17 
477500.00 7662500.00 -4096.04 
482500.00 7662500.00 -5387.00 
487500.00 7662500.00 -3818.87 
492500.00 7662500.00 -4813.48 
497500.00 7662500.00 -4649.31 
502500.00 7662500.00 -6679.31 
507500.00 7662500.00 -4666.37 
512500.00 7662500.00 -3268.50 
517500.00 7662500.00 -4322.93 
522500.00 7662500.00 -7005.88 
527500.00 7662500.00 -5523.32 
532500.00 7662500.00 -6623.21 
537500.00 7662500.00 -5063.16 
542500.00 7662500.00 -4103.46 
547500.00 7662500.00 -4561.94 
552500.00 7662500.00 -4663.86 
557500.00 7662500.00 -6780.43 
562500.00 7662500.00 -7548.83 
567500.00 7662500.00 -7260.17 
572500.00 7662500.00 -7030.18 
577500.00 7662500.00 -7193.07 
402500.00 7667500.00 -3865.76 
407500.00 7667500.00 -4116.03 
412500.00 7667500.00 -4409.52 
417500.00 7667500.00 -4439.84 
422500.00 7667500.00 -4384.48 
427500.00 7667500.00 -4272.35 
432500.00 7667500.00 -3950.25 
437500.00 7667500.00 -4377.53 
442500.00 7667500.00 -4578.57 
447500.00 7667500.00 -4182.79 
452500.00 7667500.00 -4625.81 
457500.00 7667500.00 -5683.17 
462500.00 7667500.00 -5138.50 
467500.00 7667500.00 -5068.84 
472500.00 7667500.00 -5853.46 
477500.00 7667500.00 -4303.02 
482500.00 7667500.00 -5514.19 
487500.00 7667500.00 -4915.84 
492500.00 7667500.00 -5008.23 
497500.00 7667500.00 -5121.31 
502500.00 7667500.00 -7743.32 
507500.00 7667500.00 -5671.41 
512500.00 7667500.00 -3634.30 
517500.00 7667500.00 -4288.73 
522500.00 7667500.00 -6092.50 
527500.00 7667500.00 -5158.80 
532500.00 7667500.00 -7398.15 
537500.00 7667500.00 -7120.83 
542500.00 7667500.00 -5003.98 
547500.00 7667500.00 -5018.85 
552500.00 7667500.00 -5125.40 
557500.00 7667500.00 -6350.53 
562500.00 7667500.00 -7253.12 
567500.00 7667500.00 -7105.63 
572500.00 7667500.00 -6791.54 
577500.00 7667500.00 -6819.47 
402500.00 7672500.00 -3377.12 
407500.00 7672500.00 -3533.58 
412500.00 7672500.00 -4087.01 
417500.00 7672500.00 -4504.61 
422500.00 7672500.00 -4373.55 
427500.00 7672500.00 -4263.28 
432500.00 7672500.00 -4335.89 
437500.00 7672500.00 -4516.62 
442500.00 7672500.00 -4484.56 
447500.00 7672500.00 -4047.20 
452500.00 7672500.00 -4828.18 
457500.00 7672500.00 -5450.66 
462500.00 7672500.00 -5495.35 
467500.00 7672500.00 -4630.20 
472500.00 7672500.00 -5807.79 
477500.00 7672500.00 -5176.19 
482500.00 7672500.00 -5456.38 
487500.00 7672500.00 -6349.71 
492500.00 7672500.00 -4932.53 
497500.00 7672500.00 -6086.90 
502500.00 7672500.00 -6957.32 
507500.00 7672500.00 -4933.16 
512500.00 7672500.00 -3959.01 
517500.00 7672500.00 -4864.88 
522500.00 7672500.00 -5383.41 
527500.00 7672500.00 -5205.20 
532500.00 7672500.00 -7335.44 
537500.00 7672500.00 -7421.69 
542500.00 7672500.00 -5107.98 
547500.00 7672500.00 -4669.60 
552500.00 7672500.00 -5550.69 
557500.00 7672500.00 -6022.86 
562500.00 7672500.00 -6498.73 
567500.00 7672500.00 -6426.02 
572500.00 7672500.00 -6488.59 
577500.00 7672500.00 -6631.18 
402500.00 7677500.00 -3237.15 
407500.00 7677500.00 -3379.45 
412500.00 7677500.00 -3821.90 
417500.00 7677500.00 -4402.80 
422500.00 7677500.00 -4475.12 
427500.00 7677500.00 -4313.30 
432500.00 7677500.00 -4199.88 
437500.00 7677500.00 -4306.47 
442500.00 7677500.00 -4533.00 
447500.00 7677500.00 -4492.45 
452500.00 7677500.00 -5048.36 
457500.00 7677500.00 -5406.16 
462500.00 7677500.00 -5504.64 
467500.00 7677500.00 -4446.38 
472500.00 7677500.00 -5717.16 
477500.00 7677500.00 -5316.14 
482500.00 7677500.00 -4694.08 
487500.00 7677500.00 -6374.82 
492500.00 7677500.00 -4831.60 
497500.00 7677500.00 -7031.16 
502500.00 7677500.00 -5377.89 
507500.00 7677500.00 -4076.44 
512500.00 7677500.00 -3801.94 
517500.00 7677500.00 -4236.72 
522500.00 7677500.00 -6220.99 
527500.00 7677500.00 -6342.12 
532500.00 7677500.00 -7651.86 
537500.00 7677500.00 -7588.57 
542500.00 7677500.00 -5883.10 
547500.00 7677500.00 -4956.94 
552500.00 7677500.00 -5295.01 
557500.00 7677500.00 -6245.60 
562500.00 7677500.00 -6876.60 
567500.00 7677500.00 -6695.27 
572500.00 7677500.00 -6500.98 
577500.00 7677500.00 -7078.23 
402500.00 7682500.00 -3046.86 
407500.00 7682500.00 -3244.72 
412500.00 7682500.00 -3579.26 
417500.00 7682500.00 -4071.44 
422500.00 7682500.00 -4353.45 
427500.00 7682500.00 -4251.44 
432500.00 7682500.00 -4160.40 
437500.00 7682500.00 -4233.03 
442500.00 7682500.00 -4688.73 
447500.00 7682500.00 -4973.24 
452500.00 7682500.00 -4588.27 
457500.00 7682500.00 -4615.73 
462500.00 7682500.00 -5325.98 
467500.00 7682500.00 -4469.66 
472500.00 7682500.00 -5192.37 
477500.00 7682500.00 -5413.10 
482500.00 7682500.00 -4527.03 
487500.00 7682500.00 -6163.97 
492500.00 7682500.00 -5020.34 
497500.00 7682500.00 -6892.15 
502500.00 7682500.00 -6219.46 
507500.00 7682500.00 -7055.97 
512500.00 7682500.00 -5205.31 
517500.00 7682500.00 -5402.49 
522500.00 7682500.00 -6213.49 
527500.00 7682500.00 -5393.68 
532500.00 7682500.00 -7346.72 
537500.00 7682500.00 -7785.92 
542500.00 7682500.00 -6784.24 
547500.00 7682500.00 -5905.22 
552500.00 7682500.00 -7039.60 
557500.00 7682500.00 -6832.39 
562500.00 7682500.00 -6789.83 
567500.00 7682500.00 -6737.48 
572500.00 7682500.00 -6923.12 
577500.00 7682500.00 -7334.02 
402500.00 7687500.00 -2883.83 
407500.00 7687500.00 -3093.02 
412500.00 7687500.00 -3468.28 
417500.00 7687500.00 -3846.92 
422500.00 7687500.00 -4260.66 
427500.00 7687500.00 -4206.36 
432500.00 7687500.00 -4180.21 
437500.00 7687500.00 -4260.77 
442500.00 7687500.00 -4560.05 
447500.00 7687500.00 -4660.82 
452500.00 7687500.00 -4584.22 
457500.00 7687500.00 -4552.05 
462500.00 7687500.00 -4904.12 
467500.00 7687500.00 -4369.36 
472500.00 7687500.00 -5324.75 
477500.00 7687500.00 -5486.90 
482500.00 7687500.00 -5660.74 
487500.00 7687500.00 -6022.98 
492500.00 7687500.00 -6102.49 
497500.00 7687500.00 -5832.85 
502500.00 7687500.00 -7370.59 
507500.00 7687500.00 -7032.18 
512500.00 7687500.00 -5907.52 
517500.00 7687500.00 -4976.70 
522500.00 7687500.00 -6311.03 
527500.00 7687500.00 -5587.00 
532500.00 7687500.00 -6496.84 
537500.00 7687500.00 -7675.26 
542500.00 7687500.00 -7228.50 
547500.00 7687500.00 -5395.55 
552500.00 7687500.00 -4704.29 
557500.00 7687500.00 -4828.26 
562500.00 7687500.00 -6305.22 
567500.00 7687500.00 -6696.85 
572500.00 7687500.00 -7326.67 
577500.00 7687500.00 -7396.18 
402500.00 7692500.00 -2603.94 
407500.00 7692500.00 -2874.59 
412500.00 7692500.00 -3181.97 
417500.00 7692500.00 -3426.07 
422500.00 7692500.00 -4197.25 
427500.00 7692500.00 -4244.54 
432500.00 7692500.00 -4020.79 
437500.00 7692500.00 -4085.56 
442500.00 7692500.00 -4487.62 
447500.00 7692500.00 -4539.59 
452500.00 7692500.00 -4360.91 
457500.00 7692500.00 -4483.20 
462500.00 7692500.00 -4373.58 
467500.00 7692500.00 -4364.21 
472500.00 7692500.00 -4699.32 
477500.00 7692500.00 -4958.18 
482500.00 7692500.00 -6042.52 
487500.00 7692500.00 -5139.49 
492500.00 7692500.00 -5925.96 
497500.00 7692500.00 -5893.06 
502500.00 7692500.00 -7200.49 
507500.00 7692500.00 -5656.45 
512500.00 7692500.00 -4452.66 
517500.00 7692500.00 -3568.52 
522500.00 7692500.00 -4764.62 
527500.00 7692500.00 -5155.44 
532500.00 7692500.00 -5137.50 
537500.00 7692500.00 -7101.70 
542500.00 7692500.00 -7389.63 
547500.00 7692500.00 -5942.82 
552500.00 7692500.00 -5474.45 
557500.00 7692500.00 -5868.01 
562500.00 7692500.00 -6302.68 
567500.00 7692500.00 -6597.82 
572500.00 7692500.00 -7189.55 
577500.00 7692500.00 -7633.22 
402500.00 7697500.00 -2263.67 
407500.00 7697500.00 -2674.66 
412500.00 7697500.00 -3012.54 
417500.00 7697500.00 -3276.49 
422500.00 7697500.00 -3845.29 
427500.00 7697500.00 -4219.02 
432500.00 7697500.00 -4065.05 
437500.00 7697500.00 -4043.07 
442500.00 7697500.00 -4281.74 
447500.00 7697500.00 -4643.76 
452500.00 7697500.00 -4543.42 
457500.00 7697500.00 -4542.56 
462500.00 7697500.00 -4998.41 
467500.00 7697500.00 -4940.03 
472500.00 7697500.00 -5083.87 
477500.00 7697500.00 -4789.58 
482500.00 7697500.00 -5795.46 
487500.00 7697500.00 -4880.16 
492500.00 7697500.00 -5695.51 
497500.00 7697500.00 -6144.49 
502500.00 7697500.00 -6665.57 
507500.00 7697500.00 -7103.56 
512500.00 7697500.00 -6242.88 
517500.00 7697500.00 -4468.10 
522500.00 7697500.00 -3871.15 
527500.00 7697500.00 -4402.04 
532500.00 7697500.00 -4965.88 
537500.00 7697500.00 -6611.38 
542500.00 7697500.00 -7292.25 
547500.00 7697500.00 -6071.95 
552500.00 7697500.00 -5129.61 
557500.00 7697500.00 -6168.09 
562500.00 7697500.00 -6231.23 
567500.00 7697500.00 -6509.25 
572500.00 7697500.00 -7307.14 
577500.00 7697500.00 -7737.03 
402500.00 7702500.00 -1993.63 
407500.00 7702500.00 -2511.20 
412500.00 7702500.00 -2918.99 
417500.00 7702500.00 -3146.40 
422500.00 7702500.00 -3642.02 
427500.00 7702500.00 -4291.51 
432500.00 7702500.00 -4384.04 
437500.00 7702500.00 -4239.11 
442500.00 7702500.00 -4352.20 
447500.00 7702500.00 -4585.67 
452500.00 7702500.00 -4725.61 
457500.00 7702500.00 -4862.73 
462500.00 7702500.00 -5084.84 
467500.00 7702500.00 -5159.60 
472500.00 7702500.00 -5157.77 
477500.00 7702500.00 -5502.82 
482500.00 7702500.00 -6132.81 
487500.00 7702500.00 -5472.88 
492500.00 7702500.00 -5666.26 
497500.00 7702500.00 -6596.94 
502500.00 7702500.00 -6313.70 
507500.00 7702500.00 -6887.43 
512500.00 7702500.00 -5591.76 
517500.00 7702500.00 -4290.97 
522500.00 7702500.00 -3802.03 
527500.00 7702500.00 -4891.71 
532500.00 7702500.00 -6860.47 
537500.00 7702500.00 -6872.95 
542500.00 7702500.00 -7506.29 
547500.00 7702500.00 -6875.80 
552500.00 7702500.00 -3994.12 
557500.00 7702500.00 -4659.81 
562500.00 7702500.00 -6097.82 
567500.00 7702500.00 -6564.85 
572500.00 7702500.00 -7237.59 
577500.00 7702500.00 -7562.09 
402500.00 7707500.00 -1574.26 
407500.00 7707500.00 -2476.02 
412500.00 7707500.00 -2853.66 
417500.00 7707500.00 -3077.92 
422500.00 7707500.00 -3527.31 
427500.00 7707500.00 -4091.05 
432500.00 7707500.00 -4492.17 
437500.00 7707500.00 -4471.49 
442500.00 7707500.00 -4538.08 
447500.00 7707500.00 -4631.93 
452500.00 7707500.00 -4666.41 
457500.00 7707500.00 -4840.78 
462500.00 7707500.00 -4261.07 
467500.00 7707500.00 -4970.94 
472500.00 7707500.00 -5207.58 
477500.00 7707500.00 -5852.66 
482500.00 7707500.00 -6276.11 
487500.00 7707500.00 -5509.87 
492500.00 7707500.00 -6086.81 
497500.00 7707500.00 -6587.05 
502500.00 7707500.00 -6217.63 
507500.00 7707500.00 -4901.53 
512500.00 7707500.00 -5175.27 
517500.00 7707500.00 -5306.87 
522500.00 7707500.00 -4613.63 
527500.00 7707500.00 -5693.09 
532500.00 7707500.00 -6137.93 
537500.00 7707500.00 -6406.40 
542500.00 7707500.00 -7497.17 
547500.00 7707500.00 -6864.39 
552500.00 7707500.00 -4233.89 
557500.00 7707500.00 -4262.74 
562500.00 7707500.00 -5968.11 
567500.00 7707500.00 -6584.46 
572500.00 7707500.00 -6890.15 
577500.00 7707500.00 -7097.79 
402500.00 7712500.00 -1473.09 
407500.00 7712500.00 -2277.93 
412500.00 7712500.00 -2664.61 
417500.00 7712500.00 -2818.70 
422500.00 7712500.00 -3157.73 
427500.00 7712500.00 -3648.75 
432500.00 7712500.00 -4548.97 
437500.00 7712500.00 -4738.65 
442500.00 7712500.00 -4771.82 
447500.00 7712500.00 -4664.01 
452500.00 7712500.00 -4600.65 
457500.00 7712500.00 -4904.85 
462500.00 7712500.00 -4633.78 
467500.00 7712500.00 -5201.80 
472500.00 7712500.00 -5448.15 
477500.00 7712500.00 -4781.80 
482500.00 7712500.00 -6000.06 
487500.00 7712500.00 -5736.65 
492500.00 7712500.00 -6160.18 
497500.00 7712500.00 -5820.78 
502500.00 7712500.00 -6882.47 
507500.00 7712500.00 -6570.04 
512500.00 7712500.00 -5896.23 
517500.00 7712500.00 -6680.62 
522500.00 7712500.00 -6146.80 
527500.00 7712500.00 -6880.01 
532500.00 7712500.00 -7035.44 
537500.00 7712500.00 -5916.99 
542500.00 7712500.00 -7487.12 
547500.00 7712500.00 -7023.89 
552500.00 7712500.00 -4300.68 
557500.00 7712500.00 -3686.05 
562500.00 7712500.00 -6540.07 
567500.00 7712500.00 -6795.63 
572500.00 7712500.00 -6743.48 
577500.00 7712500.00 -6922.80 
402500.00 7717500.00 -1383.75 
407500.00 7717500.00 -1972.18 
412500.00 7717500.00 -2379.20 
417500.00 7717500.00 -2436.61 
422500.00 7717500.00 -2854.66 
427500.00 7717500.00 -3431.73 
432500.00 7717500.00 -4431.27 
437500.00 7717500.00 -4677.20 
442500.00 7717500.00 -4708.60 
447500.00 7717500.00 -4690.36 
452500.00 7717500.00 -4703.06 
457500.00 7717500.00 -4796.43 
462500.00 7717500.00 -4939.78 
467500.00 7717500.00 -4874.76 
472500.00 7717500.00 -5592.07 
477500.00 7717500.00 -4863.73 
482500.00 7717500.00 -5779.09 
487500.00 7717500.00 -6211.72 
492500.00 7717500.00 -5478.34 
497500.00 7717500.00 -6421.03 
502500.00 7717500.00 -6748.35 
507500.00 7717500.00 -7245.12 
512500.00 7717500.00 -5583.77 
517500.00 7717500.00 -6638.30 
522500.00 7717500.00 -5534.08 
527500.00 7717500.00 -6557.72 
532500.00 7717500.00 -8043.30 
537500.00 7717500.00 -6648.77 
542500.00 7717500.00 -6098.28 
547500.00 7717500.00 -6877.85 
552500.00 7717500.00 -4574.43 
557500.00 7717500.00 -3702.15 
562500.00 7717500.00 -6810.61 
567500.00 7717500.00 -6970.34 
572500.00 7717500.00 -6832.43 
577500.00 7717500.00 -6960.45 
402500.00 7722500.00 -1196.27 
407500.00 7722500.00 -1741.96 
412500.00 7722500.00 -2112.07 
417500.00 7722500.00 -2533.94 
422500.00 7722500.00 -2984.34 
427500.00 7722500.00 -3339.97 
432500.00 7722500.00 -4226.30 
437500.00 7722500.00 -4317.28 
442500.00 7722500.00 -4714.43 
447500.00 7722500.00 -4644.96 
452500.00 7722500.00 -4762.85 
457500.00 7722500.00 -4556.73 
462500.00 7722500.00 -5151.46 
467500.00 7722500.00 -5108.84 
472500.00 7722500.00 -5918.85 
477500.00 7722500.00 -4527.34 
482500.00 7722500.00 -6256.22 
487500.00 7722500.00 -6809.17 
492500.00 7722500.00 -5892.99 
497500.00 7722500.00 -7104.57 
502500.00 7722500.00 -7448.58 
507500.00 7722500.00 -7824.82 
512500.00 7722500.00 -6938.99 
517500.00 7722500.00 -8009.65 
522500.00 7722500.00 -7539.43 
527500.00 7722500.00 -6032.29 
532500.00 7722500.00 -7829.05 
537500.00 7722500.00 -7831.11 
542500.00 7722500.00 -5379.69 
547500.00 7722500.00 -4415.24 
552500.00 7722500.00 -5427.96 
557500.00 7722500.00 -5740.84 
562500.00 7722500.00 -6977.44 
567500.00 7722500.00 -6807.51 
572500.00 7722500.00 -6763.19 
577500.00 7722500.00 -7125.93 
402500.00 7727500.00 -1117.40 
407500.00 7727500.00 -1564.37 
412500.00 7727500.00 -2078.43 
417500.00 7727500.00 -2526.32 
422500.00 7727500.00 -2870.00 
427500.00 7727500.00 -3298.21 
432500.00 7727500.00 -4226.85 
437500.00 7727500.00 -4333.75 
442500.00 7727500.00 -4763.93 
447500.00 7727500.00 -4942.92 
452500.00 7727500.00 -4744.33 
457500.00 7727500.00 -4671.94 
462500.00 7727500.00 -5159.78 
467500.00 7727500.00 -5393.25 
472500.00 7727500.00 -6052.25 
477500.00 7727500.00 -4957.35 
482500.00 7727500.00 -6408.37 
487500.00 7727500.00 -6974.95 
492500.00 7727500.00 -6341.14 
497500.00 7727500.00 -6869.04 
502500.00 7727500.00 -7892.29 
507500.00 7727500.00 -7278.23 
512500.00 7727500.00 -7293.24 
517500.00 7727500.00 -8163.55 
522500.00 7727500.00 -6366.07 
527500.00 7727500.00 -5874.71 
532500.00 7727500.00 -7580.43 
537500.00 7727500.00 -7864.41 
542500.00 7727500.00 -5408.62 
547500.00 7727500.00 -4329.50 
552500.00 7727500.00 -6919.48 
557500.00 7727500.00 -7160.59 
562500.00 7727500.00 -6920.76 
567500.00 7727500.00 -6639.27 
572500.00 7727500.00 -6690.95 
577500.00 7727500.00 -7256.72 
402500.00 7732500.00 -1026.76 
407500.00 7732500.00 -1331.06 
412500.00 7732500.00 -1876.39 
417500.00 7732500.00 -2307.00 
422500.00 7732500.00 -2722.49 
427500.00 7732500.00 -3132.69 
432500.00 7732500.00 -4117.67 
437500.00 7732500.00 -4816.23 
442500.00 7732500.00 -4957.37 
447500.00 7732500.00 -5074.21 
452500.00 7732500.00 -4998.99 
457500.00 7732500.00 -4877.08 
462500.00 7732500.00 -4940.58 
467500.00 7732500.00 -5504.29 
472500.00 7732500.00 -5538.32 
477500.00 7732500.00 -5278.46 
482500.00 7732500.00 -6410.46 
487500.00 7732500.00 -5850.76 
492500.00 7732500.00 -6536.60 
497500.00 7732500.00 -6746.66 
502500.00 7732500.00 -6173.49 
507500.00 7732500.00 -6244.82 
512500.00 7732500.00 -7825.78 
517500.00 7732500.00 -4891.87 
522500.00 7732500.00 -6712.97 
527500.00 7732500.00 -6097.43 
532500.00 7732500.00 -7123.11 
537500.00 7732500.00 -7949.72 
542500.00 7732500.00 -8212.70 
547500.00 7732500.00 -7598.83 
552500.00 7732500.00 -7372.05 
557500.00 7732500.00 -7256.34 
562500.00 7732500.00 -7175.01 
567500.00 7732500.00 -6715.36 
572500.00 7732500.00 -7035.08 
577500.00 7732500.00 -7425.15 
402500.00 7737500.00 -999.69 
407500.00 7737500.00 -1182.20 
412500.00 7737500.00 -1797.68 
417500.00 7737500.00 -2316.90 
422500.00 7737500.00 -2710.49 
427500.00 7737500.00 -2945.11 
432500.00 7737500.00 -4095.01 
437500.00 7737500.00 -5151.23 
442500.00 7737500.00 -5087.32 
447500.00 7737500.00 -5205.54 
452500.00 7737500.00 -5098.82 
457500.00 7737500.00 -4935.32 
462500.00 7737500.00 -4957.64 
467500.00 7737500.00 -5522.18 
472500.00 7737500.00 -5616.22 
477500.00 7737500.00 -5615.37 
482500.00 7737500.00 -6463.16 
487500.00 7737500.00 -5551.58 
492500.00 7737500.00 -6307.63 
497500.00 7737500.00 -6496.80 
502500.00 7737500.00 -5723.35 
507500.00 7737500.00 -7169.10 
512500.00 7737500.00 -7213.01 
517500.00 7737500.00 -4768.48 
522500.00 7737500.00 -6593.63 
527500.00 7737500.00 -6544.85 
532500.00 7737500.00 -7086.88 
537500.00 7737500.00 -7669.73 
542500.00 7737500.00 -7611.11 
547500.00 7737500.00 -7571.26 
552500.00 7737500.00 -7101.47 
557500.00 7737500.00 -7188.36 
562500.00 7737500.00 -7548.26 
567500.00 7737500.00 -7447.73 
572500.00 7737500.00 -7863.79 
577500.00 7737500.00 -7880.76 
402500.00 7742500.00 -1067.79 
407500.00 7742500.00 -1164.11 
412500.00 7742500.00 -1681.24 
417500.00 7742500.00 -2274.37 
422500.00 7742500.00 -2766.53 
427500.00 7742500.00 -3046.34 
432500.00 7742500.00 -3653.12 
437500.00 7742500.00 -4637.80 
442500.00 7742500.00 -5279.67 
447500.00 7742500.00 -5511.28 
452500.00 7742500.00 -5058.38 
457500.00 7742500.00 -5038.87 
462500.00 7742500.00 -5310.57 
467500.00 7742500.00 -5581.27 
472500.00 7742500.00 -5957.04 
477500.00 7742500.00 -6166.71 
482500.00 7742500.00 -6520.38 
487500.00 7742500.00 -5813.10 
492500.00 7742500.00 -6025.24 
497500.00 7742500.00 -6305.49 
502500.00 7742500.00 -6387.91 
507500.00 7742500.00 -7034.85 
512500.00 7742500.00 -7110.86 
517500.00 7742500.00 -6537.62 
522500.00 7742500.00 -6177.51 
527500.00 7742500.00 -6266.46 
532500.00 7742500.00 -7333.11 
537500.00 7742500.00 -7901.76 
542500.00 7742500.00 -8011.82 
547500.00 7742500.00 -7668.91 
552500.00 7742500.00 -7159.25 
557500.00 7742500.00 -6973.21 
562500.00 7742500.00 -7676.46 
567500.00 7742500.00 -8230.08 
572500.00 7742500.00 -8971.80 
577500.00 7742500.00 -9065.46 
402500.00 7747500.00 -1121.17 
407500.00 7747500.00 -1210.31 
412500.00 7747500.00 -1479.58 
417500.00 7747500.00 -2100.23 
422500.00 7747500.00 -2704.40 
427500.00 7747500.00 -3124.55 
432500.00 7747500.00 -3898.84 
437500.00 7747500.00 -4695.63 
442500.00 7747500.00 -5439.03 
447500.00 7747500.00 -5502.59 
452500.00 7747500.00 -5213.00 
457500.00 7747500.00 -5232.37 
462500.00 7747500.00 -5466.66 
467500.00 7747500.00 -5577.49 
472500.00 7747500.00 -6203.78 
477500.00 7747500.00 -6095.02 
482500.00 7747500.00 -6444.06 
487500.00 7747500.00 -6051.81 
492500.00 7747500.00 -5663.65 
497500.00 7747500.00 -6001.16 
502500.00 7747500.00 -6717.00 
507500.00 7747500.00 -7143.60 
512500.00 7747500.00 -7476.11 
517500.00 7747500.00 -6941.90 
522500.00 7747500.00 -7552.71 
527500.00 7747500.00 -6780.76 
532500.00 7747500.00 -6164.41 
537500.00 7747500.00 -5719.60 
542500.00 7747500.00 -8136.19 
547500.00 7747500.00 -7030.10 
552500.00 7747500.00 -7155.71 
557500.00 7747500.00 -6900.70 
562500.00 7747500.00 -7513.24 
567500.00 7747500.00 -7987.20 
572500.00 7747500.00 -9195.65 
577500.00 7747500.00 -9301.11 
402500.00 7752500.00 -1065.11 
407500.00 7752500.00 -1139.27 
412500.00 7752500.00 -1332.64 
417500.00 7752500.00 -2069.64 
422500.00 7752500.00 -2539.30 
427500.00 7752500.00 -3071.41 
432500.00 7752500.00 -4034.91 
437500.00 7752500.00 -4826.77 
442500.00 7752500.00 -5518.86 
447500.00 7752500.00 -5624.26 
452500.00 7752500.00 -5463.46 
457500.00 7752500.00 -5332.44 
462500.00 7752500.00 -5375.25 
467500.00 7752500.00 -5552.40 
472500.00 7752500.00 -6282.54 
477500.00 7752500.00 -5224.54 
482500.00 7752500.00 -6526.89 
487500.00 7752500.00 -6740.12 
492500.00 7752500.00 -5166.70 
497500.00 7752500.00 -5752.17 
502500.00 7752500.00 -6303.88 
507500.00 7752500.00 -7157.44 
512500.00 7752500.00 -7721.32 
517500.00 7752500.00 -7631.97 
522500.00 7752500.00 -7473.44 
527500.00 7752500.00 -7935.47 
532500.00 7752500.00 -7866.69 
537500.00 7752500.00 -6782.46 
542500.00 7752500.00 -7844.51 
547500.00 7752500.00 -7444.16 
552500.00 7752500.00 -8170.65 
557500.00 7752500.00 -7704.99 
562500.00 7752500.00 -7919.56 
567500.00 7752500.00 -8401.97 
572500.00 7752500.00 -9152.61 
577500.00 7752500.00 -7491.90 
402500.00 7757500.00 -955.29 
407500.00 7757500.00 -1133.42 
412500.00 7757500.00 -1247.45 
417500.00 7757500.00 -1812.39 
422500.00 7757500.00 -2433.29 
427500.00 7757500.00 -3016.44 
432500.00 7757500.00 -3960.41 
437500.00 7757500.00 -4664.51 
442500.00 7757500.00 -5222.59 
447500.00 7757500.00 -5774.72 
452500.00 7757500.00 -5546.39 
457500.00 7757500.00 -5483.76 
462500.00 7757500.00 -5601.88 
467500.00 7757500.00 -5753.01 
472500.00 7757500.00 -6207.66 
477500.00 7757500.00 -5711.66 
482500.00 7757500.00 -6632.96 
487500.00 7757500.00 -6706.98 
492500.00 7757500.00 -6140.35 
497500.00 7757500.00 -6410.29 
502500.00 7757500.00 -5875.33 
507500.00 7757500.00 -6874.18 
512500.00 7757500.00 -6734.82 
517500.00 7757500.00 -7032.11 
522500.00 7757500.00 -7705.17 
527500.00 7757500.00 -8202.60 
532500.00 7757500.00 -7980.51 
537500.00 7757500.00 -7418.52 
542500.00 7757500.00 -4705.70 
547500.00 7757500.00 -5225.73 
552500.00 7757500.00 -8362.87 
557500.00 7757500.00 -7687.40 
562500.00 7757500.00 -8258.78 
567500.00 7757500.00 -8902.69 
572500.00 7757500.00 -8897.07 
577500.00 7757500.00 -8953.67 
402500.00 7762500.00 -815.84 
407500.00 7762500.00 -960.25 
412500.00 7762500.00 -1225.55 
417500.00 7762500.00 -2034.47 
422500.00 7762500.00 -2536.96 
427500.00 7762500.00 -3062.09 
432500.00 7762500.00 -3933.20 
437500.00 7762500.00 -4500.45 
442500.00 7762500.00 -4963.96 
447500.00 7762500.00 -5419.05 
452500.00 7762500.00 -5495.19 
457500.00 7762500.00 -5752.98 
462500.00 7762500.00 -5887.95 
467500.00 7762500.00 -5811.53 
472500.00 7762500.00 -6294.83 
477500.00 7762500.00 -5594.27 
482500.00 7762500.00 -6483.80 
487500.00 7762500.00 -6662.78 
492500.00 7762500.00 -6665.00 
497500.00 7762500.00 -6659.35 
502500.00 7762500.00 -5635.09 
507500.00 7762500.00 -6204.32 
512500.00 7762500.00 -6941.70 
517500.00 7762500.00 -7302.50 
522500.00 7762500.00 -7577.02 
527500.00 7762500.00 -7690.38 
532500.00 7762500.00 -7261.95 
537500.00 7762500.00 -7140.05 
542500.00 7762500.00 -7541.00 
547500.00 7762500.00 -7775.35 
552500.00 7762500.00 -8380.46 
557500.00 7762500.00 -7762.48 
562500.00 7762500.00 -7762.74 
567500.00 7762500.00 -8372.84 
572500.00 7762500.00 -8762.57 
577500.00 7762500.00 -8895.97 
402500.00 7767500.00 -810.16 
407500.00 7767500.00 -999.15 
412500.00 7767500.00 -1198.44 
417500.00 7767500.00 -2062.21 
422500.00 7767500.00 -2591.09 
427500.00 7767500.00 -3014.51 
432500.00 7767500.00 -3933.27 
437500.00 7767500.00 -4486.50 
442500.00 7767500.00 -4985.16 
447500.00 7767500.00 -5320.46 
452500.00 7767500.00 -5557.13 
457500.00 7767500.00 -5952.07 
462500.00 7767500.00 -5850.83 
467500.00 7767500.00 -5870.04 
472500.00 7767500.00 -6105.36 
477500.00 7767500.00 -5787.63 
482500.00 7767500.00 -6336.10 
487500.00 7767500.00 -6373.04 
492500.00 7767500.00 -6318.06 
497500.00 7767500.00 -6305.72 
502500.00 7767500.00 -7197.91 
507500.00 7767500.00 -7072.55 
512500.00 7767500.00 -6953.21 
517500.00 7767500.00 -7026.46 
522500.00 7767500.00 -7887.02 
527500.00 7767500.00 -7839.30 
532500.00 7767500.00 -7465.33 
537500.00 7767500.00 -7335.53 
542500.00 7767500.00 -8113.32 
547500.00 7767500.00 -8157.81 
552500.00 7767500.00 -8059.06 
557500.00 7767500.00 -8125.99 
562500.00 7767500.00 -7943.91 
567500.00 7767500.00 -8589.13 
572500.00 7767500.00 -9089.18 
577500.00 7767500.00 -9245.75 
402500.00 7772500.00 -731.18 
407500.00 7772500.00 -989.99 
412500.00 7772500.00 -1371.34 
417500.00 7772500.00 -2102.30 
422500.00 7772500.00 -2800.26 
427500.00 7772500.00 -3056.22 
432500.00 7772500.00 -3732.51 
437500.00 7772500.00 -4462.52 
442500.00 7772500.00 -4848.66 
447500.00 7772500.00 -5151.19 
452500.00 7772500.00 -5529.46 
457500.00 7772500.00 -5783.96 
462500.00 7772500.00 -5775.79 
467500.00 7772500.00 -5967.17 
472500.00 7772500.00 -5972.33 
477500.00 7772500.00 -6377.01 
482500.00 7772500.00 -6050.52 
487500.00 7772500.00 -5829.45 
492500.00 7772500.00 -7130.70 
497500.00 7772500.00 -7353.61 
502500.00 7772500.00 -7614.64 
507500.00 7772500.00 -7575.19 
512500.00 7772500.00 -7632.06 
517500.00 7772500.00 -6948.31 
522500.00 7772500.00 -7352.84 
527500.00 7772500.00 -7323.04 
532500.00 7772500.00 -7754.87 
537500.00 7772500.00 -8152.15 
542500.00 7772500.00 -8948.96 
547500.00 7772500.00 -8967.85 
552500.00 7772500.00 -9425.20 
557500.00 7772500.00 -9064.30 
562500.00 7772500.00 -9032.05 
567500.00 7772500.00 -9064.01 
572500.00 7772500.00 -9018.09 
577500.00 7772500.00 -9255.02 
402500.00 7777500.00 -728.23 
407500.00 7777500.00 -996.44 
412500.00 7777500.00 -1449.23 
417500.00 7777500.00 -1974.06 
422500.00 7777500.00 -2801.79 
427500.00 7777500.00 -3127.96 
432500.00 7777500.00 -3725.39 
437500.00 7777500.00 -4228.69 
442500.00 7777500.00 -4618.73 
447500.00 7777500.00 -4958.68 
452500.00 7777500.00 -5475.99 
457500.00 7777500.00 -5865.03 
462500.00 7777500.00 -5845.34 
467500.00 7777500.00 -5746.48 
472500.00 7777500.00 -6088.54 
477500.00 7777500.00 -6219.40 
482500.00 7777500.00 -5835.22 
487500.00 7777500.00 -5865.89 
492500.00 7777500.00 -7387.54 
497500.00 7777500.00 -7693.94 
502500.00 7777500.00 -7317.07 
507500.00 7777500.00 -7504.34 
512500.00 7777500.00 -7737.57 
517500.00 7777500.00 -7266.09 
522500.00 7777500.00 -7732.70 
527500.00 7777500.00 -7732.41 
532500.00 7777500.00 -8838.82 
537500.00 7777500.00 -9644.96 
542500.00 7777500.00 -8894.99 
547500.00 7777500.00 -8535.57 
552500.00 7777500.00 -9302.54 
557500.00 7777500.00 -9175.12 
562500.00 7777500.00 -9527.51 
567500.00 7777500.00 -9750.08 
572500.00 7777500.00 -9119.00 
577500.00 7777500.00 -8958.31 
402500.00 7782500.00 -791.67 
407500.00 7782500.00 -1083.42 
412500.00 7782500.00 -1551.68 
417500.00 7782500.00 -2020.01 
422500.00 7782500.00 -2848.92 
427500.00 7782500.00 -3294.37 
432500.00 7782500.00 -3838.05 
437500.00 7782500.00 -4084.55 
442500.00 7782500.00 -4270.25 
447500.00 7782500.00 -4638.27 
452500.00 7782500.00 -5263.09 
457500.00 7782500.00 -5774.45 
462500.00 7782500.00 -5870.24 
467500.00 7782500.00 -5762.84 
472500.00 7782500.00 -6214.60 
477500.00 7782500.00 -5714.60 
482500.00 7782500.00 -5269.58 
487500.00 7782500.00 -7188.18 
492500.00 7782500.00 -7787.02 
497500.00 7782500.00 -7559.91 
502500.00 7782500.00 -6453.87 
507500.00 7782500.00 -7524.48 
512500.00 7782500.00 -7887.59 
517500.00 7782500.00 -7865.35 
522500.00 7782500.00 -7464.63 
527500.00 7782500.00 -8015.12 
532500.00 7782500.00 -9637.63 
537500.00 7782500.00 -9243.60 
542500.00 7782500.00 -7839.41 
547500.00 7782500.00 -7316.31 
552500.00 7782500.00 -9261.55 
557500.00 7782500.00 -9426.35 
562500.00 7782500.00 -9257.41 
567500.00 7782500.00 -9473.63 
572500.00 7782500.00 -9358.05 
577500.00 7782500.00 -9154.18 
402500.00 7787500.00 -849.40 
407500.00 7787500.00 -1080.76 
412500.00 7787500.00 -1581.77 
417500.00 7787500.00 -1943.64 
422500.00 7787500.00 -2670.46 
427500.00 7787500.00 -3271.06 
432500.00 7787500.00 -3848.17 
437500.00 7787500.00 -4198.82 
442500.00 7787500.00 -4232.52 
447500.00 7787500.00 -4591.84 
452500.00 7787500.00 -5437.22 
457500.00 7787500.00 -5931.77 
462500.00 7787500.00 -6060.95 
467500.00 7787500.00 -5838.27 
472500.00 7787500.00 -6353.50 
477500.00 7787500.00 -6452.21 
482500.00 7787500.00 -5991.00 
487500.00 7787500.00 -7013.13 
492500.00 7787500.00 -8047.74 
497500.00 7787500.00 -7073.42 
502500.00 7787500.00 -5466.91 
507500.00 7787500.00 -7606.83 
512500.00 7787500.00 -7979.76 
517500.00 7787500.00 -8121.78 
522500.00 7787500.00 -5610.11 
527500.00 7787500.00 -7805.91 
532500.00 7787500.00 -10051.40 
537500.00 7787500.00 -8772.42 
542500.00 7787500.00 -8175.23 
547500.00 7787500.00 -8031.65 
552500.00 7787500.00 -8933.28 
557500.00 7787500.00 -9163.66 
562500.00 7787500.00 -9123.98 
567500.00 7787500.00 -9115.66 
572500.00 7787500.00 -9243.90 
577500.00 7787500.00 -9189.91 
402500.00 7792500.00 -943.32 
407500.00 7792500.00 -1045.37 
412500.00 7792500.00 -1419.20 
417500.00 7792500.00 -1879.48 
422500.00 7792500.00 -2586.23 
427500.00 7792500.00 -3176.12 
432500.00 7792500.00 -3790.89 
437500.00 7792500.00 -4276.92 
442500.00 7792500.00 -4606.41 
447500.00 7792500.00 -4676.83 
452500.00 7792500.00 -5290.77 
457500.00 7792500.00 -5670.64 
462500.00 7792500.00 -5800.37 
467500.00 7792500.00 -6140.16 
472500.00 7792500.00 -6091.92 
477500.00 7792500.00 -6262.77 
482500.00 7792500.00 -6479.89 
487500.00 7792500.00 -6641.74 
492500.00 7792500.00 -6333.33 
497500.00 7792500.00 -7047.06 
502500.00 7792500.00 -7697.71 
507500.00 7792500.00 -7936.58 
512500.00 7792500.00 -8059.62 
517500.00 7792500.00 -7926.00 
522500.00 7792500.00 -6982.60 
527500.00 7792500.00 -8049.96 
532500.00 7792500.00 -8881.84 
537500.00 7792500.00 -8527.18 
542500.00 7792500.00 -8700.83 
547500.00 7792500.00 -8755.69 
552500.00 7792500.00 -8837.83 
557500.00 7792500.00 -8942.18 
562500.00 7792500.00 -9192.69 
567500.00 7792500.00 -9130.89 
572500.00 7792500.00 -9171.43 
577500.00 7792500.00 -9169.07 
402500.00 7797500.00 -903.45 
407500.00 7797500.00 -925.80 
412500.00 7797500.00 -1320.97 
417500.00 7797500.00 -1837.35 
422500.00 7797500.00 -2358.48 
427500.00 7797500.00 -2835.20 
432500.00 7797500.00 -3986.37 
437500.00 7797500.00 -4539.25 
442500.00 7797500.00 -4831.97 
447500.00 7797500.00 -4845.84 
452500.00 7797500.00 -5306.88 
457500.00 7797500.00 -5669.77 
462500.00 7797500.00 -6011.02 
467500.00 7797500.00 -6291.94 
472500.00 7797500.00 -5861.58 
477500.00 7797500.00 -6215.24 
482500.00 7797500.00 -6697.65 
487500.00 7797500.00 -7058.07 
492500.00 7797500.00 -5858.29 
497500.00 7797500.00 -6472.17 
502500.00 7797500.00 -7237.90 
507500.00 7797500.00 -7218.41 
512500.00 7797500.00 -7670.57 
517500.00 7797500.00 -7664.22 
522500.00 7797500.00 -7723.26 
527500.00 7797500.00 -7875.79 
532500.00 7797500.00 -8297.26 
537500.00 7797500.00 -8486.64 
542500.00 7797500.00 -8617.52 
547500.00 7797500.00 -8669.31 
552500.00 7797500.00 -8831.63 
557500.00 7797500.00 -8907.96 
562500.00 7797500.00 -9103.13 
567500.00 7797500.00 -9088.89 
572500.00 7797500.00 -9158.94 
577500.00 7797500.00 -9156.08 
402500.00 7802500.00 -805.24 
407500.00 7802500.00 -783.00 
412500.00 7802500.00 -1209.54 
417500.00 7802500.00 -1770.94 
422500.00 7802500.00 -2566.69 
427500.00 7802500.00 -3012.84 
432500.00 7802500.00 -3874.84 
437500.00 7802500.00 -4545.01 
442500.00 7802500.00 -4880.28 
447500.00 7802500.00 -5126.65 
452500.00 7802500.00 -5450.55 
457500.00 7802500.00 -5724.50 
462500.00 7802500.00 -6275.69 
467500.00 7802500.00 -6335.72 
472500.00 7802500.00 -6335.14 
477500.00 7802500.00 -5556.69 
482500.00 7802500.00 -5156.68 
487500.00 7802500.00 -6575.29 
492500.00 7802500.00 -5976.78 
497500.00 7802500.00 -4592.23 
502500.00 7802500.00 -6427.54 
507500.00 7802500.00 -6743.16 
512500.00 7802500.00 -7198.00 
517500.00 7802500.00 -7507.13 
522500.00 7802500.00 -7796.64 
527500.00 7802500.00 -7936.99 
532500.00 7802500.00 -8161.29 
537500.00 7802500.00 -8272.59 
542500.00 7802500.00 -8518.40 
547500.00 7802500.00 -8593.71 
552500.00 7802500.00 -8723.83 
557500.00 7802500.00 -8762.70 
562500.00 7802500.00 -8891.94 
567500.00 7802500.00 -8778.92 
572500.00 7802500.00 -8856.03 
577500.00 7802500.00 -8804.94 
