# Petrel Points with attributes
# Unit in X and Y direction: m
# Unit in depth: m
VERSION 1
BEGIN HEADER
X
Y
Z
END HEADER
402500.00 7652500.00 -4549.63 
407500.00 7652500.00 -5033.36 
412500.00 7652500.00 -5210.97 
417500.00 7652500.00 -5153.09 
422500.00 7652500.00 -5227.03 
427500.00 7652500.00 -5139.04 
432500.00 7652500.00 -5150.71 
437500.00 7652500.00 -5738.89 
442500.00 7652500.00 -5456.60 
447500.00 7652500.00 -5783.34 
452500.00 7652500.00 -5774.63 
457500.00 7652500.00 -5685.05 
462500.00 7652500.00 -5878.62 
467500.00 7652500.00 -4486.35 
472500.00 7652500.00 -3416.10 
477500.00 7652500.00 -4402.00 
482500.00 7652500.00 -5316.64 
487500.00 7652500.00 -6295.65 
492500.00 7652500.00 -6291.92 
497500.00 7652500.00 -4820.23 
502500.00 7652500.00 -5582.05 
507500.00 7652500.00 -4327.03 
512500.00 7652500.00 -4463.99 
517500.00 7652500.00 -5953.48 
522500.00 7652500.00 -6909.84 
527500.00 7652500.00 -6848.56 
532500.00 7652500.00 -7044.74 
537500.00 7652500.00 -5695.78 
542500.00 7652500.00 -4504.35 
547500.00 7652500.00 -4019.26 
552500.00 7652500.00 -5670.96 
557500.00 7652500.00 -6995.03 
562500.00 7652500.00 -6928.62 
567500.00 7652500.00 -6674.81 
572500.00 7652500.00 -6516.84 
577500.00 7652500.00 -6354.02 
402500.00 7657500.00 -4534.82 
407500.00 7657500.00 -4814.21 
412500.00 7657500.00 -5439.13 
417500.00 7657500.00 -5342.46 
422500.00 7657500.00 -5162.04 
427500.00 7657500.00 -5114.02 
432500.00 7657500.00 -5237.50 
437500.00 7657500.00 -5408.21 
442500.00 7657500.00 -5489.33 
447500.00 7657500.00 -5719.94 
452500.00 7657500.00 -5151.47 
457500.00 7657500.00 -4979.42 
462500.00 7657500.00 -5002.15 
467500.00 7657500.00 -4880.45 
472500.00 7657500.00 -3431.25 
477500.00 7657500.00 -4312.17 
482500.00 7657500.00 -6513.49 
487500.00 7657500.00 -5469.48 
492500.00 7657500.00 -4499.88 
497500.00 7657500.00 -4236.06 
502500.00 7657500.00 -5173.62 
507500.00 7657500.00 -3967.05 
512500.00 7657500.00 -3726.83 
517500.00 7657500.00 -5486.00 
522500.00 7657500.00 -6949.63 
527500.00 7657500.00 -6798.03 
532500.00 7657500.00 -6168.07 
537500.00 7657500.00 -5924.11 
542500.00 7657500.00 -4793.87 
547500.00 7657500.00 -4629.86 
552500.00 7657500.00 -5915.10 
557500.00 7657500.00 -7309.05 
562500.00 7657500.00 -7330.16 
567500.00 7657500.00 -7119.17 
572500.00 7657500.00 -6905.29 
577500.00 7657500.00 -6876.36 
402500.00 7662500.00 -4637.01 
407500.00 7662500.00 -4635.72 
412500.00 7662500.00 -5217.57 
417500.00 7662500.00 -5311.90 
422500.00 7662500.00 -5149.89 
427500.00 7662500.00 -5198.45 
432500.00 7662500.00 -5232.04 
437500.00 7662500.00 -5239.42 
442500.00 7662500.00 -5443.07 
447500.00 7662500.00 -4759.79 
452500.00 7662500.00 -4629.57 
457500.00 7662500.00 -5754.90 
462500.00 7662500.00 -5294.89 
467500.00 7662500.00 -4979.63 
472500.00 7662500.00 -4219.67 
477500.00 7662500.00 -4561.68 
482500.00 7662500.00 -5893.14 
487500.00 7662500.00 -4316.10 
492500.00 7662500.00 -5201.51 
497500.00 7662500.00 -5030.03 
502500.00 7662500.00 -7076.40 
507500.00 7662500.00 -5085.72 
512500.00 7662500.00 -3730.02 
517500.00 7662500.00 -4728.19 
522500.00 7662500.00 -7357.41 
527500.00 7662500.00 -5876.31 
532500.00 7662500.00 -6963.34 
537500.00 7662500.00 -5443.59 
542500.00 7662500.00 -4551.92 
547500.00 7662500.00 -4988.79 
552500.00 7662500.00 -5030.93 
557500.00 7662500.00 -7061.55 
562500.00 7662500.00 -7790.09 
567500.00 7662500.00 -7477.28 
572500.00 7662500.00 -7233.91 
577500.00 7662500.00 -7394.96 
402500.00 7667500.00 -4369.09 
407500.00 7667500.00 -4591.79 
412500.00 7667500.00 -4970.86 
417500.00 7667500.00 -5218.82 
422500.00 7667500.00 -5344.87 
427500.00 7667500.00 -5223.01 
432500.00 7667500.00 -4735.78 
437500.00 7667500.00 -5144.01 
442500.00 7667500.00 -5512.81 
447500.00 7667500.00 -4878.64 
452500.00 7667500.00 -5071.59 
457500.00 7667500.00 -6191.43 
462500.00 7667500.00 -5629.82 
467500.00 7667500.00 -5501.36 
472500.00 7667500.00 -6278.08 
477500.00 7667500.00 -4745.74 
482500.00 7667500.00 -5939.02 
487500.00 7667500.00 -5324.14 
492500.00 7667500.00 -5371.07 
497500.00 7667500.00 -5501.24 
502500.00 7667500.00 -8176.82 
507500.00 7667500.00 -6056.73 
512500.00 7667500.00 -4029.78 
517500.00 7667500.00 -4623.83 
522500.00 7667500.00 -6398.16 
527500.00 7667500.00 -5489.49 
532500.00 7667500.00 -7726.44 
537500.00 7667500.00 -7481.65 
542500.00 7667500.00 -5430.42 
547500.00 7667500.00 -5434.17 
552500.00 7667500.00 -5492.90 
557500.00 7667500.00 -6642.13 
562500.00 7667500.00 -7500.50 
567500.00 7667500.00 -7328.15 
572500.00 7667500.00 -7001.01 
577500.00 7667500.00 -7025.61 
402500.00 7672500.00 -3821.48 
407500.00 7672500.00 -4002.98 
412500.00 7672500.00 -4633.38 
417500.00 7672500.00 -5210.15 
422500.00 7672500.00 -5267.31 
427500.00 7672500.00 -5241.18 
432500.00 7672500.00 -5273.43 
437500.00 7672500.00 -5462.53 
442500.00 7672500.00 -5473.77 
447500.00 7672500.00 -4778.61 
452500.00 7672500.00 -5332.96 
457500.00 7672500.00 -6008.29 
462500.00 7672500.00 -5987.16 
467500.00 7672500.00 -5066.05 
472500.00 7672500.00 -6264.16 
477500.00 7672500.00 -5634.00 
482500.00 7672500.00 -5865.32 
487500.00 7672500.00 -6713.20 
492500.00 7672500.00 -5264.34 
497500.00 7672500.00 -6414.57 
502500.00 7672500.00 -7320.70 
507500.00 7672500.00 -5275.59 
512500.00 7672500.00 -4320.30 
517500.00 7672500.00 -5133.48 
522500.00 7672500.00 -5651.33 
527500.00 7672500.00 -5513.04 
532500.00 7672500.00 -7648.55 
537500.00 7672500.00 -7769.35 
542500.00 7672500.00 -5527.02 
547500.00 7672500.00 -5095.83 
552500.00 7672500.00 -5922.40 
557500.00 7672500.00 -6329.31 
562500.00 7672500.00 -6759.53 
567500.00 7672500.00 -6660.18 
572500.00 7672500.00 -6706.51 
577500.00 7672500.00 -6845.78 
402500.00 7677500.00 -3646.86 
407500.00 7677500.00 -3838.30 
412500.00 7677500.00 -4335.52 
417500.00 7677500.00 -4984.70 
422500.00 7677500.00 -5231.73 
427500.00 7677500.00 -5259.80 
432500.00 7677500.00 -5207.52 
437500.00 7677500.00 -5257.67 
442500.00 7677500.00 -5431.12 
447500.00 7677500.00 -5326.04 
452500.00 7677500.00 -5785.51 
457500.00 7677500.00 -6055.24 
462500.00 7677500.00 -6003.20 
467500.00 7677500.00 -4872.05 
472500.00 7677500.00 -6197.48 
477500.00 7677500.00 -5828.28 
482500.00 7677500.00 -5129.03 
487500.00 7677500.00 -6719.66 
492500.00 7677500.00 -5103.94 
497500.00 7677500.00 -7256.31 
502500.00 7677500.00 -5628.14 
507500.00 7677500.00 -4411.03 
512500.00 7677500.00 -4166.70 
517500.00 7677500.00 -4542.42 
522500.00 7677500.00 -6473.98 
527500.00 7677500.00 -6604.32 
532500.00 7677500.00 -7937.11 
537500.00 7677500.00 -7919.42 
542500.00 7677500.00 -6258.04 
547500.00 7677500.00 -5378.46 
552500.00 7677500.00 -5685.46 
557500.00 7677500.00 -6564.11 
562500.00 7677500.00 -7144.84 
567500.00 7677500.00 -6935.66 
572500.00 7677500.00 -6725.88 
577500.00 7677500.00 -7298.98 
402500.00 7682500.00 -3482.40 
407500.00 7682500.00 -3704.29 
412500.00 7682500.00 -4063.32 
417500.00 7682500.00 -4576.99 
422500.00 7682500.00 -5015.63 
427500.00 7682500.00 -5122.56 
432500.00 7682500.00 -5115.46 
437500.00 7682500.00 -5130.81 
442500.00 7682500.00 -5493.98 
447500.00 7682500.00 -5831.74 
452500.00 7682500.00 -5502.43 
457500.00 7682500.00 -5334.80 
462500.00 7682500.00 -5820.82 
467500.00 7682500.00 -4886.79 
472500.00 7682500.00 -5675.09 
477500.00 7682500.00 -5933.97 
482500.00 7682500.00 -4965.21 
487500.00 7682500.00 -6491.24 
492500.00 7682500.00 -5263.84 
497500.00 7682500.00 -7094.00 
502500.00 7682500.00 -6471.37 
507500.00 7682500.00 -7410.59 
512500.00 7682500.00 -5617.87 
517500.00 7682500.00 -5758.62 
522500.00 7682500.00 -6481.11 
527500.00 7682500.00 -5595.94 
532500.00 7682500.00 -7606.62 
537500.00 7682500.00 -8110.57 
542500.00 7682500.00 -7145.95 
547500.00 7682500.00 -6314.54 
552500.00 7682500.00 -7422.17 
557500.00 7682500.00 -7164.11 
562500.00 7682500.00 -7071.14 
567500.00 7682500.00 -6986.70 
572500.00 7682500.00 -7152.30 
577500.00 7682500.00 -7556.03 
402500.00 7687500.00 -3310.42 
407500.00 7687500.00 -3526.50 
412500.00 7687500.00 -3877.38 
417500.00 7687500.00 -4267.75 
422500.00 7687500.00 -4837.55 
427500.00 7687500.00 -5049.83 
432500.00 7687500.00 -5145.62 
437500.00 7687500.00 -5216.78 
442500.00 7687500.00 -5359.38 
447500.00 7687500.00 -5386.05 
452500.00 7687500.00 -5487.22 
457500.00 7687500.00 -5455.69 
462500.00 7687500.00 -5465.74 
467500.00 7687500.00 -4790.70 
472500.00 7687500.00 -5765.58 
477500.00 7687500.00 -5935.32 
482500.00 7687500.00 -6068.04 
487500.00 7687500.00 -6335.95 
492500.00 7687500.00 -6343.27 
497500.00 7687500.00 -6025.26 
502500.00 7687500.00 -7606.34 
507500.00 7687500.00 -7362.46 
512500.00 7687500.00 -6326.78 
517500.00 7687500.00 -5307.41 
522500.00 7687500.00 -6541.89 
527500.00 7687500.00 -5803.96 
532500.00 7687500.00 -6768.16 
537500.00 7687500.00 -7995.08 
542500.00 7687500.00 -7585.39 
547500.00 7687500.00 -5795.30 
552500.00 7687500.00 -5118.34 
557500.00 7687500.00 -5211.30 
562500.00 7687500.00 -6604.90 
567500.00 7687500.00 -6956.59 
572500.00 7687500.00 -7563.85 
577500.00 7687500.00 -7628.70 
402500.00 7692500.00 -3001.07 
407500.00 7692500.00 -3273.18 
412500.00 7692500.00 -3562.10 
417500.00 7692500.00 -3802.82 
422500.00 7692500.00 -4677.52 
427500.00 7692500.00 -5017.38 
432500.00 7692500.00 -4979.78 
437500.00 7692500.00 -5053.66 
442500.00 7692500.00 -5355.73 
447500.00 7692500.00 -5242.21 
452500.00 7692500.00 -5129.60 
457500.00 7692500.00 -5361.55 
462500.00 7692500.00 -4986.07 
467500.00 7692500.00 -4772.40 
472500.00 7692500.00 -5126.31 
477500.00 7692500.00 -5375.85 
482500.00 7692500.00 -6443.03 
487500.00 7692500.00 -5438.08 
492500.00 7692500.00 -6137.84 
497500.00 7692500.00 -6105.16 
502500.00 7692500.00 -7477.14 
507500.00 7692500.00 -5997.45 
512500.00 7692500.00 -4874.90 
517500.00 7692500.00 -3890.70 
522500.00 7692500.00 -4942.10 
527500.00 7692500.00 -5335.31 
532500.00 7692500.00 -5384.32 
537500.00 7692500.00 -7406.97 
542500.00 7692500.00 -7742.40 
547500.00 7692500.00 -6316.99 
552500.00 7692500.00 -5868.68 
557500.00 7692500.00 -6244.55 
562500.00 7692500.00 -6617.98 
567500.00 7692500.00 -6869.72 
572500.00 7692500.00 -7436.94 
577500.00 7692500.00 -7877.71 
402500.00 7697500.00 -2655.04 
407500.00 7697500.00 -3057.64 
412500.00 7697500.00 -3387.06 
417500.00 7697500.00 -3645.81 
422500.00 7697500.00 -4249.82 
427500.00 7697500.00 -4798.29 
432500.00 7697500.00 -4881.53 
437500.00 7697500.00 -4988.25 
442500.00 7697500.00 -5246.64 
447500.00 7697500.00 -5436.33 
452500.00 7697500.00 -5309.04 
457500.00 7697500.00 -5373.21 
462500.00 7697500.00 -5627.39 
467500.00 7697500.00 -5452.64 
472500.00 7697500.00 -5591.15 
477500.00 7697500.00 -5219.27 
482500.00 7697500.00 -6159.19 
487500.00 7697500.00 -5137.32 
492500.00 7697500.00 -5868.29 
497500.00 7697500.00 -6319.63 
502500.00 7697500.00 -6922.97 
507500.00 7697500.00 -7472.92 
512500.00 7697500.00 -6599.35 
517500.00 7697500.00 -4747.79 
522500.00 7697500.00 -4061.98 
527500.00 7697500.00 -4552.32 
532500.00 7697500.00 -5165.74 
537500.00 7697500.00 -6887.97 
542500.00 7697500.00 -7631.93 
547500.00 7697500.00 -6442.35 
552500.00 7697500.00 -5534.84 
557500.00 7697500.00 -6554.18 
562500.00 7697500.00 -6561.05 
567500.00 7697500.00 -6792.95 
572500.00 7697500.00 -7563.11 
577500.00 7697500.00 -7987.64 
402500.00 7702500.00 -2382.77 
407500.00 7702500.00 -2898.08 
412500.00 7702500.00 -3300.09 
417500.00 7702500.00 -3522.69 
422500.00 7702500.00 -4011.35 
427500.00 7702500.00 -4735.24 
432500.00 7702500.00 -5061.31 
437500.00 7702500.00 -5102.86 
442500.00 7702500.00 -5215.80 
447500.00 7702500.00 -5346.06 
452500.00 7702500.00 -5515.09 
457500.00 7702500.00 -5594.18 
462500.00 7702500.00 -5616.04 
467500.00 7702500.00 -5758.29 
472500.00 7702500.00 -5818.36 
477500.00 7702500.00 -5947.08 
482500.00 7702500.00 -6428.35 
487500.00 7702500.00 -5681.61 
492500.00 7702500.00 -5844.57 
497500.00 7702500.00 -6782.26 
502500.00 7702500.00 -6541.40 
507500.00 7702500.00 -7190.26 
512500.00 7702500.00 -5912.22 
517500.00 7702500.00 -4604.38 
522500.00 7702500.00 -4094.47 
527500.00 7702500.00 -5066.12 
532500.00 7702500.00 -7050.03 
537500.00 7702500.00 -7119.38 
542500.00 7702500.00 -7814.70 
547500.00 7702500.00 -7221.66 
552500.00 7702500.00 -4426.06 
557500.00 7702500.00 -5079.44 
562500.00 7702500.00 -6439.43 
567500.00 7702500.00 -6857.94 
572500.00 7702500.00 -7501.88 
577500.00 7702500.00 -7820.81 
402500.00 7707500.00 -1969.64 
407500.00 7707500.00 -2874.39 
412500.00 7707500.00 -3245.05 
417500.00 7707500.00 -3482.15 
422500.00 7707500.00 -3936.49 
427500.00 7707500.00 -4538.00 
432500.00 7707500.00 -5055.78 
437500.00 7707500.00 -5207.39 
442500.00 7707500.00 -5330.19 
447500.00 7707500.00 -5349.63 
452500.00 7707500.00 -5414.00 
457500.00 7707500.00 -5438.23 
462500.00 7707500.00 -4683.31 
467500.00 7707500.00 -5507.20 
472500.00 7707500.00 -5834.72 
477500.00 7707500.00 -6285.49 
482500.00 7707500.00 -6555.04 
487500.00 7707500.00 -5722.21 
492500.00 7707500.00 -6314.44 
497500.00 7707500.00 -6806.61 
502500.00 7707500.00 -6432.22 
507500.00 7707500.00 -5164.37 
512500.00 7707500.00 -5518.14 
517500.00 7707500.00 -5672.73 
522500.00 7707500.00 -5000.11 
527500.00 7707500.00 -5989.65 
532500.00 7707500.00 -6323.16 
537500.00 7707500.00 -6633.04 
542500.00 7707500.00 -7772.57 
547500.00 7707500.00 -7171.04 
552500.00 7707500.00 -4620.21 
557500.00 7707500.00 -4672.80 
562500.00 7707500.00 -6314.82 
567500.00 7707500.00 -6886.29 
572500.00 7707500.00 -7162.28 
577500.00 7707500.00 -7360.74 
402500.00 7712500.00 -1873.70 
407500.00 7712500.00 -2679.82 
412500.00 7712500.00 -3099.12 
417500.00 7712500.00 -3362.64 
422500.00 7712500.00 -3737.25 
427500.00 7712500.00 -4188.95 
432500.00 7712500.00 -5071.33 
437500.00 7712500.00 -5410.98 
442500.00 7712500.00 -5590.37 
447500.00 7712500.00 -5445.41 
452500.00 7712500.00 -5359.54 
457500.00 7712500.00 -5523.88 
462500.00 7712500.00 -5100.35 
467500.00 7712500.00 -5694.75 
472500.00 7712500.00 -5914.42 
477500.00 7712500.00 -5099.69 
482500.00 7712500.00 -6251.84 
487500.00 7712500.00 -6009.29 
492500.00 7712500.00 -6456.97 
497500.00 7712500.00 -6101.14 
502500.00 7712500.00 -7129.43 
507500.00 7712500.00 -6806.21 
512500.00 7712500.00 -6202.91 
517500.00 7712500.00 -7042.40 
522500.00 7712500.00 -6515.25 
527500.00 7712500.00 -7254.97 
532500.00 7712500.00 -7225.04 
537500.00 7712500.00 -6131.18 
542500.00 7712500.00 -7744.92 
547500.00 7712500.00 -7309.79 
552500.00 7712500.00 -4655.93 
557500.00 7712500.00 -4115.36 
562500.00 7712500.00 -6892.87 
567500.00 7712500.00 -7103.86 
572500.00 7712500.00 -7021.86 
577500.00 7712500.00 -7195.57 
402500.00 7717500.00 -1785.32 
407500.00 7717500.00 -2403.24 
412500.00 7717500.00 -2915.44 
417500.00 7717500.00 -3177.12 
422500.00 7717500.00 -3618.93 
427500.00 7717500.00 -4133.17 
432500.00 7717500.00 -5051.75 
437500.00 7717500.00 -5306.29 
442500.00 7717500.00 -5440.97 
447500.00 7717500.00 -5469.77 
452500.00 7717500.00 -5429.94 
457500.00 7717500.00 -5408.01 
462500.00 7717500.00 -5476.25 
467500.00 7717500.00 -5410.13 
472500.00 7717500.00 -6013.37 
477500.00 7717500.00 -5106.77 
482500.00 7717500.00 -6025.17 
487500.00 7717500.00 -6573.90 
492500.00 7717500.00 -5827.58 
497500.00 7717500.00 -6746.65 
502500.00 7717500.00 -7065.34 
507500.00 7717500.00 -7502.35 
512500.00 7717500.00 -5847.53 
517500.00 7717500.00 -6942.18 
522500.00 7717500.00 -5882.19 
527500.00 7717500.00 -6932.93 
532500.00 7717500.00 -8229.21 
537500.00 7717500.00 -6846.17 
542500.00 7717500.00 -6352.33 
547500.00 7717500.00 -7163.00 
552500.00 7717500.00 -4903.96 
557500.00 7717500.00 -4108.85 
562500.00 7717500.00 -7162.70 
567500.00 7717500.00 -7283.51 
572500.00 7717500.00 -7111.66 
577500.00 7717500.00 -7228.04 
402500.00 7722500.00 -1598.78 
407500.00 7722500.00 -2177.74 
412500.00 7722500.00 -2652.11 
417500.00 7722500.00 -3159.83 
422500.00 7722500.00 -3673.52 
427500.00 7722500.00 -4110.91 
432500.00 7722500.00 -4962.69 
437500.00 7722500.00 -4972.66 
442500.00 7722500.00 -5353.24 
447500.00 7722500.00 -5365.64 
452500.00 7722500.00 -5490.83 
457500.00 7722500.00 -5165.34 
462500.00 7722500.00 -5697.59 
467500.00 7722500.00 -5659.34 
472500.00 7722500.00 -6337.55 
477500.00 7722500.00 -4789.07 
482500.00 7722500.00 -6518.52 
487500.00 7722500.00 -7181.66 
492500.00 7722500.00 -6240.04 
497500.00 7722500.00 -7437.40 
502500.00 7722500.00 -7769.63 
507500.00 7722500.00 -8083.52 
512500.00 7722500.00 -7180.34 
517500.00 7722500.00 -8280.70 
522500.00 7722500.00 -7883.56 
527500.00 7722500.00 -6392.98 
532500.00 7722500.00 -8013.87 
537500.00 7722500.00 -8021.93 
542500.00 7722500.00 -5637.68 
547500.00 7722500.00 -4730.87 
552500.00 7722500.00 -5744.62 
557500.00 7722500.00 -6100.50 
562500.00 7722500.00 -7330.36 
567500.00 7722500.00 -7119.95 
572500.00 7722500.00 -7039.55 
577500.00 7722500.00 -7394.02 
402500.00 7727500.00 -1526.27 
407500.00 7727500.00 -1979.32 
412500.00 7727500.00 -2511.34 
417500.00 7727500.00 -2968.14 
422500.00 7727500.00 -3415.46 
427500.00 7727500.00 -4034.41 
432500.00 7727500.00 -5015.18 
437500.00 7727500.00 -5027.92 
442500.00 7727500.00 -5359.91 
447500.00 7727500.00 -5544.15 
452500.00 7727500.00 -5430.93 
457500.00 7727500.00 -5295.72 
462500.00 7727500.00 -5724.00 
467500.00 7727500.00 -5940.85 
472500.00 7727500.00 -6434.29 
477500.00 7727500.00 -5225.29 
482500.00 7727500.00 -6662.54 
487500.00 7727500.00 -7254.35 
492500.00 7727500.00 -6626.18 
497500.00 7727500.00 -7177.69 
502500.00 7727500.00 -8166.52 
507500.00 7727500.00 -7525.68 
512500.00 7727500.00 -7539.33 
517500.00 7727500.00 -8395.99 
522500.00 7727500.00 -6655.45 
527500.00 7727500.00 -6122.91 
532500.00 7727500.00 -7752.43 
537500.00 7727500.00 -8047.84 
542500.00 7727500.00 -5667.67 
547500.00 7727500.00 -4671.36 
552500.00 7727500.00 -7258.01 
557500.00 7727500.00 -7523.56 
562500.00 7727500.00 -7273.50 
567500.00 7727500.00 -6943.00 
572500.00 7727500.00 -6957.29 
577500.00 7727500.00 -7508.79 
402500.00 7732500.00 -1471.37 
407500.00 7732500.00 -1739.86 
412500.00 7732500.00 -2280.92 
417500.00 7732500.00 -2710.10 
422500.00 7732500.00 -3200.57 
427500.00 7732500.00 -3821.11 
432500.00 7732500.00 -4854.20 
437500.00 7732500.00 -5435.00 
442500.00 7732500.00 -5530.80 
447500.00 7732500.00 -5614.73 
452500.00 7732500.00 -5551.97 
457500.00 7732500.00 -5473.94 
462500.00 7732500.00 -5551.88 
467500.00 7732500.00 -6043.49 
472500.00 7732500.00 -5887.10 
477500.00 7732500.00 -5543.78 
482500.00 7732500.00 -6641.10 
487500.00 7732500.00 -6042.67 
492500.00 7732500.00 -6767.89 
497500.00 7732500.00 -7050.44 
502500.00 7732500.00 -6481.16 
507500.00 7732500.00 -6570.63 
512500.00 7732500.00 -8098.93 
517500.00 7732500.00 -5132.34 
522500.00 7732500.00 -6976.31 
527500.00 7732500.00 -6252.63 
532500.00 7732500.00 -7254.50 
537500.00 7732500.00 -8122.66 
542500.00 7732500.00 -8466.38 
547500.00 7732500.00 -7912.90 
552500.00 7732500.00 -7711.89 
557500.00 7732500.00 -7617.84 
562500.00 7732500.00 -7517.71 
567500.00 7732500.00 -7003.00 
572500.00 7732500.00 -7284.88 
577500.00 7732500.00 -7663.07 
402500.00 7737500.00 -1425.59 
407500.00 7737500.00 -1589.66 
412500.00 7737500.00 -2192.88 
417500.00 7737500.00 -2706.72 
422500.00 7737500.00 -3148.47 
427500.00 7737500.00 -3565.07 
432500.00 7737500.00 -4728.09 
437500.00 7737500.00 -5680.19 
442500.00 7737500.00 -5572.39 
447500.00 7737500.00 -5697.43 
452500.00 7737500.00 -5584.64 
457500.00 7737500.00 -5466.23 
462500.00 7737500.00 -5567.83 
467500.00 7737500.00 -6046.07 
472500.00 7737500.00 -5918.26 
477500.00 7737500.00 -5891.32 
482500.00 7737500.00 -6717.14 
487500.00 7737500.00 -5753.60 
492500.00 7737500.00 -6574.42 
497500.00 7737500.00 -6814.14 
502500.00 7737500.00 -6121.95 
507500.00 7737500.00 -7580.17 
512500.00 7737500.00 -7527.81 
517500.00 7737500.00 -5052.25 
522500.00 7737500.00 -6892.63 
527500.00 7737500.00 -6733.71 
532500.00 7737500.00 -7229.26 
537500.00 7737500.00 -7858.86 
542500.00 7737500.00 -7863.50 
547500.00 7737500.00 -7861.91 
552500.00 7737500.00 -7417.80 
557500.00 7737500.00 -7532.78 
562500.00 7737500.00 -7862.41 
567500.00 7737500.00 -7712.16 
572500.00 7737500.00 -8091.77 
577500.00 7737500.00 -8096.40 
402500.00 7742500.00 -1525.34 
407500.00 7742500.00 -1584.41 
412500.00 7742500.00 -2069.83 
417500.00 7742500.00 -2654.61 
422500.00 7742500.00 -3168.34 
427500.00 7742500.00 -3561.10 
432500.00 7742500.00 -4244.36 
437500.00 7742500.00 -5182.59 
442500.00 7742500.00 -5730.50 
447500.00 7742500.00 -5981.65 
452500.00 7742500.00 -5564.83 
457500.00 7742500.00 -5551.79 
462500.00 7742500.00 -5929.18 
467500.00 7742500.00 -6132.80 
472500.00 7742500.00 -6241.96 
477500.00 7742500.00 -6423.39 
482500.00 7742500.00 -6798.63 
487500.00 7742500.00 -6053.20 
492500.00 7742500.00 -6296.33 
497500.00 7742500.00 -6583.04 
502500.00 7742500.00 -6703.74 
507500.00 7742500.00 -7410.06 
512500.00 7742500.00 -7442.11 
517500.00 7742500.00 -6865.96 
522500.00 7742500.00 -6502.41 
527500.00 7742500.00 -6513.02 
532500.00 7742500.00 -7516.14 
537500.00 7742500.00 -8113.96 
542500.00 7742500.00 -8265.21 
547500.00 7742500.00 -7955.28 
552500.00 7742500.00 -7477.83 
557500.00 7742500.00 -7311.89 
562500.00 7742500.00 -7974.60 
567500.00 7742500.00 -8469.66 
572500.00 7742500.00 -9176.38 
577500.00 7742500.00 -9261.41 
402500.00 7747500.00 -1582.10 
407500.00 7747500.00 -1629.78 
412500.00 7747500.00 -1873.04 
417500.00 7747500.00 -2496.07 
422500.00 7747500.00 -3150.91 
427500.00 7747500.00 -3634.13 
432500.00 7747500.00 -4371.67 
437500.00 7747500.00 -5134.84 
442500.00 7747500.00 -5827.41 
447500.00 7747500.00 -5927.81 
452500.00 7747500.00 -5687.90 
457500.00 7747500.00 -5699.78 
462500.00 7747500.00 -6032.77 
467500.00 7747500.00 -6161.50 
472500.00 7747500.00 -6537.60 
477500.00 7747500.00 -6315.77 
482500.00 7747500.00 -6742.15 
487500.00 7747500.00 -6319.03 
492500.00 7747500.00 -5977.78 
497500.00 7747500.00 -6323.83 
502500.00 7747500.00 -6981.11 
507500.00 7747500.00 -7462.94 
512500.00 7747500.00 -7789.57 
517500.00 7747500.00 -7276.36 
522500.00 7747500.00 -7902.06 
527500.00 7747500.00 -7050.41 
532500.00 7747500.00 -6360.92 
537500.00 7747500.00 -5943.40 
542500.00 7747500.00 -8406.60 
547500.00 7747500.00 -7346.59 
552500.00 7747500.00 -7494.63 
557500.00 7747500.00 -7237.12 
562500.00 7747500.00 -7787.12 
567500.00 7747500.00 -8205.29 
572500.00 7747500.00 -9384.88 
577500.00 7747500.00 -9490.40 
402500.00 7752500.00 -1496.60 
407500.00 7752500.00 -1553.38 
412500.00 7752500.00 -1725.55 
417500.00 7752500.00 -2461.70 
422500.00 7752500.00 -3011.22 
427500.00 7752500.00 -3642.66 
432500.00 7752500.00 -4535.80 
437500.00 7752500.00 -5224.74 
442500.00 7752500.00 -5878.26 
447500.00 7752500.00 -5997.00 
452500.00 7752500.00 -5883.54 
457500.00 7752500.00 -5727.72 
462500.00 7752500.00 -5870.54 
467500.00 7752500.00 -6091.91 
472500.00 7752500.00 -6584.54 
477500.00 7752500.00 -5448.97 
482500.00 7752500.00 -6828.95 
487500.00 7752500.00 -7016.95 
492500.00 7752500.00 -5497.93 
497500.00 7752500.00 -6094.98 
502500.00 7752500.00 -6578.35 
507500.00 7752500.00 -7447.46 
512500.00 7752500.00 -7992.66 
517500.00 7752500.00 -7953.97 
522500.00 7752500.00 -7831.14 
527500.00 7752500.00 -8186.11 
532500.00 7752500.00 -8061.86 
537500.00 7752500.00 -7019.35 
542500.00 7752500.00 -8150.96 
547500.00 7752500.00 -7798.45 
552500.00 7752500.00 -8517.39 
557500.00 7752500.00 -8017.42 
562500.00 7752500.00 -8167.30 
567500.00 7752500.00 -8600.99 
572500.00 7752500.00 -9340.33 
577500.00 7752500.00 -7713.10 
402500.00 7757500.00 -1377.72 
407500.00 7757500.00 -1542.57 
412500.00 7757500.00 -1644.13 
417500.00 7757500.00 -2214.88 
422500.00 7757500.00 -2909.33 
427500.00 7757500.00 -3618.53 
432500.00 7757500.00 -4521.81 
437500.00 7757500.00 -5095.59 
442500.00 7757500.00 -5570.48 
447500.00 7757500.00 -6131.90 
452500.00 7757500.00 -5956.27 
457500.00 7757500.00 -5818.07 
462500.00 7757500.00 -6038.70 
467500.00 7757500.00 -6234.54 
472500.00 7757500.00 -6477.88 
477500.00 7757500.00 -5985.11 
482500.00 7757500.00 -6972.24 
487500.00 7757500.00 -6969.73 
492500.00 7757500.00 -6440.72 
497500.00 7757500.00 -6725.89 
502500.00 7757500.00 -6145.79 
507500.00 7757500.00 -7145.09 
512500.00 7757500.00 -7005.93 
517500.00 7757500.00 -7338.53 
522500.00 7757500.00 -7985.43 
527500.00 7757500.00 -8389.99 
532500.00 7757500.00 -8191.00 
537500.00 7757500.00 -7681.09 
542500.00 7757500.00 -5051.40 
547500.00 7757500.00 -5596.08 
552500.00 7757500.00 -8699.23 
557500.00 7757500.00 -7973.94 
562500.00 7757500.00 -8481.40 
567500.00 7757500.00 -9085.51 
572500.00 7757500.00 -9092.49 
577500.00 7757500.00 -9211.77 
402500.00 7762500.00 -1265.75 
407500.00 7762500.00 -1385.31 
412500.00 7762500.00 -1627.58 
417500.00 7762500.00 -2417.85 
422500.00 7762500.00 -2951.99 
427500.00 7762500.00 -3592.97 
432500.00 7762500.00 -4484.19 
437500.00 7762500.00 -4926.39 
442500.00 7762500.00 -5306.19 
447500.00 7762500.00 -5804.46 
452500.00 7762500.00 -5927.17 
457500.00 7762500.00 -6080.28 
462500.00 7762500.00 -6272.91 
467500.00 7762500.00 -6265.98 
472500.00 7762500.00 -6586.76 
477500.00 7762500.00 -5870.94 
482500.00 7762500.00 -6788.43 
487500.00 7762500.00 -6894.10 
492500.00 7762500.00 -6928.18 
497500.00 7762500.00 -6954.44 
502500.00 7762500.00 -5925.93 
507500.00 7762500.00 -6499.83 
512500.00 7762500.00 -7229.05 
517500.00 7762500.00 -7497.62 
522500.00 7762500.00 -7732.85 
527500.00 7762500.00 -7879.66 
532500.00 7762500.00 -7496.65 
537500.00 7762500.00 -7427.00 
542500.00 7762500.00 -7874.67 
547500.00 7762500.00 -8126.36 
552500.00 7762500.00 -8697.87 
557500.00 7762500.00 -8025.61 
562500.00 7762500.00 -7965.49 
567500.00 7762500.00 -8538.42 
572500.00 7762500.00 -8935.90 
577500.00 7762500.00 -9122.00 
402500.00 7767500.00 -1298.65 
407500.00 7767500.00 -1434.89 
412500.00 7767500.00 -1609.10 
417500.00 7767500.00 -2433.83 
422500.00 7767500.00 -2969.18 
427500.00 7767500.00 -3504.79 
432500.00 7767500.00 -4473.77 
437500.00 7767500.00 -4915.07 
442500.00 7767500.00 -5337.57 
447500.00 7767500.00 -5701.03 
452500.00 7767500.00 -5958.87 
457500.00 7767500.00 -6297.94 
462500.00 7767500.00 -6207.31 
467500.00 7767500.00 -6312.17 
472500.00 7767500.00 -6460.01 
477500.00 7767500.00 -6043.13 
482500.00 7767500.00 -6623.30 
487500.00 7767500.00 -6678.73 
492500.00 7767500.00 -6583.12 
497500.00 7767500.00 -6603.29 
502500.00 7767500.00 -7536.54 
507500.00 7767500.00 -7336.41 
512500.00 7767500.00 -7141.09 
517500.00 7767500.00 -7150.71 
522500.00 7767500.00 -8051.02 
527500.00 7767500.00 -8053.90 
532500.00 7767500.00 -7723.57 
537500.00 7767500.00 -7631.19 
542500.00 7767500.00 -8433.60 
547500.00 7767500.00 -8476.15 
552500.00 7767500.00 -8340.17 
557500.00 7767500.00 -8361.59 
562500.00 7767500.00 -8125.92 
567500.00 7767500.00 -8732.45 
572500.00 7767500.00 -9216.27 
577500.00 7767500.00 -9384.54 
402500.00 7772500.00 -1233.87 
407500.00 7772500.00 -1470.49 
412500.00 7772500.00 -1785.99 
417500.00 7772500.00 -2487.64 
422500.00 7772500.00 -3182.92 
427500.00 7772500.00 -3561.29 
432500.00 7772500.00 -4292.57 
437500.00 7772500.00 -4884.88 
442500.00 7772500.00 -5193.11 
447500.00 7772500.00 -5505.34 
452500.00 7772500.00 -5929.56 
457500.00 7772500.00 -6175.45 
462500.00 7772500.00 -6131.05 
467500.00 7772500.00 -6344.93 
472500.00 7772500.00 -6356.05 
477500.00 7772500.00 -6669.17 
482500.00 7772500.00 -6402.74 
487500.00 7772500.00 -6222.22 
492500.00 7772500.00 -7386.62 
497500.00 7772500.00 -7603.18 
502500.00 7772500.00 -7771.67 
507500.00 7772500.00 -7789.63 
512500.00 7772500.00 -7812.31 
517500.00 7772500.00 -7118.92 
522500.00 7772500.00 -7570.53 
527500.00 7772500.00 -7577.27 
532500.00 7772500.00 -8029.86 
537500.00 7772500.00 -8438.05 
542500.00 7772500.00 -9235.85 
547500.00 7772500.00 -9243.02 
552500.00 7772500.00 -9664.51 
557500.00 7772500.00 -9264.87 
562500.00 7772500.00 -9185.98 
567500.00 7772500.00 -9180.83 
572500.00 7772500.00 -9108.86 
577500.00 7772500.00 -9334.97 
402500.00 7777500.00 -1211.55 
407500.00 7777500.00 -1486.70 
412500.00 7777500.00 -1890.64 
417500.00 7777500.00 -2400.52 
422500.00 7777500.00 -3221.06 
427500.00 7777500.00 -3640.88 
432500.00 7777500.00 -4261.23 
437500.00 7777500.00 -4635.74 
442500.00 7777500.00 -4990.25 
447500.00 7777500.00 -5357.49 
452500.00 7777500.00 -5892.41 
457500.00 7777500.00 -6251.75 
462500.00 7777500.00 -6180.75 
467500.00 7777500.00 -6040.77 
472500.00 7777500.00 -6430.66 
477500.00 7777500.00 -6663.88 
482500.00 7777500.00 -6332.20 
487500.00 7777500.00 -6210.86 
492500.00 7777500.00 -7563.05 
497500.00 7777500.00 -7870.53 
502500.00 7777500.00 -7474.95 
507500.00 7777500.00 -7684.25 
512500.00 7777500.00 -7939.67 
517500.00 7777500.00 -7497.75 
522500.00 7777500.00 -7993.25 
527500.00 7777500.00 -8006.75 
532500.00 7777500.00 -9109.75 
537500.00 7777500.00 -9902.91 
542500.00 7777500.00 -9143.42 
547500.00 7777500.00 -8777.93 
552500.00 7777500.00 -9506.37 
557500.00 7777500.00 -9340.27 
562500.00 7777500.00 -9650.19 
567500.00 7777500.00 -9839.53 
572500.00 7777500.00 -9194.50 
577500.00 7777500.00 -9049.45 
402500.00 7782500.00 -1292.16 
407500.00 7782500.00 -1574.08 
412500.00 7782500.00 -1988.91 
417500.00 7782500.00 -2438.57 
422500.00 7782500.00 -3268.59 
427500.00 7782500.00 -3789.71 
432500.00 7782500.00 -4328.10 
437500.00 7782500.00 -4480.09 
442500.00 7782500.00 -4674.66 
447500.00 7782500.00 -5091.74 
452500.00 7782500.00 -5695.15 
457500.00 7782500.00 -6138.80 
462500.00 7782500.00 -6196.92 
467500.00 7782500.00 -6042.36 
472500.00 7782500.00 -6511.96 
477500.00 7782500.00 -6379.63 
482500.00 7782500.00 -5985.40 
487500.00 7782500.00 -7456.86 
492500.00 7782500.00 -7893.36 
497500.00 7782500.00 -7727.65 
502500.00 7782500.00 -6671.01 
507500.00 7782500.00 -7754.65 
512500.00 7782500.00 -8140.88 
517500.00 7782500.00 -8140.22 
522500.00 7782500.00 -7749.77 
527500.00 7782500.00 -8292.39 
532500.00 7782500.00 -9895.38 
537500.00 7782500.00 -9495.10 
542500.00 7782500.00 -8067.54 
547500.00 7782500.00 -7512.48 
552500.00 7782500.00 -9424.43 
557500.00 7782500.00 -9553.16 
562500.00 7782500.00 -9343.29 
567500.00 7782500.00 -9529.35 
572500.00 7782500.00 -9425.33 
577500.00 7782500.00 -9291.15 
402500.00 7787500.00 -1428.84 
407500.00 7787500.00 -1653.22 
412500.00 7787500.00 -2113.16 
417500.00 7787500.00 -2408.62 
422500.00 7787500.00 -3073.68 
427500.00 7787500.00 -3686.51 
432500.00 7787500.00 -4269.68 
437500.00 7787500.00 -4586.69 
442500.00 7787500.00 -4629.08 
447500.00 7787500.00 -4993.58 
452500.00 7787500.00 -5828.18 
457500.00 7787500.00 -6276.69 
462500.00 7787500.00 -6387.79 
467500.00 7787500.00 -6161.88 
472500.00 7787500.00 -6655.90 
477500.00 7787500.00 -7017.37 
482500.00 7787500.00 -6668.67 
487500.00 7787500.00 -7417.68 
492500.00 7787500.00 -8268.31 
497500.00 7787500.00 -7293.20 
502500.00 7787500.00 -5726.81 
507500.00 7787500.00 -7879.52 
512500.00 7787500.00 -8269.64 
517500.00 7787500.00 -8424.33 
522500.00 7787500.00 -5921.75 
527500.00 7787500.00 -8104.73 
532500.00 7787500.00 -10326.92 
537500.00 7787500.00 -9013.29 
542500.00 7787500.00 -8364.76 
547500.00 7787500.00 -8200.00 
552500.00 7787500.00 -9070.91 
557500.00 7787500.00 -9265.29 
562500.00 7787500.00 -9185.75 
567500.00 7787500.00 -9175.20 
572500.00 7787500.00 -9352.79 
577500.00 7787500.00 -9362.32 
402500.00 7792500.00 -1510.96 
407500.00 7792500.00 -1652.17 
412500.00 7792500.00 -2046.37 
417500.00 7792500.00 -2415.01 
422500.00 7792500.00 -2999.84 
427500.00 7792500.00 -3580.13 
432500.00 7792500.00 -4246.60 
437500.00 7792500.00 -4682.97 
442500.00 7792500.00 -4994.92 
447500.00 7792500.00 -5034.05 
452500.00 7792500.00 -5643.53 
457500.00 7792500.00 -6046.49 
462500.00 7792500.00 -6159.57 
467500.00 7792500.00 -6473.00 
472500.00 7792500.00 -6408.40 
477500.00 7792500.00 -6665.73 
482500.00 7792500.00 -6962.31 
487500.00 7792500.00 -7246.09 
492500.00 7792500.00 -6856.78 
497500.00 7792500.00 -7348.21 
502500.00 7792500.00 -7966.50 
507500.00 7792500.00 -8224.73 
512500.00 7792500.00 -8370.90 
517500.00 7792500.00 -8271.81 
522500.00 7792500.00 -7338.67 
527500.00 7792500.00 -8370.96 
532500.00 7792500.00 -9146.94 
537500.00 7792500.00 -8730.37 
542500.00 7792500.00 -8864.00 
547500.00 7792500.00 -8904.14 
552500.00 7792500.00 -8973.98 
557500.00 7792500.00 -9048.31 
562500.00 7792500.00 -9262.17 
567500.00 7792500.00 -9205.56 
572500.00 7792500.00 -9291.46 
577500.00 7792500.00 -9333.97 
402500.00 7797500.00 -1450.41 
407500.00 7797500.00 -1554.54 
412500.00 7797500.00 -1994.74 
417500.00 7797500.00 -2419.60 
422500.00 7797500.00 -2809.69 
427500.00 7797500.00 -3252.33 
432500.00 7797500.00 -4435.80 
437500.00 7797500.00 -4914.65 
442500.00 7797500.00 -5211.19 
447500.00 7797500.00 -5229.13 
452500.00 7797500.00 -5648.78 
457500.00 7797500.00 -6012.96 
462500.00 7797500.00 -6297.51 
467500.00 7797500.00 -6585.27 
472500.00 7797500.00 -6281.63 
477500.00 7797500.00 -6837.81 
482500.00 7797500.00 -7212.90 
487500.00 7797500.00 -7610.71 
492500.00 7797500.00 -6485.69 
497500.00 7797500.00 -6717.69 
502500.00 7797500.00 -7480.87 
507500.00 7797500.00 -7508.02 
512500.00 7797500.00 -7991.94 
517500.00 7797500.00 -8030.57 
522500.00 7797500.00 -8070.82 
527500.00 7797500.00 -8175.40 
532500.00 7797500.00 -8529.15 
537500.00 7797500.00 -8661.91 
542500.00 7797500.00 -8757.24 
547500.00 7797500.00 -8824.77 
552500.00 7797500.00 -9017.95 
557500.00 7797500.00 -9067.42 
562500.00 7797500.00 -9183.09 
567500.00 7797500.00 -9144.20 
572500.00 7797500.00 -9251.39 
577500.00 7797500.00 -9297.47 
402500.00 7802500.00 -1379.55 
407500.00 7802500.00 -1440.58 
412500.00 7802500.00 -1897.39 
417500.00 7802500.00 -2346.36 
422500.00 7802500.00 -3022.40 
427500.00 7802500.00 -3445.63 
432500.00 7802500.00 -4322.76 
437500.00 7802500.00 -4937.26 
442500.00 7802500.00 -5273.82 
447500.00 7802500.00 -5542.12 
452500.00 7802500.00 -5796.38 
457500.00 7802500.00 -5988.54 
462500.00 7802500.00 -6429.00 
467500.00 7802500.00 -6565.53 
472500.00 7802500.00 -6772.24 
477500.00 7802500.00 -6258.78 
482500.00 7802500.00 -5762.86 
487500.00 7802500.00 -7087.23 
492500.00 7802500.00 -6474.06 
497500.00 7802500.00 -4768.60 
502500.00 7802500.00 -6653.09 
507500.00 7802500.00 -7024.11 
512500.00 7802500.00 -7506.61 
517500.00 7802500.00 -7844.36 
522500.00 7802500.00 -8103.85 
527500.00 7802500.00 -8191.33 
532500.00 7802500.00 -8350.63 
537500.00 7802500.00 -8407.03 
542500.00 7802500.00 -8625.63 
547500.00 7802500.00 -8752.36 
552500.00 7802500.00 -8912.20 
557500.00 7802500.00 -8915.35 
562500.00 7802500.00 -8958.72 
567500.00 7802500.00 -8849.69 
572500.00 7802500.00 -8923.43 
577500.00 7802500.00 -8923.68 
