# Petrel Points with attributes
# Unit in X and Y direction: m
# Unit in depth: m
VERSION 1
BEGIN HEADER
X
Y
Z
END HEADER
402500.00 7652500.00 -4440.17 
407500.00 7652500.00 -4927.26 
412500.00 7652500.00 -5094.44 
417500.00 7652500.00 -5005.09 
422500.00 7652500.00 -5053.81 
427500.00 7652500.00 -4962.41 
432500.00 7652500.00 -4982.06 
437500.00 7652500.00 -5569.43 
442500.00 7652500.00 -5272.05 
447500.00 7652500.00 -5595.27 
452500.00 7652500.00 -5596.32 
457500.00 7652500.00 -5505.89 
462500.00 7652500.00 -5705.53 
467500.00 7652500.00 -4344.21 
472500.00 7652500.00 -3279.58 
477500.00 7652500.00 -4258.11 
482500.00 7652500.00 -5176.32 
487500.00 7652500.00 -6168.00 
492500.00 7652500.00 -6168.99 
497500.00 7652500.00 -4695.23 
502500.00 7652500.00 -5459.32 
507500.00 7652500.00 -4201.91 
512500.00 7652500.00 -4337.04 
517500.00 7652500.00 -5824.73 
522500.00 7652500.00 -6802.41 
527500.00 7652500.00 -6753.11 
532500.00 7652500.00 -6942.02 
537500.00 7652500.00 -5576.11 
542500.00 7652500.00 -4372.68 
547500.00 7652500.00 -3874.49 
552500.00 7652500.00 -5549.91 
557500.00 7652500.00 -6884.44 
562500.00 7652500.00 -6822.93 
567500.00 7652500.00 -6575.50 
572500.00 7652500.00 -6422.85 
577500.00 7652500.00 -6260.75 
402500.00 7657500.00 -4422.96 
407500.00 7657500.00 -4701.13 
412500.00 7657500.00 -5322.19 
417500.00 7657500.00 -5204.37 
422500.00 7657500.00 -4998.79 
427500.00 7657500.00 -4933.72 
432500.00 7657500.00 -5062.95 
437500.00 7657500.00 -5237.62 
442500.00 7657500.00 -5309.56 
447500.00 7657500.00 -5541.29 
452500.00 7657500.00 -4974.49 
457500.00 7657500.00 -4794.50 
462500.00 7657500.00 -4816.79 
467500.00 7657500.00 -4721.34 
472500.00 7657500.00 -3294.17 
477500.00 7657500.00 -4187.66 
482500.00 7657500.00 -6389.29 
487500.00 7657500.00 -5344.40 
492500.00 7657500.00 -4373.37 
497500.00 7657500.00 -4104.51 
502500.00 7657500.00 -5045.90 
507500.00 7657500.00 -3840.66 
512500.00 7657500.00 -3599.49 
517500.00 7657500.00 -5349.62 
522500.00 7657500.00 -6836.97 
527500.00 7657500.00 -6699.46 
532500.00 7657500.00 -6066.44 
537500.00 7657500.00 -5805.46 
542500.00 7657500.00 -4665.11 
547500.00 7657500.00 -4493.96 
552500.00 7657500.00 -5794.76 
557500.00 7657500.00 -7198.35 
562500.00 7657500.00 -7226.18 
567500.00 7657500.00 -7021.76 
572500.00 7657500.00 -6811.95 
577500.00 7657500.00 -6784.58 
402500.00 7662500.00 -4524.33 
407500.00 7662500.00 -4520.04 
412500.00 7662500.00 -5102.88 
417500.00 7662500.00 -5187.06 
422500.00 7662500.00 -5001.44 
427500.00 7662500.00 -5024.23 
432500.00 7662500.00 -5058.21 
437500.00 7662500.00 -5071.32 
442500.00 7662500.00 -5269.29 
447500.00 7662500.00 -4588.36 
452500.00 7662500.00 -4457.26 
457500.00 7662500.00 -5570.12 
462500.00 7662500.00 -5100.68 
467500.00 7662500.00 -4806.14 
472500.00 7662500.00 -4086.03 
477500.00 7662500.00 -4443.43 
482500.00 7662500.00 -5774.48 
487500.00 7662500.00 -4186.44 
492500.00 7662500.00 -5082.05 
497500.00 7662500.00 -4906.80 
502500.00 7662500.00 -6952.40 
507500.00 7662500.00 -4972.56 
512500.00 7662500.00 -3613.68 
517500.00 7662500.00 -4589.59 
522500.00 7662500.00 -7240.53 
527500.00 7662500.00 -5772.63 
532500.00 7662500.00 -6861.94 
537500.00 7662500.00 -5322.53 
542500.00 7662500.00 -4420.54 
547500.00 7662500.00 -4856.45 
552500.00 7662500.00 -4903.23 
557500.00 7662500.00 -6949.04 
562500.00 7662500.00 -7685.02 
567500.00 7662500.00 -7378.67 
572500.00 7662500.00 -7139.85 
577500.00 7662500.00 -7301.93 
402500.00 7667500.00 -4249.22 
407500.00 7667500.00 -4470.65 
412500.00 7667500.00 -4851.44 
417500.00 7667500.00 -5097.85 
422500.00 7667500.00 -5205.89 
427500.00 7667500.00 -5062.13 
432500.00 7667500.00 -4571.73 
437500.00 7667500.00 -4977.14 
442500.00 7667500.00 -5337.83 
447500.00 7667500.00 -4714.44 
452500.00 7667500.00 -4908.25 
457500.00 7667500.00 -6015.32 
462500.00 7667500.00 -5436.67 
467500.00 7667500.00 -5323.30 
472500.00 7667500.00 -6142.25 
477500.00 7667500.00 -4619.64 
482500.00 7667500.00 -5820.37 
487500.00 7667500.00 -5201.69 
492500.00 7667500.00 -5254.06 
497500.00 7667500.00 -5385.81 
502500.00 7667500.00 -8059.78 
507500.00 7667500.00 -5950.97 
512500.00 7667500.00 -3919.03 
517500.00 7667500.00 -4510.98 
522500.00 7667500.00 -6287.52 
527500.00 7667500.00 -5384.77 
532500.00 7667500.00 -7624.90 
537500.00 7667500.00 -7365.78 
542500.00 7667500.00 -5306.57 
547500.00 7667500.00 -5304.86 
552500.00 7667500.00 -5367.33 
557500.00 7667500.00 -6527.35 
562500.00 7667500.00 -7393.31 
567500.00 7667500.00 -7227.11 
572500.00 7667500.00 -6904.69 
577500.00 7667500.00 -6931.05 
402500.00 7672500.00 -3677.41 
407500.00 7672500.00 -3863.57 
412500.00 7672500.00 -4508.32 
417500.00 7672500.00 -5094.28 
422500.00 7672500.00 -5141.78 
427500.00 7672500.00 -5101.51 
432500.00 7672500.00 -5129.54 
437500.00 7672500.00 -5305.13 
442500.00 7672500.00 -5304.86 
447500.00 7672500.00 -4616.24 
452500.00 7672500.00 -5168.84 
457500.00 7672500.00 -5831.98 
462500.00 7672500.00 -5811.50 
467500.00 7672500.00 -4913.77 
472500.00 7672500.00 -6125.65 
477500.00 7672500.00 -5503.61 
482500.00 7672500.00 -5745.13 
487500.00 7672500.00 -6596.89 
492500.00 7672500.00 -5148.88 
497500.00 7672500.00 -6310.53 
502500.00 7672500.00 -7224.83 
507500.00 7672500.00 -5174.93 
512500.00 7672500.00 -4183.80 
517500.00 7672500.00 -5055.16 
522500.00 7672500.00 -5550.50 
527500.00 7672500.00 -5412.84 
532500.00 7672500.00 -7551.45 
537500.00 7672500.00 -7654.21 
542500.00 7672500.00 -5404.40 
547500.00 7672500.00 -4963.90 
552500.00 7672500.00 -5798.56 
557500.00 7672500.00 -6211.96 
562500.00 7672500.00 -6648.81 
567500.00 7672500.00 -6555.31 
572500.00 7672500.00 -6607.37 
577500.00 7672500.00 -6748.64 
402500.00 7677500.00 -3488.78 
407500.00 7677500.00 -3690.22 
412500.00 7677500.00 -4211.00 
417500.00 7677500.00 -4872.24 
422500.00 7677500.00 -5109.52 
427500.00 7677500.00 -5123.64 
432500.00 7677500.00 -5061.40 
437500.00 7677500.00 -5102.36 
442500.00 7677500.00 -5270.79 
447500.00 7677500.00 -5165.35 
452500.00 7677500.00 -5618.62 
457500.00 7677500.00 -5879.40 
462500.00 7677500.00 -5860.12 
467500.00 7677500.00 -4741.01 
472500.00 7677500.00 -6062.45 
477500.00 7677500.00 -5687.95 
482500.00 7677500.00 -5000.96 
487500.00 7677500.00 -6606.69 
492500.00 7677500.00 -4991.05 
497500.00 7677500.00 -7161.53 
502500.00 7677500.00 -5555.25 
507500.00 7677500.00 -4308.10 
512500.00 7677500.00 -4009.94 
517500.00 7677500.00 -4470.51 
522500.00 7677500.00 -6384.95 
527500.00 7677500.00 -6510.78 
532500.00 7677500.00 -7846.19 
537500.00 7677500.00 -7811.13 
542500.00 7677500.00 -6139.69 
547500.00 7677500.00 -5247.94 
552500.00 7677500.00 -5558.78 
557500.00 7677500.00 -6446.02 
562500.00 7677500.00 -7033.58 
567500.00 7677500.00 -6829.69 
572500.00 7677500.00 -6624.88 
577500.00 7677500.00 -7200.47 
402500.00 7682500.00 -3334.34 
407500.00 7682500.00 -3561.87 
412500.00 7682500.00 -3934.32 
417500.00 7682500.00 -4456.17 
422500.00 7682500.00 -4891.50 
427500.00 7682500.00 -4989.70 
432500.00 7682500.00 -4970.22 
437500.00 7682500.00 -4977.81 
442500.00 7682500.00 -5342.54 
447500.00 7682500.00 -5681.10 
452500.00 7682500.00 -5338.19 
457500.00 7682500.00 -5158.78 
462500.00 7682500.00 -5685.33 
467500.00 7682500.00 -4757.48 
472500.00 7682500.00 -5525.14 
477500.00 7682500.00 -5770.64 
482500.00 7682500.00 -4820.04 
487500.00 7682500.00 -6368.84 
492500.00 7682500.00 -5150.80 
497500.00 7682500.00 -7011.85 
502500.00 7682500.00 -6390.54 
507500.00 7682500.00 -7294.26 
512500.00 7682500.00 -5473.02 
517500.00 7682500.00 -5684.69 
522500.00 7682500.00 -6403.51 
527500.00 7682500.00 -5500.29 
532500.00 7682500.00 -7515.97 
537500.00 7682500.00 -8004.09 
542500.00 7682500.00 -7029.86 
547500.00 7682500.00 -6190.15 
552500.00 7682500.00 -7300.19 
557500.00 7682500.00 -7045.97 
562500.00 7682500.00 -6958.14 
567500.00 7682500.00 -6879.12 
572500.00 7682500.00 -7050.64 
577500.00 7682500.00 -7457.78 
402500.00 7687500.00 -3170.86 
407500.00 7687500.00 -3382.77 
412500.00 7687500.00 -3736.13 
417500.00 7687500.00 -4133.94 
422500.00 7687500.00 -4714.62 
427500.00 7687500.00 -4922.85 
432500.00 7687500.00 -5002.23 
437500.00 7687500.00 -5061.26 
442500.00 7687500.00 -5212.02 
447500.00 7687500.00 -5247.59 
452500.00 7687500.00 -5335.78 
457500.00 7687500.00 -5290.95 
462500.00 7687500.00 -5328.31 
467500.00 7687500.00 -4653.78 
472500.00 7687500.00 -5597.36 
477500.00 7687500.00 -5732.73 
482500.00 7687500.00 -5909.34 
487500.00 7687500.00 -6202.77 
492500.00 7687500.00 -6224.32 
497500.00 7687500.00 -5940.11 
502500.00 7687500.00 -7528.29 
507500.00 7687500.00 -7288.86 
512500.00 7687500.00 -6208.47 
517500.00 7687500.00 -5230.82 
522500.00 7687500.00 -6475.09 
527500.00 7687500.00 -5708.82 
532500.00 7687500.00 -6676.34 
537500.00 7687500.00 -7887.19 
542500.00 7687500.00 -7470.05 
547500.00 7687500.00 -5669.27 
552500.00 7687500.00 -4986.03 
557500.00 7687500.00 -5082.53 
562500.00 7687500.00 -6489.13 
567500.00 7687500.00 -6847.39 
572500.00 7687500.00 -7460.87 
577500.00 7687500.00 -7528.16 
402500.00 7692500.00 -2845.04 
407500.00 7692500.00 -3114.83 
412500.00 7692500.00 -3404.07 
417500.00 7692500.00 -3655.71 
422500.00 7692500.00 -4552.27 
427500.00 7692500.00 -4892.46 
432500.00 7692500.00 -4836.89 
437500.00 7692500.00 -4894.61 
442500.00 7692500.00 -5204.37 
447500.00 7692500.00 -5106.19 
452500.00 7692500.00 -4985.25 
457500.00 7692500.00 -5200.52 
462500.00 7692500.00 -4831.82 
467500.00 7692500.00 -4615.48 
472500.00 7692500.00 -4935.22 
477500.00 7692500.00 -5174.85 
482500.00 7692500.00 -6278.88 
487500.00 7692500.00 -5313.50 
492500.00 7692500.00 -6031.36 
497500.00 7692500.00 -5982.69 
502500.00 7692500.00 -7343.66 
507500.00 7692500.00 -5923.40 
512500.00 7692500.00 -4767.22 
517500.00 7692500.00 -3810.09 
522500.00 7692500.00 -4891.99 
527500.00 7692500.00 -5242.02 
532500.00 7692500.00 -5289.56 
537500.00 7692500.00 -7299.25 
542500.00 7692500.00 -7626.77 
547500.00 7692500.00 -6195.09 
552500.00 7692500.00 -5740.15 
557500.00 7692500.00 -6120.96 
562500.00 7692500.00 -6500.73 
567500.00 7692500.00 -6758.70 
572500.00 7692500.00 -7332.15 
577500.00 7692500.00 -7774.78 
402500.00 7697500.00 -2471.32 
407500.00 7697500.00 -2889.49 
412500.00 7697500.00 -3233.15 
417500.00 7697500.00 -3497.09 
422500.00 7697500.00 -4110.54 
427500.00 7697500.00 -4666.47 
432500.00 7697500.00 -4742.58 
437500.00 7697500.00 -4834.78 
442500.00 7697500.00 -5094.61 
447500.00 7697500.00 -5299.62 
452500.00 7697500.00 -5166.87 
457500.00 7697500.00 -5206.51 
462500.00 7697500.00 -5457.58 
467500.00 7697500.00 -5297.87 
472500.00 7697500.00 -5433.92 
477500.00 7697500.00 -5064.81 
482500.00 7697500.00 -6027.92 
487500.00 7697500.00 -5026.42 
492500.00 7697500.00 -5790.52 
497500.00 7697500.00 -6244.93 
502500.00 7697500.00 -6829.49 
507500.00 7697500.00 -7363.99 
512500.00 7697500.00 -6508.76 
517500.00 7697500.00 -4677.43 
522500.00 7697500.00 -4021.20 
527500.00 7697500.00 -4476.31 
532500.00 7697500.00 -5068.04 
537500.00 7697500.00 -6787.22 
542500.00 7697500.00 -7516.02 
547500.00 7697500.00 -6324.87 
552500.00 7697500.00 -5410.09 
557500.00 7697500.00 -6430.46 
562500.00 7697500.00 -6442.18 
567500.00 7697500.00 -6680.20 
572500.00 7697500.00 -7456.88 
577500.00 7697500.00 -7883.80 
402500.00 7702500.00 -2200.50 
407500.00 7702500.00 -2736.50 
412500.00 7702500.00 -3159.30 
417500.00 7702500.00 -3386.58 
422500.00 7702500.00 -3881.23 
427500.00 7702500.00 -4616.47 
432500.00 7702500.00 -4941.77 
437500.00 7702500.00 -4970.71 
442500.00 7702500.00 -5075.26 
447500.00 7702500.00 -5199.68 
452500.00 7702500.00 -5356.27 
457500.00 7702500.00 -5398.41 
462500.00 7702500.00 -5407.67 
467500.00 7702500.00 -5599.40 
472500.00 7702500.00 -5675.98 
477500.00 7702500.00 -5806.24 
482500.00 7702500.00 -6304.52 
487500.00 7702500.00 -5584.06 
492500.00 7702500.00 -5776.48 
497500.00 7702500.00 -6729.68 
502500.00 7702500.00 -6495.49 
507500.00 7702500.00 -7129.36 
512500.00 7702500.00 -5821.20 
517500.00 7702500.00 -4531.40 
522500.00 7702500.00 -4035.92 
527500.00 7702500.00 -5036.60 
532500.00 7702500.00 -6961.97 
537500.00 7702500.00 -7024.63 
542500.00 7702500.00 -7710.06 
547500.00 7702500.00 -7108.10 
552500.00 7702500.00 -4299.41 
557500.00 7702500.00 -4950.85 
562500.00 7702500.00 -6317.31 
567500.00 7702500.00 -6744.06 
572500.00 7702500.00 -7394.04 
577500.00 7702500.00 -7715.01 
402500.00 7707500.00 -1825.87 
407500.00 7707500.00 -2738.03 
412500.00 7707500.00 -3122.44 
417500.00 7707500.00 -3360.38 
422500.00 7707500.00 -3819.45 
427500.00 7707500.00 -4432.70 
432500.00 7707500.00 -4956.09 
437500.00 7707500.00 -5100.03 
442500.00 7707500.00 -5207.25 
447500.00 7707500.00 -5202.30 
452500.00 7707500.00 -5253.90 
457500.00 7707500.00 -5253.30 
462500.00 7707500.00 -4478.97 
467500.00 7707500.00 -5337.00 
472500.00 7707500.00 -5701.05 
477500.00 7707500.00 -6160.22 
482500.00 7707500.00 -6457.41 
487500.00 7707500.00 -5661.56 
492500.00 7707500.00 -6243.92 
497500.00 7707500.00 -6752.86 
502500.00 7707500.00 -6404.15 
507500.00 7707500.00 -5127.97 
512500.00 7707500.00 -5449.00 
517500.00 7707500.00 -5586.70 
522500.00 7707500.00 -4928.53 
527500.00 7707500.00 -5919.99 
532500.00 7707500.00 -6259.63 
537500.00 7707500.00 -6539.07 
542500.00 7707500.00 -7681.29 
547500.00 7707500.00 -7074.68 
552500.00 7707500.00 -4502.34 
557500.00 7707500.00 -4542.95 
562500.00 7707500.00 -6193.53 
567500.00 7707500.00 -6770.98 
572500.00 7707500.00 -7052.83 
577500.00 7707500.00 -7254.09 
402500.00 7712500.00 -1754.23 
407500.00 7712500.00 -2560.12 
412500.00 7712500.00 -2979.69 
417500.00 7712500.00 -3246.76 
422500.00 7712500.00 -3626.12 
427500.00 7712500.00 -4088.31 
432500.00 7712500.00 -4981.65 
437500.00 7712500.00 -5314.48 
442500.00 7712500.00 -5471.23 
447500.00 7712500.00 -5304.76 
452500.00 7712500.00 -5207.74 
457500.00 7712500.00 -5364.54 
462500.00 7712500.00 -4927.76 
467500.00 7712500.00 -5528.00 
472500.00 7712500.00 -5786.06 
477500.00 7712500.00 -4987.16 
482500.00 7712500.00 -6166.29 
487500.00 7712500.00 -5942.00 
492500.00 7712500.00 -6367.39 
497500.00 7712500.00 -6033.22 
502500.00 7712500.00 -7101.00 
507500.00 7712500.00 -6796.39 
512500.00 7712500.00 -6179.46 
517500.00 7712500.00 -6970.11 
522500.00 7712500.00 -6417.61 
527500.00 7712500.00 -7129.43 
532500.00 7712500.00 -7166.72 
537500.00 7712500.00 -6040.71 
542500.00 7712500.00 -7655.68 
547500.00 7712500.00 -7219.43 
552500.00 7712500.00 -4542.59 
557500.00 7712500.00 -3981.34 
562500.00 7712500.00 -6772.52 
567500.00 7712500.00 -6987.91 
572500.00 7712500.00 -6911.35 
577500.00 7712500.00 -7086.21 
402500.00 7717500.00 -1663.75 
407500.00 7717500.00 -2279.06 
412500.00 7717500.00 -2791.67 
417500.00 7717500.00 -3056.57 
422500.00 7717500.00 -3503.48 
427500.00 7717500.00 -4026.47 
432500.00 7717500.00 -4955.33 
437500.00 7717500.00 -5202.96 
442500.00 7717500.00 -5318.08 
447500.00 7717500.00 -5327.21 
452500.00 7717500.00 -5284.78 
457500.00 7717500.00 -5259.36 
462500.00 7717500.00 -5299.12 
467500.00 7717500.00 -5232.88 
472500.00 7717500.00 -5885.38 
477500.00 7717500.00 -5002.31 
482500.00 7717500.00 -5948.45 
487500.00 7717500.00 -6472.88 
492500.00 7717500.00 -5714.38 
497500.00 7717500.00 -6661.13 
502500.00 7717500.00 -7023.68 
507500.00 7717500.00 -7500.30 
512500.00 7717500.00 -5836.99 
517500.00 7717500.00 -6889.44 
522500.00 7717500.00 -5784.01 
527500.00 7717500.00 -6834.91 
532500.00 7717500.00 -8170.96 
537500.00 7717500.00 -6758.15 
542500.00 7717500.00 -6262.16 
547500.00 7717500.00 -7073.40 
552500.00 7717500.00 -4793.64 
557500.00 7717500.00 -3978.44 
562500.00 7717500.00 -7042.39 
567500.00 7717500.00 -7167.41 
572500.00 7717500.00 -7001.17 
577500.00 7717500.00 -7120.36 
402500.00 7722500.00 -1470.18 
407500.00 7722500.00 -2048.78 
412500.00 7722500.00 -2518.29 
417500.00 7722500.00 -3026.03 
422500.00 7722500.00 -3547.16 
427500.00 7722500.00 -3991.86 
432500.00 7722500.00 -4851.67 
437500.00 7722500.00 -4861.47 
442500.00 7722500.00 -5235.59 
447500.00 7722500.00 -5230.99 
452500.00 7722500.00 -5334.74 
457500.00 7722500.00 -5004.85 
462500.00 7722500.00 -5530.43 
467500.00 7722500.00 -5487.26 
472500.00 7722500.00 -6206.03 
477500.00 7722500.00 -4688.72 
482500.00 7722500.00 -6446.70 
487500.00 7722500.00 -7077.62 
492500.00 7722500.00 -6125.78 
497500.00 7722500.00 -7351.06 
502500.00 7722500.00 -7724.36 
507500.00 7722500.00 -8067.72 
512500.00 7722500.00 -7169.27 
517500.00 7722500.00 -8251.49 
522500.00 7722500.00 -7807.76 
527500.00 7722500.00 -6297.97 
532500.00 7722500.00 -7962.93 
537500.00 7722500.00 -7933.11 
542500.00 7722500.00 -5543.68 
547500.00 7722500.00 -4632.87 
552500.00 7722500.00 -5637.73 
557500.00 7722500.00 -5981.30 
562500.00 7722500.00 -7209.92 
567500.00 7722500.00 -7003.96 
572500.00 7722500.00 -6929.39 
577500.00 7722500.00 -7285.46 
402500.00 7727500.00 -1345.56 
407500.00 7727500.00 -1828.77 
412500.00 7727500.00 -2362.55 
417500.00 7727500.00 -2812.73 
422500.00 7727500.00 -3274.04 
427500.00 7727500.00 -3902.89 
432500.00 7727500.00 -4885.21 
437500.00 7727500.00 -4900.31 
442500.00 7727500.00 -5238.11 
447500.00 7727500.00 -5411.13 
452500.00 7727500.00 -5268.88 
457500.00 7727500.00 -5123.97 
462500.00 7727500.00 -5551.90 
467500.00 7727500.00 -5768.57 
472500.00 7727500.00 -6294.97 
477500.00 7727500.00 -5106.31 
482500.00 7727500.00 -6578.86 
487500.00 7727500.00 -7175.28 
492500.00 7727500.00 -6552.00 
497500.00 7727500.00 -7104.86 
502500.00 7727500.00 -8124.98 
507500.00 7727500.00 -7493.80 
512500.00 7727500.00 -7516.92 
517500.00 7727500.00 -8375.50 
522500.00 7727500.00 -6587.70 
527500.00 7727500.00 -6073.55 
532500.00 7727500.00 -7698.73 
537500.00 7727500.00 -7955.96 
542500.00 7727500.00 -5566.95 
547500.00 7727500.00 -4564.66 
552500.00 7727500.00 -7149.03 
557500.00 7727500.00 -7404.79 
562500.00 7727500.00 -7153.44 
567500.00 7727500.00 -6827.86 
572500.00 7727500.00 -6848.55 
577500.00 7727500.00 -7403.80 
402500.00 7732500.00 -1224.50 
407500.00 7732500.00 -1568.72 
412500.00 7732500.00 -2128.00 
417500.00 7732500.00 -2550.59 
422500.00 7732500.00 -3057.70 
427500.00 7732500.00 -3688.05 
432500.00 7732500.00 -4721.01 
437500.00 7732500.00 -5303.79 
442500.00 7732500.00 -5401.93 
447500.00 7732500.00 -5480.69 
452500.00 7732500.00 -5393.00 
457500.00 7732500.00 -5281.21 
462500.00 7732500.00 -5356.28 
467500.00 7732500.00 -5871.37 
472500.00 7732500.00 -5736.19 
477500.00 7732500.00 -5401.82 
482500.00 7732500.00 -6511.94 
487500.00 7732500.00 -5955.72 
492500.00 7732500.00 -6730.64 
497500.00 7732500.00 -6989.67 
502500.00 7732500.00 -6447.50 
507500.00 7732500.00 -6530.95 
512500.00 7732500.00 -8066.89 
517500.00 7732500.00 -5103.48 
522500.00 7732500.00 -6906.35 
527500.00 7732500.00 -6249.90 
532500.00 7732500.00 -7200.73 
537500.00 7732500.00 -8029.69 
542500.00 7732500.00 -8367.52 
547500.00 7732500.00 -7811.68 
552500.00 7732500.00 -7600.37 
557500.00 7732500.00 -7498.78 
562500.00 7732500.00 -7399.49 
567500.00 7732500.00 -6890.10 
572500.00 7732500.00 -7179.68 
577500.00 7732500.00 -7561.62 
402500.00 7737500.00 -1230.21 
407500.00 7737500.00 -1449.40 
412500.00 7737500.00 -2061.43 
417500.00 7737500.00 -2562.89 
422500.00 7737500.00 -3011.69 
427500.00 7737500.00 -3430.79 
432500.00 7737500.00 -4596.52 
437500.00 7737500.00 -5547.95 
442500.00 7737500.00 -5436.75 
447500.00 7737500.00 -5560.08 
452500.00 7737500.00 -5434.72 
457500.00 7737500.00 -5285.80 
462500.00 7737500.00 -5378.51 
467500.00 7737500.00 -5887.86 
472500.00 7737500.00 -5773.73 
477500.00 7737500.00 -5746.06 
482500.00 7737500.00 -6583.34 
487500.00 7737500.00 -5665.46 
492500.00 7737500.00 -6512.92 
497500.00 7737500.00 -6758.84 
502500.00 7737500.00 -6091.94 
507500.00 7737500.00 -7541.76 
512500.00 7737500.00 -7484.28 
517500.00 7737500.00 -4999.09 
522500.00 7737500.00 -6807.32 
527500.00 7737500.00 -6698.68 
532500.00 7737500.00 -7155.66 
537500.00 7737500.00 -7767.46 
542500.00 7737500.00 -7771.30 
547500.00 7737500.00 -7765.88 
552500.00 7737500.00 -7307.07 
557500.00 7737500.00 -7415.06 
562500.00 7737500.00 -7746.56 
567500.00 7737500.00 -7603.78 
572500.00 7737500.00 -7993.25 
577500.00 7737500.00 -8002.77 
402500.00 7742500.00 -1410.80 
407500.00 7742500.00 -1479.21 
412500.00 7742500.00 -1961.00 
417500.00 7742500.00 -2526.83 
422500.00 7742500.00 -3034.72 
427500.00 7742500.00 -3417.09 
432500.00 7742500.00 -4098.71 
437500.00 7742500.00 -5043.28 
442500.00 7742500.00 -5591.57 
447500.00 7742500.00 -5843.60 
452500.00 7742500.00 -5424.24 
457500.00 7742500.00 -5394.37 
462500.00 7742500.00 -5771.35 
467500.00 7742500.00 -5987.69 
472500.00 7742500.00 -6102.95 
477500.00 7742500.00 -6284.41 
482500.00 7742500.00 -6673.97 
487500.00 7742500.00 -6002.80 
492500.00 7742500.00 -6253.33 
497500.00 7742500.00 -6517.47 
502500.00 7742500.00 -6649.49 
507500.00 7742500.00 -7361.34 
512500.00 7742500.00 -7394.09 
517500.00 7742500.00 -6801.75 
522500.00 7742500.00 -6400.15 
527500.00 7742500.00 -6445.07 
532500.00 7742500.00 -7446.66 
537500.00 7742500.00 -8023.71 
542500.00 7742500.00 -8176.51 
547500.00 7742500.00 -7862.29 
552500.00 7742500.00 -7368.18 
557500.00 7742500.00 -7195.29 
562500.00 7742500.00 -7862.23 
567500.00 7742500.00 -8368.74 
572500.00 7742500.00 -9088.53 
577500.00 7742500.00 -9179.93 
402500.00 7747500.00 -1488.14 
407500.00 7747500.00 -1535.00 
412500.00 7747500.00 -1769.65 
417500.00 7747500.00 -2372.56 
422500.00 7747500.00 -3014.61 
427500.00 7747500.00 -3485.29 
432500.00 7747500.00 -4225.42 
437500.00 7747500.00 -5000.01 
442500.00 7747500.00 -5694.26 
447500.00 7747500.00 -5793.67 
452500.00 7747500.00 -5558.08 
457500.00 7747500.00 -5564.03 
462500.00 7747500.00 -5896.70 
467500.00 7747500.00 -6031.66 
472500.00 7747500.00 -6413.68 
477500.00 7747500.00 -6191.58 
482500.00 7747500.00 -6627.44 
487500.00 7747500.00 -6274.50 
492500.00 7747500.00 -5949.39 
497500.00 7747500.00 -6256.03 
502500.00 7747500.00 -6916.67 
507500.00 7747500.00 -7425.60 
512500.00 7747500.00 -7761.08 
517500.00 7747500.00 -7224.02 
522500.00 7747500.00 -7801.82 
527500.00 7747500.00 -6972.48 
532500.00 7747500.00 -6290.49 
537500.00 7747500.00 -5851.82 
542500.00 7747500.00 -8312.09 
547500.00 7747500.00 -7244.01 
552500.00 7747500.00 -7383.79 
557500.00 7747500.00 -7120.99 
562500.00 7747500.00 -7679.27 
567500.00 7747500.00 -8114.05 
572500.00 7747500.00 -9308.68 
577500.00 7747500.00 -9423.54 
402500.00 7752500.00 -1395.04 
407500.00 7752500.00 -1453.43 
412500.00 7752500.00 -1614.16 
417500.00 7752500.00 -2326.39 
422500.00 7752500.00 -2862.57 
427500.00 7752500.00 -3497.61 
432500.00 7752500.00 -4405.13 
437500.00 7752500.00 -5105.44 
442500.00 7752500.00 -5758.57 
447500.00 7752500.00 -5866.46 
452500.00 7752500.00 -5749.57 
457500.00 7752500.00 -5596.45 
462500.00 7752500.00 -5739.37 
467500.00 7752500.00 -5963.46 
472500.00 7752500.00 -6468.10 
477500.00 7752500.00 -5336.28 
482500.00 7752500.00 -6728.61 
487500.00 7752500.00 -6956.86 
492500.00 7752500.00 -5455.58 
497500.00 7752500.00 -6032.18 
502500.00 7752500.00 -6525.70 
507500.00 7752500.00 -7426.16 
512500.00 7752500.00 -7966.84 
517500.00 7752500.00 -7885.96 
522500.00 7752500.00 -7715.73 
527500.00 7752500.00 -8131.78 
532500.00 7752500.00 -7981.56 
537500.00 7752500.00 -6926.56 
542500.00 7752500.00 -8040.67 
547500.00 7752500.00 -7684.92 
552500.00 7752500.00 -8402.73 
557500.00 7752500.00 -7901.56 
562500.00 7752500.00 -8065.98 
567500.00 7752500.00 -8520.73 
572500.00 7752500.00 -9275.28 
577500.00 7752500.00 -7638.26 
402500.00 7757500.00 -1260.73 
407500.00 7757500.00 -1435.24 
412500.00 7757500.00 -1527.23 
417500.00 7757500.00 -2066.10 
422500.00 7757500.00 -2746.08 
427500.00 7757500.00 -3468.08 
432500.00 7757500.00 -4393.11 
437500.00 7757500.00 -4979.96 
442500.00 7757500.00 -5460.87 
447500.00 7757500.00 -6017.41 
452500.00 7757500.00 -5838.24 
457500.00 7757500.00 -5700.21 
462500.00 7757500.00 -5914.70 
467500.00 7757500.00 -6109.27 
472500.00 7757500.00 -6366.20 
477500.00 7757500.00 -5880.84 
482500.00 7757500.00 -6885.63 
487500.00 7757500.00 -6898.41 
492500.00 7757500.00 -6380.11 
497500.00 7757500.00 -6652.51 
502500.00 7757500.00 -6081.17 
507500.00 7757500.00 -7102.53 
512500.00 7757500.00 -6943.23 
517500.00 7757500.00 -7230.06 
522500.00 7757500.00 -7893.75 
527500.00 7757500.00 -8341.58 
532500.00 7757500.00 -8101.76 
537500.00 7757500.00 -7585.04 
542500.00 7757500.00 -4931.66 
547500.00 7757500.00 -5479.03 
552500.00 7757500.00 -8583.87 
557500.00 7757500.00 -7861.70 
562500.00 7757500.00 -8386.16 
567500.00 7757500.00 -9014.77 
572500.00 7757500.00 -9033.00 
577500.00 7757500.00 -9057.38 
402500.00 7762500.00 -1131.55 
407500.00 7762500.00 -1268.54 
412500.00 7762500.00 -1513.92 
417500.00 7762500.00 -2283.32 
422500.00 7762500.00 -2794.05 
427500.00 7762500.00 -3433.95 
432500.00 7762500.00 -4348.85 
437500.00 7762500.00 -4809.46 
442500.00 7762500.00 -5195.47 
447500.00 7762500.00 -5693.16 
452500.00 7762500.00 -5813.96 
457500.00 7762500.00 -5967.26 
462500.00 7762500.00 -6154.77 
467500.00 7762500.00 -6147.07 
472500.00 7762500.00 -6478.65 
477500.00 7762500.00 -5770.40 
482500.00 7762500.00 -6702.41 
487500.00 7762500.00 -6811.68 
492500.00 7762500.00 -6844.57 
497500.00 7762500.00 -6858.89 
502500.00 7762500.00 -5828.83 
507500.00 7762500.00 -6410.30 
512500.00 7762500.00 -7146.33 
517500.00 7762500.00 -7467.81 
522500.00 7762500.00 -7677.58 
527500.00 7762500.00 -7790.03 
532500.00 7762500.00 -7406.36 
537500.00 7762500.00 -7332.30 
542500.00 7762500.00 -7759.83 
547500.00 7762500.00 -8012.17 
552500.00 7762500.00 -8583.40 
557500.00 7762500.00 -7916.14 
562500.00 7762500.00 -7872.91 
567500.00 7762500.00 -8468.57 
572500.00 7762500.00 -8877.65 
577500.00 7762500.00 -8991.10 
402500.00 7767500.00 -1148.05 
407500.00 7767500.00 -1310.55 
412500.00 7767500.00 -1499.37 
417500.00 7767500.00 -2314.95 
422500.00 7767500.00 -2828.44 
427500.00 7767500.00 -3367.07 
432500.00 7767500.00 -4338.76 
437500.00 7767500.00 -4797.29 
442500.00 7767500.00 -5222.39 
447500.00 7767500.00 -5587.17 
452500.00 7767500.00 -5843.12 
457500.00 7767500.00 -6180.96 
462500.00 7767500.00 -6089.63 
467500.00 7767500.00 -6195.15 
472500.00 7767500.00 -6349.23 
477500.00 7767500.00 -5940.89 
482500.00 7767500.00 -6537.88 
487500.00 7767500.00 -6595.44 
492500.00 7767500.00 -6483.14 
497500.00 7767500.00 -6490.11 
502500.00 7767500.00 -7433.53 
507500.00 7767500.00 -7272.36 
512500.00 7767500.00 -7102.78 
517500.00 7767500.00 -7077.51 
522500.00 7767500.00 -7961.99 
527500.00 7767500.00 -7965.10 
532500.00 7767500.00 -7636.04 
537500.00 7767500.00 -7541.70 
542500.00 7767500.00 -8325.53 
547500.00 7767500.00 -8362.71 
552500.00 7767500.00 -8227.38 
557500.00 7767500.00 -8255.07 
562500.00 7767500.00 -8035.22 
567500.00 7767500.00 -8660.33 
572500.00 7767500.00 -9160.62 
577500.00 7767500.00 -9333.70 
402500.00 7772500.00 -1051.82 
407500.00 7772500.00 -1332.07 
412500.00 7772500.00 -1675.03 
417500.00 7772500.00 -2374.20 
422500.00 7772500.00 -3062.12 
427500.00 7772500.00 -3444.85 
432500.00 7772500.00 -4169.66 
437500.00 7772500.00 -4768.88 
442500.00 7772500.00 -5076.01 
447500.00 7772500.00 -5388.63 
452500.00 7772500.00 -5808.74 
457500.00 7772500.00 -6052.28 
462500.00 7772500.00 -6011.92 
467500.00 7772500.00 -6230.47 
472500.00 7772500.00 -6240.48 
477500.00 7772500.00 -6556.57 
482500.00 7772500.00 -6309.28 
487500.00 7772500.00 -6134.74 
492500.00 7772500.00 -7285.85 
497500.00 7772500.00 -7512.81 
502500.00 7772500.00 -7736.10 
507500.00 7772500.00 -7721.71 
512500.00 7772500.00 -7724.29 
517500.00 7772500.00 -7031.50 
522500.00 7772500.00 -7484.00 
527500.00 7772500.00 -7490.91 
532500.00 7772500.00 -7943.22 
537500.00 7772500.00 -8349.31 
542500.00 7772500.00 -9132.04 
547500.00 7772500.00 -9132.05 
552500.00 7772500.00 -9556.63 
557500.00 7772500.00 -9165.24 
562500.00 7772500.00 -9101.83 
567500.00 7772500.00 -9112.33 
572500.00 7772500.00 -9057.69 
577500.00 7772500.00 -9307.12 
402500.00 7777500.00 -1012.07 
407500.00 7777500.00 -1341.32 
412500.00 7777500.00 -1780.93 
417500.00 7777500.00 -2289.29 
422500.00 7777500.00 -3101.67 
427500.00 7777500.00 -3530.50 
432500.00 7777500.00 -4150.84 
437500.00 7777500.00 -4517.31 
442500.00 7777500.00 -4873.17 
447500.00 7777500.00 -5241.76 
452500.00 7777500.00 -5772.14 
457500.00 7777500.00 -6129.79 
462500.00 7777500.00 -6063.44 
467500.00 7777500.00 -5925.95 
472500.00 7777500.00 -6306.34 
477500.00 7777500.00 -6536.48 
482500.00 7777500.00 -6221.64 
487500.00 7777500.00 -6111.33 
492500.00 7777500.00 -7464.71 
497500.00 7777500.00 -7800.71 
502500.00 7777500.00 -7387.99 
507500.00 7777500.00 -7593.22 
512500.00 7777500.00 -7851.59 
517500.00 7777500.00 -7411.51 
522500.00 7777500.00 -7907.30 
527500.00 7777500.00 -7920.69 
532500.00 7777500.00 -9023.07 
537500.00 7777500.00 -9810.17 
542500.00 7777500.00 -9034.82 
547500.00 7777500.00 -8672.34 
552500.00 7777500.00 -9408.40 
557500.00 7777500.00 -9253.68 
562500.00 7777500.00 -9577.59 
567500.00 7777500.00 -9782.45 
572500.00 7777500.00 -9151.37 
577500.00 7777500.00 -9005.40 
402500.00 7782500.00 -1117.73 
407500.00 7782500.00 -1439.76 
412500.00 7782500.00 -1882.76 
417500.00 7782500.00 -2328.47 
422500.00 7782500.00 -3149.22 
427500.00 7782500.00 -3673.53 
432500.00 7782500.00 -4216.82 
437500.00 7782500.00 -4360.70 
442500.00 7782500.00 -4558.06 
447500.00 7782500.00 -4977.58 
452500.00 7782500.00 -5577.16 
457500.00 7782500.00 -6022.53 
462500.00 7782500.00 -6082.34 
467500.00 7782500.00 -5921.14 
472500.00 7782500.00 -6380.21 
477500.00 7782500.00 -6252.44 
482500.00 7782500.00 -5875.02 
487500.00 7782500.00 -7350.60 
492500.00 7782500.00 -7787.02 
497500.00 7782500.00 -7623.89 
502500.00 7782500.00 -6574.27 
507500.00 7782500.00 -7667.25 
512500.00 7782500.00 -8054.75 
517500.00 7782500.00 -8054.36 
522500.00 7782500.00 -7663.76 
527500.00 7782500.00 -8205.04 
532500.00 7782500.00 -9803.85 
537500.00 7782500.00 -9394.28 
542500.00 7782500.00 -7963.36 
547500.00 7782500.00 -7420.92 
552500.00 7782500.00 -9343.70 
557500.00 7782500.00 -9483.88 
562500.00 7782500.00 -9288.46 
567500.00 7782500.00 -9491.89 
572500.00 7782500.00 -9407.83 
577500.00 7782500.00 -9231.70 
402500.00 7787500.00 -1285.48 
407500.00 7787500.00 -1527.44 
412500.00 7787500.00 -2004.13 
417500.00 7787500.00 -2298.61 
422500.00 7787500.00 -2953.39 
427500.00 7787500.00 -3552.43 
432500.00 7787500.00 -4147.40 
437500.00 7787500.00 -4468.94 
442500.00 7787500.00 -4513.46 
447500.00 7787500.00 -4876.91 
452500.00 7787500.00 -5709.04 
457500.00 7787500.00 -6161.11 
462500.00 7787500.00 -6274.48 
467500.00 7787500.00 -6036.37 
472500.00 7787500.00 -6521.73 
477500.00 7787500.00 -6900.22 
482500.00 7787500.00 -6563.69 
487500.00 7787500.00 -7311.72 
492500.00 7787500.00 -8155.01 
497500.00 7787500.00 -7174.45 
502500.00 7787500.00 -5622.66 
507500.00 7787500.00 -7792.71 
512500.00 7787500.00 -8182.70 
517500.00 7787500.00 -8333.37 
522500.00 7787500.00 -5823.58 
527500.00 7787500.00 -8001.52 
532500.00 7787500.00 -10218.84 
537500.00 7787500.00 -8908.00 
542500.00 7787500.00 -8278.76 
547500.00 7787500.00 -8123.09 
552500.00 7787500.00 -9007.16 
557500.00 7787500.00 -9214.17 
562500.00 7787500.00 -9150.90 
567500.00 7787500.00 -9175.20 
572500.00 7787500.00 -9325.37 
577500.00 7787500.00 -9288.66 
402500.00 7792500.00 -1382.58 
407500.00 7792500.00 -1525.58 
412500.00 7792500.00 -1932.40 
417500.00 7792500.00 -2305.13 
422500.00 7792500.00 -2882.22 
427500.00 7792500.00 -3426.89 
432500.00 7792500.00 -4105.76 
437500.00 7792500.00 -4573.52 
442500.00 7792500.00 -4885.43 
447500.00 7792500.00 -4916.98 
452500.00 7792500.00 -5520.12 
457500.00 7792500.00 -5925.30 
462500.00 7792500.00 -6043.77 
467500.00 7792500.00 -6352.80 
472500.00 7792500.00 -6277.97 
477500.00 7792500.00 -6542.86 
482500.00 7792500.00 -6851.37 
487500.00 7792500.00 -7138.43 
492500.00 7792500.00 -6737.06 
497500.00 7792500.00 -7228.57 
502500.00 7792500.00 -7862.30 
507500.00 7792500.00 -8137.56 
512500.00 7792500.00 -8276.14 
517500.00 7792500.00 -8161.24 
522500.00 7792500.00 -7224.50 
527500.00 7792500.00 -8258.05 
532500.00 7792500.00 -9038.51 
537500.00 7792500.00 -8638.10 
542500.00 7792500.00 -8790.57 
547500.00 7792500.00 -8844.50 
552500.00 7792500.00 -8926.67 
557500.00 7792500.00 -9012.35 
562500.00 7792500.00 -9249.14 
567500.00 7792500.00 -9200.01 
572500.00 7792500.00 -9255.38 
577500.00 7792500.00 -9265.44 
402500.00 7797500.00 -1323.33 
407500.00 7797500.00 -1421.12 
412500.00 7797500.00 -1876.11 
417500.00 7797500.00 -2310.19 
422500.00 7797500.00 -2696.31 
427500.00 7797500.00 -3121.14 
432500.00 7797500.00 -4331.68 
437500.00 7797500.00 -4819.96 
442500.00 7797500.00 -5111.31 
447500.00 7797500.00 -5118.37 
452500.00 7797500.00 -5526.96 
457500.00 7797500.00 -5890.05 
462500.00 7797500.00 -6180.53 
467500.00 7797500.00 -6470.08 
472500.00 7797500.00 -6159.92 
477500.00 7797500.00 -6709.41 
482500.00 7797500.00 -7092.87 
487500.00 7797500.00 -7497.32 
492500.00 7797500.00 -6369.48 
497500.00 7797500.00 -6605.85 
502500.00 7797500.00 -7384.41 
507500.00 7797500.00 -7419.62 
512500.00 7797500.00 -7885.59 
517500.00 7797500.00 -7916.05 
522500.00 7797500.00 -7957.36 
527500.00 7797500.00 -8063.12 
532500.00 7797500.00 -8425.23 
537500.00 7797500.00 -8577.42 
542500.00 7797500.00 -8698.79 
547500.00 7797500.00 -8774.33 
552500.00 7797500.00 -8944.01 
557500.00 7797500.00 -9011.21 
562500.00 7797500.00 -9162.27 
567500.00 7797500.00 -9140.57 
572500.00 7797500.00 -9229.87 
577500.00 7797500.00 -9250.68 
402500.00 7802500.00 -1245.79 
407500.00 7802500.00 -1293.89 
412500.00 7802500.00 -1771.48 
417500.00 7802500.00 -2235.23 
422500.00 7802500.00 -2909.59 
427500.00 7802500.00 -3344.91 
432500.00 7802500.00 -4246.20 
437500.00 7802500.00 -4852.00 
442500.00 7802500.00 -5182.85 
447500.00 7802500.00 -5445.10 
452500.00 7802500.00 -5684.75 
457500.00 7802500.00 -5871.86 
462500.00 7802500.00 -6312.51 
467500.00 7802500.00 -6448.14 
472500.00 7802500.00 -6650.81 
477500.00 7802500.00 -6136.00 
482500.00 7802500.00 -5645.82 
487500.00 7802500.00 -6975.58 
492500.00 7802500.00 -6369.06 
497500.00 7802500.00 -4671.29 
502500.00 7802500.00 -6564.66 
507500.00 7802500.00 -6934.35 
512500.00 7802500.00 -7396.35 
517500.00 7802500.00 -7730.79 
522500.00 7802500.00 -7990.47 
527500.00 7802500.00 -8079.47 
532500.00 7802500.00 -8251.34 
537500.00 7802500.00 -8334.12 
542500.00 7802500.00 -8581.64 
547500.00 7802500.00 -8695.10 
552500.00 7802500.00 -8806.71 
557500.00 7802500.00 -8851.22 
562500.00 7802500.00 -8958.20 
567500.00 7802500.00 -8849.69 
572500.00 7802500.00 -8923.43 
577500.00 7802500.00 -8888.74 
