# Petrel Points with attributes
# Unit in X and Y direction: m
# Unit in depth: m
VERSION 1
BEGIN HEADER
X
Y
Z
END HEADER
402500.00 7652500.00 -4295.43 
407500.00 7652500.00 -4792.47 
412500.00 7652500.00 -4941.27 
417500.00 7652500.00 -4799.38 
422500.00 7652500.00 -4806.55 
427500.00 7652500.00 -4718.12 
432500.00 7652500.00 -4761.38 
437500.00 7652500.00 -5351.29 
442500.00 7652500.00 -5034.39 
447500.00 7652500.00 -5359.41 
452500.00 7652500.00 -5369.64 
457500.00 7652500.00 -5285.66 
462500.00 7652500.00 -5499.44 
467500.00 7652500.00 -4172.73 
472500.00 7652500.00 -3092.24 
477500.00 7652500.00 -4004.89 
482500.00 7652500.00 -4877.60 
487500.00 7652500.00 -5910.69 
492500.00 7652500.00 -5965.04 
497500.00 7652500.00 -4499.85 
502500.00 7652500.00 -5291.51 
507500.00 7652500.00 -4052.96 
512500.00 7652500.00 -4180.63 
517500.00 7652500.00 -5653.85 
522500.00 7652500.00 -6709.30 
527500.00 7652500.00 -6694.26 
532500.00 7652500.00 -6868.64 
537500.00 7652500.00 -5438.96 
542500.00 7652500.00 -4210.81 
547500.00 7652500.00 -3720.69 
552500.00 7652500.00 -5439.96 
557500.00 7652500.00 -6791.92 
562500.00 7652500.00 -6736.27 
567500.00 7652500.00 -6496.80 
572500.00 7652500.00 -6352.17 
577500.00 7652500.00 -6191.49 
402500.00 7657500.00 -4270.59 
407500.00 7657500.00 -4561.59 
412500.00 7657500.00 -5175.29 
417500.00 7657500.00 -5016.22 
422500.00 7657500.00 -4769.06 
427500.00 7657500.00 -4687.36 
432500.00 7657500.00 -4832.27 
437500.00 7657500.00 -5013.99 
442500.00 7657500.00 -5073.38 
447500.00 7657500.00 -5327.20 
452500.00 7657500.00 -4771.45 
457500.00 7657500.00 -4575.33 
462500.00 7657500.00 -4596.61 
467500.00 7657500.00 -4548.35 
472500.00 7657500.00 -3129.70 
477500.00 7657500.00 -3989.55 
482500.00 7657500.00 -6158.97 
487500.00 7657500.00 -5118.89 
492500.00 7657500.00 -4169.51 
497500.00 7657500.00 -3912.60 
502500.00 7657500.00 -4888.85 
507500.00 7657500.00 -3698.17 
512500.00 7657500.00 -3454.84 
517500.00 7657500.00 -5166.03 
522500.00 7657500.00 -6723.23 
527500.00 7657500.00 -6636.04 
532500.00 7657500.00 -5997.25 
537500.00 7657500.00 -5671.91 
542500.00 7657500.00 -4506.71 
547500.00 7657500.00 -4350.15 
552500.00 7657500.00 -5685.64 
557500.00 7657500.00 -7106.92 
562500.00 7657500.00 -7143.79 
567500.00 7657500.00 -6946.60 
572500.00 7657500.00 -6742.49 
577500.00 7657500.00 -6717.23 
402500.00 7662500.00 -4368.45 
407500.00 7662500.00 -4371.77 
412500.00 7662500.00 -4954.13 
417500.00 7662500.00 -5015.04 
422500.00 7662500.00 -4791.35 
427500.00 7662500.00 -4784.13 
432500.00 7662500.00 -4831.29 
437500.00 7662500.00 -4856.16 
442500.00 7662500.00 -5039.19 
447500.00 7662500.00 -4385.88 
452500.00 7662500.00 -4272.68 
457500.00 7662500.00 -5365.10 
462500.00 7662500.00 -4884.52 
467500.00 7662500.00 -4623.31 
472500.00 7662500.00 -3932.40 
477500.00 7662500.00 -4286.00 
482500.00 7662500.00 -5591.33 
487500.00 7662500.00 -3984.18 
492500.00 7662500.00 -4918.07 
497500.00 7662500.00 -4774.50 
502500.00 7662500.00 -6826.39 
507500.00 7662500.00 -4862.73 
512500.00 7662500.00 -3504.27 
517500.00 7662500.00 -4424.33 
522500.00 7662500.00 -7109.82 
527500.00 7662500.00 -5699.15 
532500.00 7662500.00 -6790.71 
537500.00 7662500.00 -5184.62 
542500.00 7662500.00 -4256.51 
547500.00 7662500.00 -4714.90 
552500.00 7662500.00 -4785.07 
557500.00 7662500.00 -6855.85 
562500.00 7662500.00 -7603.41 
567500.00 7662500.00 -7304.13 
572500.00 7662500.00 -7069.95 
577500.00 7662500.00 -7232.91 
402500.00 7667500.00 -4090.09 
407500.00 7667500.00 -4316.98 
412500.00 7667500.00 -4698.85 
417500.00 7667500.00 -4931.13 
422500.00 7667500.00 -5007.45 
427500.00 7667500.00 -4843.53 
432500.00 7667500.00 -4367.16 
437500.00 7667500.00 -4771.50 
442500.00 7667500.00 -5110.07 
447500.00 7667500.00 -4514.72 
452500.00 7667500.00 -4723.50 
457500.00 7667500.00 -5799.78 
462500.00 7667500.00 -5217.95 
467500.00 7667500.00 -5123.60 
472500.00 7667500.00 -5966.85 
477500.00 7667500.00 -4454.56 
482500.00 7667500.00 -5642.28 
487500.00 7667500.00 -5038.57 
492500.00 7667500.00 -5132.14 
497500.00 7667500.00 -5283.07 
502500.00 7667500.00 -7942.98 
507500.00 7667500.00 -5839.65 
512500.00 7667500.00 -3800.99 
517500.00 7667500.00 -4402.19 
522500.00 7667500.00 -6186.78 
527500.00 7667500.00 -5313.11 
532500.00 7667500.00 -7552.94 
537500.00 7667500.00 -7237.25 
542500.00 7667500.00 -5152.65 
547500.00 7667500.00 -5164.36 
552500.00 7667500.00 -5249.49 
557500.00 7667500.00 -6431.25 
562500.00 7667500.00 -7310.03 
567500.00 7667500.00 -7151.03 
572500.00 7667500.00 -6832.35 
577500.00 7667500.00 -6860.00 
402500.00 7672500.00 -3497.06 
407500.00 7672500.00 -3689.14 
412500.00 7672500.00 -4351.51 
417500.00 7672500.00 -4939.96 
422500.00 7672500.00 -4962.90 
427500.00 7672500.00 -4899.75 
432500.00 7672500.00 -4931.71 
437500.00 7672500.00 -5093.66 
442500.00 7672500.00 -5076.07 
447500.00 7672500.00 -4411.53 
452500.00 7672500.00 -4972.73 
457500.00 7672500.00 -5609.82 
462500.00 7672500.00 -5605.04 
467500.00 7672500.00 -4705.50 
472500.00 7672500.00 -5932.95 
477500.00 7672500.00 -5345.31 
482500.00 7672500.00 -5600.74 
487500.00 7672500.00 -6470.69 
492500.00 7672500.00 -5056.72 
497500.00 7672500.00 -6234.50 
502500.00 7672500.00 -7133.28 
507500.00 7672500.00 -5062.92 
512500.00 7672500.00 -4021.31 
517500.00 7672500.00 -4977.80 
522500.00 7672500.00 -5487.29 
527500.00 7672500.00 -5351.84 
532500.00 7672500.00 -7489.31 
537500.00 7672500.00 -7535.53 
542500.00 7672500.00 -5251.88 
547500.00 7672500.00 -4816.61 
552500.00 7672500.00 -5680.59 
557500.00 7672500.00 -6111.80 
562500.00 7672500.00 -6561.26 
567500.00 7672500.00 -6475.26 
572500.00 7672500.00 -6531.78 
577500.00 7672500.00 -6673.89 
402500.00 7677500.00 -3301.47 
407500.00 7677500.00 -3509.87 
412500.00 7677500.00 -4055.65 
417500.00 7677500.00 -4728.52 
422500.00 7677500.00 -4946.82 
427500.00 7677500.00 -4935.62 
432500.00 7677500.00 -4861.70 
437500.00 7677500.00 -4894.41 
442500.00 7677500.00 -5059.74 
447500.00 7677500.00 -4960.78 
452500.00 7677500.00 -5412.06 
457500.00 7677500.00 -5661.85 
462500.00 7677500.00 -5664.09 
467500.00 7677500.00 -4572.23 
472500.00 7677500.00 -5877.53 
477500.00 7677500.00 -5502.11 
482500.00 7677500.00 -4865.06 
487500.00 7677500.00 -6514.58 
492500.00 7677500.00 -4932.94 
497500.00 7677500.00 -7125.13 
502500.00 7677500.00 -5502.07 
507500.00 7677500.00 -4168.45 
512500.00 7677500.00 -3801.94 
517500.00 7677500.00 -4382.30 
522500.00 7677500.00 -6348.56 
527500.00 7677500.00 -6457.90 
532500.00 7677500.00 -7791.56 
537500.00 7677500.00 -7719.12 
542500.00 7677500.00 -5996.78 
547500.00 7677500.00 -5097.62 
552500.00 7677500.00 -5434.35 
557500.00 7677500.00 -6343.05 
562500.00 7677500.00 -6944.21 
567500.00 7677500.00 -6747.89 
572500.00 7677500.00 -6547.00 
577500.00 7677500.00 -7123.05 
402500.00 7682500.00 -3158.99 
407500.00 7682500.00 -3395.65 
412500.00 7682500.00 -3785.20 
417500.00 7682500.00 -4313.17 
422500.00 7682500.00 -4733.64 
427500.00 7682500.00 -4809.12 
432500.00 7682500.00 -4772.33 
437500.00 7682500.00 -4775.70 
442500.00 7682500.00 -5148.75 
447500.00 7682500.00 -5484.67 
452500.00 7682500.00 -5124.05 
457500.00 7682500.00 -4943.83 
462500.00 7682500.00 -5507.42 
467500.00 7682500.00 -4605.54 
472500.00 7682500.00 -5329.08 
477500.00 7682500.00 -5562.52 
482500.00 7682500.00 -4676.89 
487500.00 7682500.00 -6300.25 
492500.00 7682500.00 -5122.79 
497500.00 7682500.00 -6980.11 
502500.00 7682500.00 -6313.14 
507500.00 7682500.00 -7095.69 
512500.00 7682500.00 -5213.77 
517500.00 7682500.00 -5604.67 
522500.00 7682500.00 -6379.38 
527500.00 7682500.00 -5452.04 
532500.00 7682500.00 -7462.41 
537500.00 7682500.00 -7917.83 
542500.00 7682500.00 -6892.36 
547500.00 7682500.00 -6042.60 
552500.00 7682500.00 -7177.58 
557500.00 7682500.00 -6940.48 
562500.00 7682500.00 -6865.30 
567500.00 7682500.00 -6794.80 
572500.00 7682500.00 -6971.78 
577500.00 7682500.00 -7380.26 
402500.00 7687500.00 -3008.19 
407500.00 7687500.00 -3218.14 
412500.00 7687500.00 -3580.23 
417500.00 7687500.00 -3987.20 
422500.00 7687500.00 -4566.39 
427500.00 7687500.00 -4754.59 
432500.00 7687500.00 -4805.79 
437500.00 7687500.00 -4853.68 
442500.00 7687500.00 -5024.97 
447500.00 7687500.00 -5077.98 
452500.00 7687500.00 -5131.21 
457500.00 7687500.00 -5066.53 
462500.00 7687500.00 -5161.11 
467500.00 7687500.00 -4496.67 
472500.00 7687500.00 -5387.17 
477500.00 7687500.00 -5520.08 
482500.00 7687500.00 -5746.51 
487500.00 7687500.00 -6111.73 
492500.00 7687500.00 -6192.21 
497500.00 7687500.00 -5900.86 
502500.00 7687500.00 -7403.49 
507500.00 7687500.00 -7032.18 
512500.00 7687500.00 -5976.51 
517500.00 7687500.00 -5151.02 
522500.00 7687500.00 -6450.68 
527500.00 7687500.00 -5667.79 
532500.00 7687500.00 -6621.27 
537500.00 7687500.00 -7797.95 
542500.00 7687500.00 -7334.94 
547500.00 7687500.00 -5512.67 
552500.00 7687500.00 -4843.24 
557500.00 7687500.00 -4961.10 
562500.00 7687500.00 -6391.26 
567500.00 7687500.00 -6760.05 
572500.00 7687500.00 -7379.38 
577500.00 7687500.00 -7446.53 
402500.00 7692500.00 -2674.23 
407500.00 7692500.00 -2939.90 
412500.00 7692500.00 -3234.83 
417500.00 7692500.00 -3496.78 
422500.00 7692500.00 -4406.93 
427500.00 7692500.00 -4732.26 
432500.00 7692500.00 -4640.49 
437500.00 7692500.00 -4678.76 
442500.00 7692500.00 -5006.16 
447500.00 7692500.00 -4944.96 
452500.00 7692500.00 -4806.72 
457500.00 7692500.00 -4990.10 
462500.00 7692500.00 -4650.63 
467500.00 7692500.00 -4456.74 
472500.00 7692500.00 -4748.57 
477500.00 7692500.00 -4987.74 
482500.00 7692500.00 -6154.78 
487500.00 7692500.00 -5247.45 
492500.00 7692500.00 -6017.36 
497500.00 7692500.00 -5953.74 
502500.00 7692500.00 -7200.49 
507500.00 7692500.00 -5656.45 
512500.00 7692500.00 -4525.52 
517500.00 7692500.00 -3707.95 
522500.00 7692500.00 -4870.36 
527500.00 7692500.00 -5217.49 
532500.00 7692500.00 -5236.00 
537500.00 7692500.00 -7211.98 
542500.00 7692500.00 -7494.46 
547500.00 7692500.00 -6041.57 
552500.00 7692500.00 -5593.59 
557500.00 7692500.00 -6000.11 
562500.00 7692500.00 -6398.28 
567500.00 7692500.00 -6667.61 
572500.00 7692500.00 -7247.19 
577500.00 7692500.00 -7688.38 
402500.00 7697500.00 -2270.01 
407500.00 7697500.00 -2704.14 
412500.00 7697500.00 -3062.97 
417500.00 7697500.00 -3333.80 
422500.00 7697500.00 -3954.75 
427500.00 7697500.00 -4509.61 
432500.00 7697500.00 -4558.25 
437500.00 7697500.00 -4622.72 
442500.00 7697500.00 -4893.06 
447500.00 7697500.00 -5131.09 
452500.00 7697500.00 -4992.17 
457500.00 7697500.00 -4987.52 
462500.00 7697500.00 -5235.77 
467500.00 7697500.00 -5084.45 
472500.00 7697500.00 -5212.36 
477500.00 7697500.00 -4862.91 
482500.00 7697500.00 -5897.67 
487500.00 7697500.00 -4982.12 
492500.00 7697500.00 -5789.36 
497500.00 7697500.00 -6230.03 
502500.00 7697500.00 -6728.79 
507500.00 7697500.00 -7126.91 
512500.00 7697500.00 -6261.49 
517500.00 7697500.00 -4544.31 
522500.00 7697500.00 -3990.25 
527500.00 7697500.00 -4476.31 
532500.00 7697500.00 -5023.53 
537500.00 7697500.00 -6719.80 
542500.00 7697500.00 -7395.76 
547500.00 7697500.00 -6184.17 
552500.00 7697500.00 -5256.33 
557500.00 7697500.00 -6301.73 
562500.00 7697500.00 -6334.34 
567500.00 7697500.00 -6585.36 
572500.00 7697500.00 -7369.25 
577500.00 7697500.00 -7795.49 
402500.00 7702500.00 -2000.81 
407500.00 7702500.00 -2560.77 
412500.00 7702500.00 -3006.18 
417500.00 7702500.00 -3235.02 
422500.00 7702500.00 -3734.49 
427500.00 7702500.00 -4477.79 
432500.00 7702500.00 -4787.94 
437500.00 7702500.00 -4791.71 
442500.00 7702500.00 -4888.26 
447500.00 7702500.00 -5020.08 
452500.00 7702500.00 -5171.21 
457500.00 7702500.00 -5161.04 
462500.00 7702500.00 -5151.65 
467500.00 7702500.00 -5369.50 
472500.00 7702500.00 -5465.15 
477500.00 7702500.00 -5600.77 
482500.00 7702500.00 -6179.59 
487500.00 7702500.00 -5533.61 
492500.00 7702500.00 -5761.37 
497500.00 7702500.00 -6711.98 
502500.00 7702500.00 -6437.84 
507500.00 7702500.00 -6967.66 
512500.00 7702500.00 -5591.76 
517500.00 7702500.00 -4336.10 
522500.00 7702500.00 -3967.89 
527500.00 7702500.00 -5033.51 
532500.00 7702500.00 -6933.18 
537500.00 7702500.00 -6971.31 
542500.00 7702500.00 -7631.04 
547500.00 7702500.00 -7000.30 
552500.00 7702500.00 -4149.30 
557500.00 7702500.00 -4803.80 
562500.00 7702500.00 -6203.89 
567500.00 7702500.00 -6646.02 
572500.00 7702500.00 -7303.91 
577500.00 7702500.00 -7624.08 
402500.00 7707500.00 -1667.92 
407500.00 7707500.00 -2590.59 
412500.00 7707500.00 -2990.17 
417500.00 7707500.00 -3226.07 
422500.00 7707500.00 -3691.03 
427500.00 7707500.00 -4317.52 
432500.00 7707500.00 -4839.06 
437500.00 7707500.00 -4960.34 
442500.00 7707500.00 -5057.12 
447500.00 7707500.00 -5033.56 
452500.00 7707500.00 -5063.61 
457500.00 7707500.00 -5031.78 
462500.00 7707500.00 -4261.07 
467500.00 7707500.00 -5160.27 
472500.00 7707500.00 -5556.83 
477500.00 7707500.00 -6033.73 
482500.00 7707500.00 -6362.31 
487500.00 7707500.00 -5587.95 
492500.00 7707500.00 -6176.98 
497500.00 7707500.00 -6695.12 
502500.00 7707500.00 -6348.36 
507500.00 7707500.00 -5018.43 
512500.00 7707500.00 -5240.25 
517500.00 7707500.00 -5348.45 
522500.00 7707500.00 -4760.54 
527500.00 7707500.00 -5841.54 
532500.00 7707500.00 -6228.64 
537500.00 7707500.00 -6492.21 
542500.00 7707500.00 -7626.36 
547500.00 7707500.00 -7014.18 
552500.00 7707500.00 -4397.68 
557500.00 7707500.00 -4388.28 
562500.00 7707500.00 -6075.55 
567500.00 7707500.00 -6670.36 
572500.00 7707500.00 -6960.42 
577500.00 7707500.00 -7162.18 
402500.00 7712500.00 -1624.43 
407500.00 7712500.00 -2432.24 
412500.00 7712500.00 -2852.28 
417500.00 7712500.00 -3112.35 
422500.00 7712500.00 -3494.02 
427500.00 7712500.00 -3973.89 
432500.00 7712500.00 -4880.79 
437500.00 7712500.00 -5198.90 
442500.00 7712500.00 -5324.61 
447500.00 7712500.00 -5124.28 
452500.00 7712500.00 -5008.56 
457500.00 7712500.00 -5162.01 
462500.00 7712500.00 -4740.00 
467500.00 7712500.00 -5371.12 
472500.00 7712500.00 -5669.07 
477500.00 7712500.00 -4926.09 
482500.00 7712500.00 -6120.51 
487500.00 7712500.00 -5834.17 
492500.00 7712500.00 -6216.39 
497500.00 7712500.00 -5877.56 
502500.00 7712500.00 -6990.77 
507500.00 7712500.00 -6712.45 
512500.00 7712500.00 -6044.41 
517500.00 7712500.00 -6726.18 
522500.00 7712500.00 -6175.05 
527500.00 7712500.00 -6945.33 
532500.00 7712500.00 -7097.94 
537500.00 7712500.00 -5999.12 
542500.00 7712500.00 -7603.68 
547500.00 7712500.00 -7165.65 
552500.00 7712500.00 -4453.39 
557500.00 7712500.00 -3817.02 
562500.00 7712500.00 -6653.14 
567500.00 7712500.00 -6885.63 
572500.00 7712500.00 -6817.06 
577500.00 7712500.00 -6990.30 
402500.00 7717500.00 -1530.01 
407500.00 7717500.00 -2141.64 
412500.00 7717500.00 -2651.05 
417500.00 7717500.00 -2907.20 
422500.00 7717500.00 -3357.57 
427500.00 7717500.00 -3895.71 
432500.00 7717500.00 -4844.72 
437500.00 7717500.00 -5085.76 
442500.00 7717500.00 -5175.68 
447500.00 7717500.00 -5154.45 
452500.00 7717500.00 -5081.98 
457500.00 7717500.00 -5051.05 
462500.00 7717500.00 -5100.85 
467500.00 7717500.00 -5049.25 
472500.00 7717500.00 -5765.33 
477500.00 7717500.00 -4977.16 
482500.00 7717500.00 -5924.04 
487500.00 7717500.00 -6334.06 
492500.00 7717500.00 -5478.34 
497500.00 7717500.00 -6434.80 
502500.00 7717500.00 -6866.34 
507500.00 7717500.00 -7407.95 
512500.00 7717500.00 -5747.40 
517500.00 7717500.00 -6683.06 
522500.00 7717500.00 -5534.08 
527500.00 7717500.00 -6689.25 
532500.00 7717500.00 -8105.95 
537500.00 7717500.00 -6720.21 
542500.00 7717500.00 -6209.73 
547500.00 7717500.00 -7020.66 
552500.00 7717500.00 -4709.77 
557500.00 7717500.00 -3819.34 
562500.00 7717500.00 -6921.83 
567500.00 7717500.00 -7064.48 
572500.00 7717500.00 -6906.89 
577500.00 7717500.00 -7026.92 
402500.00 7722500.00 -1323.83 
407500.00 7722500.00 -1905.73 
412500.00 7722500.00 -2362.53 
417500.00 7722500.00 -2864.52 
422500.00 7722500.00 -3389.80 
427500.00 7722500.00 -3839.70 
432500.00 7722500.00 -4710.31 
437500.00 7722500.00 -4727.98 
442500.00 7722500.00 -5100.67 
447500.00 7722500.00 -5070.57 
452500.00 7722500.00 -5156.29 
457500.00 7722500.00 -4798.60 
462500.00 7722500.00 -5285.72 
467500.00 7722500.00 -5263.91 
472500.00 7722500.00 -6096.55 
477500.00 7722500.00 -4669.88 
482500.00 7722500.00 -6430.65 
487500.00 7722500.00 -6956.57 
492500.00 7722500.00 -5892.99 
497500.00 7722500.00 -7113.79 
502500.00 7722500.00 -7555.44 
507500.00 7722500.00 -7958.75 
512500.00 7722500.00 -7069.97 
517500.00 7722500.00 -8105.29 
522500.00 7722500.00 -7628.53 
527500.00 7722500.00 -6180.38 
532500.00 7722500.00 -7925.35 
537500.00 7722500.00 -7898.26 
542500.00 7722500.00 -5486.10 
547500.00 7722500.00 -4571.53 
552500.00 7722500.00 -5553.35 
557500.00 7722500.00 -5837.71 
562500.00 7722500.00 -7089.85 
567500.00 7722500.00 -6901.73 
572500.00 7722500.00 -6836.14 
577500.00 7722500.00 -7191.38 
402500.00 7727500.00 -1139.38 
407500.00 7727500.00 -1662.43 
412500.00 7727500.00 -2194.09 
417500.00 7727500.00 -2633.17 
422500.00 7727500.00 -3102.36 
427500.00 7727500.00 -3730.51 
432500.00 7727500.00 -4710.63 
437500.00 7727500.00 -4740.94 
442500.00 7727500.00 -5098.06 
447500.00 7727500.00 -5262.75 
452500.00 7727500.00 -5079.99 
457500.00 7727500.00 -4891.56 
462500.00 7727500.00 -5291.77 
467500.00 7727500.00 -5545.44 
472500.00 7727500.00 -6171.54 
477500.00 7727500.00 -5055.95 
482500.00 7727500.00 -6553.28 
487500.00 7727500.00 -7118.43 
492500.00 7727500.00 -6403.85 
497500.00 7727500.00 -6924.72 
502500.00 7727500.00 -7964.02 
507500.00 7727500.00 -7343.65 
512500.00 7727500.00 -7391.75 
517500.00 7727500.00 -8268.89 
522500.00 7727500.00 -6461.94 
527500.00 7727500.00 -6030.39 
532500.00 7727500.00 -7698.33 
537500.00 7727500.00 -7913.64 
542500.00 7727500.00 -5499.60 
547500.00 7727500.00 -4490.70 
552500.00 7727500.00 -7052.19 
557500.00 7727500.00 -7262.58 
562500.00 7727500.00 -7036.30 
567500.00 7727500.00 -6728.42 
572500.00 7727500.00 -6758.84 
577500.00 7727500.00 -7316.23 
402500.00 7732500.00 -1026.76 
407500.00 7732500.00 -1378.06 
412500.00 7732500.00 -1956.23 
417500.00 7732500.00 -2368.18 
422500.00 7732500.00 -2892.23 
427500.00 7732500.00 -3523.64 
432500.00 7732500.00 -4550.59 
437500.00 7732500.00 -5144.88 
442500.00 7732500.00 -5263.52 
447500.00 7732500.00 -5333.79 
452500.00 7732500.00 -5210.67 
457500.00 7732500.00 -5049.58 
462500.00 7732500.00 -5103.13 
467500.00 7732500.00 -5658.80 
472500.00 7732500.00 -5574.45 
477500.00 7732500.00 -5292.08 
482500.00 7732500.00 -6472.55 
487500.00 7732500.00 -5946.85 
492500.00 7732500.00 -6686.23 
497500.00 7732500.00 -6902.92 
502500.00 7732500.00 -6328.77 
507500.00 7732500.00 -6363.39 
512500.00 7732500.00 -7905.50 
517500.00 7732500.00 -4969.62 
522500.00 7732500.00 -6791.37 
527500.00 7732500.00 -6247.67 
532500.00 7732500.00 -7200.73 
537500.00 7732500.00 -7980.35 
542500.00 7732500.00 -8299.42 
547500.00 7732500.00 -7738.98 
552500.00 7732500.00 -7493.58 
557500.00 7732500.00 -7360.42 
562500.00 7732500.00 -7288.16 
567500.00 7732500.00 -6795.94 
572500.00 7732500.00 -7096.08 
577500.00 7732500.00 -7480.00 
402500.00 7737500.00 -1007.85 
407500.00 7737500.00 -1295.17 
412500.00 7737500.00 -1920.57 
417500.00 7737500.00 -2407.63 
422500.00 7737500.00 -2859.09 
427500.00 7737500.00 -3273.42 
432500.00 7737500.00 -4436.00 
437500.00 7737500.00 -5392.36 
442500.00 7737500.00 -5288.02 
447500.00 7737500.00 -5414.22 
452500.00 7737500.00 -5273.72 
457500.00 7737500.00 -5080.63 
462500.00 7737500.00 -5147.14 
467500.00 7737500.00 -5698.86 
472500.00 7737500.00 -5640.00 
477500.00 7737500.00 -5633.36 
482500.00 7737500.00 -6538.63 
487500.00 7737500.00 -5664.58 
492500.00 7737500.00 -6504.76 
497500.00 7737500.00 -6711.46 
502500.00 7737500.00 -5983.94 
507500.00 7737500.00 -7360.52 
512500.00 7737500.00 -7277.03 
517500.00 7737500.00 -4792.51 
522500.00 7737500.00 -6640.34 
527500.00 7737500.00 -6666.25 
532500.00 7737500.00 -7155.66 
537500.00 7737500.00 -7719.65 
542500.00 7737500.00 -7712.64 
547500.00 7737500.00 -7703.91 
552500.00 7737500.00 -7205.45 
557500.00 7737500.00 -7285.50 
562500.00 7737500.00 -7643.02 
567500.00 7737500.00 -7517.37 
572500.00 7737500.00 -7918.16 
577500.00 7737500.00 -7931.52 
402500.00 7742500.00 -1284.69 
407500.00 7742500.00 -1372.64 
412500.00 7742500.00 -1852.79 
417500.00 7742500.00 -2396.98 
422500.00 7742500.00 -2892.37 
427500.00 7742500.00 -3257.71 
432500.00 7742500.00 -3929.21 
437500.00 7742500.00 -4879.71 
442500.00 7742500.00 -5442.25 
447500.00 7742500.00 -5698.56 
452500.00 7742500.00 -5274.96 
457500.00 7742500.00 -5217.01 
462500.00 7742500.00 -5563.43 
467500.00 7742500.00 -5821.94 
472500.00 7742500.00 -5979.62 
477500.00 7742500.00 -6180.05 
482500.00 7742500.00 -6629.13 
487500.00 7742500.00 -6002.80 
492500.00 7742500.00 -6249.95 
497500.00 7742500.00 -6453.47 
502500.00 7742500.00 -6507.29 
507500.00 7742500.00 -7154.83 
512500.00 7742500.00 -7168.02 
517500.00 7742500.00 -6571.30 
522500.00 7742500.00 -6192.40 
527500.00 7742500.00 -6365.45 
532500.00 7742500.00 -7421.60 
537500.00 7742500.00 -7977.68 
542500.00 7742500.00 -8124.55 
547500.00 7742500.00 -7806.07 
552500.00 7742500.00 -7267.44 
557500.00 7742500.00 -7074.40 
562500.00 7742500.00 -7766.87 
567500.00 7742500.00 -8291.74 
572500.00 7742500.00 -9024.06 
577500.00 7742500.00 -9121.64 
402500.00 7747500.00 -1389.92 
407500.00 7747500.00 -1442.51 
412500.00 7747500.00 -1673.66 
417500.00 7747500.00 -2254.15 
422500.00 7747500.00 -2874.44 
427500.00 7747500.00 -3330.64 
432500.00 7747500.00 -4072.71 
437500.00 7747500.00 -4862.47 
442500.00 7747500.00 -5565.12 
447500.00 7747500.00 -5649.35 
452500.00 7747500.00 -5401.07 
457500.00 7747500.00 -5404.31 
462500.00 7747500.00 -5733.70 
467500.00 7747500.00 -5887.45 
472500.00 7747500.00 -6303.64 
477500.00 7747500.00 -6101.24 
482500.00 7747500.00 -6583.28 
487500.00 7747500.00 -6273.47 
492500.00 7747500.00 -5943.77 
497500.00 7747500.00 -6161.40 
502500.00 7747500.00 -6749.18 
507500.00 7747500.00 -7242.53 
512500.00 7747500.00 -7589.57 
517500.00 7747500.00 -7035.07 
522500.00 7747500.00 -7604.43 
527500.00 7747500.00 -6878.42 
532500.00 7747500.00 -6263.09 
537500.00 7747500.00 -5805.37 
542500.00 7747500.00 -8253.33 
547500.00 7747500.00 -7167.45 
552500.00 7747500.00 -7266.01 
557500.00 7747500.00 -7006.44 
562500.00 7747500.00 -7592.42 
567500.00 7747500.00 -8045.59 
572500.00 7747500.00 -9254.05 
577500.00 7747500.00 -9376.02 
402500.00 7752500.00 -1296.22 
407500.00 7752500.00 -1360.26 
412500.00 7752500.00 -1514.31 
417500.00 7752500.00 -2195.79 
422500.00 7752500.00 -2709.79 
427500.00 7752500.00 -3339.59 
432500.00 7752500.00 -4267.24 
437500.00 7752500.00 -4989.89 
442500.00 7752500.00 -5644.57 
447500.00 7752500.00 -5732.88 
452500.00 7752500.00 -5610.92 
457500.00 7752500.00 -5458.03 
462500.00 7752500.00 -5590.81 
467500.00 7752500.00 -5822.33 
472500.00 7752500.00 -6359.79 
477500.00 7752500.00 -5258.76 
482500.00 7752500.00 -6681.19 
487500.00 7752500.00 -6948.67 
492500.00 7752500.00 -5442.07 
497500.00 7752500.00 -5941.26 
502500.00 7752500.00 -6385.66 
507500.00 7752500.00 -7302.61 
512500.00 7752500.00 -7850.00 
517500.00 7752500.00 -7722.91 
522500.00 7752500.00 -7534.42 
527500.00 7752500.00 -8063.45 
532500.00 7752500.00 -7960.63 
537500.00 7752500.00 -6875.52 
542500.00 7752500.00 -7945.52 
547500.00 7752500.00 -7563.55 
552500.00 7752500.00 -8271.30 
557500.00 7752500.00 -7796.56 
562500.00 7752500.00 -7988.57 
567500.00 7752500.00 -8462.59 
572500.00 7752500.00 -9227.09 
577500.00 7752500.00 -7569.68 
402500.00 7757500.00 -1146.24 
407500.00 7757500.00 -1335.35 
412500.00 7757500.00 -1420.23 
417500.00 7757500.00 -1921.10 
422500.00 7757500.00 -2576.49 
427500.00 7757500.00 -3303.06 
432500.00 7757500.00 -4255.77 
437500.00 7757500.00 -4866.53 
442500.00 7757500.00 -5349.33 
447500.00 7757500.00 -5886.80 
452500.00 7757500.00 -5694.04 
457500.00 7757500.00 -5563.93 
462500.00 7757500.00 -5763.34 
467500.00 7757500.00 -5967.85 
472500.00 7757500.00 -6267.62 
477500.00 7757500.00 -5807.05 
482500.00 7757500.00 -6828.25 
487500.00 7757500.00 -6850.88 
492500.00 7757500.00 -6321.82 
497500.00 7757500.00 -6533.26 
502500.00 7757500.00 -5930.88 
507500.00 7757500.00 -6990.76 
512500.00 7757500.00 -6839.68 
517500.00 7757500.00 -7085.00 
522500.00 7757500.00 -7785.83 
527500.00 7757500.00 -8319.99 
532500.00 7757500.00 -8066.06 
537500.00 7757500.00 -7524.93 
542500.00 7757500.00 -4810.02 
547500.00 7757500.00 -5342.19 
552500.00 7757500.00 -8459.89 
557500.00 7757500.00 -7767.38 
562500.00 7757500.00 -8317.62 
567500.00 7757500.00 -8967.52 
572500.00 7757500.00 -8985.62 
577500.00 7757500.00 -8953.67 
402500.00 7762500.00 -999.67 
407500.00 7762500.00 -1160.39 
412500.00 7762500.00 -1415.29 
417500.00 7762500.00 -2158.52 
422500.00 7762500.00 -2629.88 
427500.00 7762500.00 -3271.83 
432500.00 7762500.00 -4207.69 
437500.00 7762500.00 -4675.37 
442500.00 7762500.00 -5071.92 
447500.00 7762500.00 -5572.32 
452500.00 7762500.00 -5687.19 
457500.00 7762500.00 -5838.97 
462500.00 7762500.00 -6006.39 
467500.00 7762500.00 -6004.52 
472500.00 7762500.00 -6377.75 
477500.00 7762500.00 -5697.00 
482500.00 7762500.00 -6630.86 
487500.00 7762500.00 -6736.05 
492500.00 7762500.00 -6743.63 
497500.00 7762500.00 -6701.15 
502500.00 7762500.00 -5662.16 
507500.00 7762500.00 -6287.22 
512500.00 7762500.00 -7062.22 
517500.00 7762500.00 -7442.93 
522500.00 7762500.00 -7661.09 
527500.00 7762500.00 -7753.16 
532500.00 7762500.00 -7353.69 
537500.00 7762500.00 -7271.34 
542500.00 7762500.00 -7645.40 
547500.00 7762500.00 -7879.22 
552500.00 7762500.00 -8469.69 
557500.00 7762500.00 -7830.62 
562500.00 7762500.00 -7810.81 
567500.00 7762500.00 -8426.67 
572500.00 7762500.00 -8837.03 
577500.00 7762500.00 -8895.97 
402500.00 7767500.00 -992.84 
407500.00 7767500.00 -1191.34 
412500.00 7767500.00 -1400.70 
417500.00 7767500.00 -2205.00 
422500.00 7767500.00 -2678.90 
427500.00 7767500.00 -3201.82 
432500.00 7767500.00 -4200.29 
437500.00 7767500.00 -4658.06 
442500.00 7767500.00 -5095.56 
447500.00 7767500.00 -5459.92 
452500.00 7767500.00 -5697.62 
457500.00 7767500.00 -6030.06 
462500.00 7767500.00 -5939.67 
467500.00 7767500.00 -6055.30 
472500.00 7767500.00 -6240.74 
477500.00 7767500.00 -5862.63 
482500.00 7767500.00 -6467.19 
487500.00 7767500.00 -6515.56 
492500.00 7767500.00 -6355.75 
497500.00 7767500.00 -6333.74 
502500.00 7767500.00 -7316.67 
507500.00 7767500.00 -7207.31 
512500.00 7767500.00 -7091.65 
517500.00 7767500.00 -7077.51 
522500.00 7767500.00 -7927.66 
527500.00 7767500.00 -7911.23 
532500.00 7767500.00 -7583.26 
537500.00 7767500.00 -7485.79 
542500.00 7767500.00 -8233.47 
547500.00 7767500.00 -8236.44 
552500.00 7767500.00 -8126.36 
557500.00 7767500.00 -8178.34 
562500.00 7767500.00 -7979.47 
567500.00 7767500.00 -8622.97 
572500.00 7767500.00 -9134.18 
577500.00 7767500.00 -9306.07 
402500.00 7772500.00 -851.32 
407500.00 7772500.00 -1191.33 
412500.00 7772500.00 -1569.04 
417500.00 7772500.00 -2267.57 
422500.00 7772500.00 -2917.47 
427500.00 7772500.00 -3277.37 
432500.00 7772500.00 -4013.75 
437500.00 7772500.00 -4626.57 
442500.00 7772500.00 -4945.71 
447500.00 7772500.00 -5247.67 
452500.00 7772500.00 -5645.73 
457500.00 7772500.00 -5887.10 
462500.00 7772500.00 -5868.49 
467500.00 7772500.00 -6111.86 
472500.00 7772500.00 -6134.67 
477500.00 7772500.00 -6465.06 
482500.00 7772500.00 -6229.84 
487500.00 7772500.00 -6042.53 
492500.00 7772500.00 -7175.71 
497500.00 7772500.00 -7422.24 
502500.00 7772500.00 -7709.90 
507500.00 7772500.00 -7703.52 
512500.00 7772500.00 -7692.75 
517500.00 7772500.00 -6986.12 
522500.00 7772500.00 -7432.20 
527500.00 7772500.00 -7438.17 
532500.00 7772500.00 -7890.52 
537500.00 7772500.00 -8294.60 
542500.00 7772500.00 -9052.47 
547500.00 7772500.00 -9022.11 
552500.00 7772500.00 -9473.94 
557500.00 7772500.00 -9100.73 
562500.00 7772500.00 -9055.98 
567500.00 7772500.00 -9083.74 
572500.00 7772500.00 -9042.75 
577500.00 7772500.00 -9306.76 
402500.00 7777500.00 -793.33 
407500.00 7777500.00 -1192.98 
412500.00 7777500.00 -1674.58 
417500.00 7777500.00 -2183.87 
422500.00 7777500.00 -2954.33 
427500.00 7777500.00 -3346.15 
432500.00 7777500.00 -3977.31 
437500.00 7777500.00 -4369.77 
442500.00 7777500.00 -4741.30 
447500.00 7777500.00 -5101.11 
452500.00 7777500.00 -5610.40 
457500.00 7777500.00 -5966.81 
462500.00 7777500.00 -5919.49 
467500.00 7777500.00 -5802.13 
472500.00 7777500.00 -6178.12 
477500.00 7777500.00 -6410.47 
482500.00 7777500.00 -6118.05 
487500.00 7777500.00 -6014.67 
492500.00 7777500.00 -7387.54 
497500.00 7777500.00 -7746.88 
502500.00 7777500.00 -7360.80 
507500.00 7777500.00 -7551.37 
512500.00 7777500.00 -7797.90 
517500.00 7777500.00 -7358.91 
522500.00 7777500.00 -7854.36 
527500.00 7777500.00 -7867.71 
532500.00 7777500.00 -8970.51 
537500.00 7777500.00 -9752.41 
542500.00 7777500.00 -8944.83 
547500.00 7777500.00 -8586.01 
552500.00 7777500.00 -9342.17 
557500.00 7777500.00 -9202.96 
562500.00 7777500.00 -9545.14 
567500.00 7777500.00 -9764.65 
572500.00 7777500.00 -9143.06 
577500.00 7777500.00 -8992.49 
402500.00 7782500.00 -940.40 
407500.00 7782500.00 -1309.69 
412500.00 7782500.00 -1781.96 
417500.00 7782500.00 -2222.85 
422500.00 7782500.00 -2977.82 
427500.00 7782500.00 -3473.21 
432500.00 7782500.00 -4021.79 
437500.00 7782500.00 -4215.76 
442500.00 7782500.00 -4425.65 
447500.00 7782500.00 -4841.34 
452500.00 7782500.00 -5425.10 
457500.00 7782500.00 -5875.82 
462500.00 7782500.00 -5945.08 
467500.00 7782500.00 -5784.84 
472500.00 7782500.00 -6237.44 
477500.00 7782500.00 -6115.19 
482500.00 7782500.00 -5766.43 
487500.00 7782500.00 -7272.09 
492500.00 7782500.00 -7787.02 
497500.00 7782500.00 -7559.91 
502500.00 7782500.00 -6515.63 
507500.00 7782500.00 -7614.86 
512500.00 7782500.00 -8002.20 
517500.00 7782500.00 -8001.56 
522500.00 7782500.00 -7610.66 
527500.00 7782500.00 -8150.53 
532500.00 7782500.00 -9745.83 
537500.00 7782500.00 -9325.23 
542500.00 7782500.00 -7882.67 
547500.00 7782500.00 -7356.37 
552500.00 7782500.00 -9293.96 
557500.00 7782500.00 -9450.23 
562500.00 7782500.00 -9271.12 
567500.00 7782500.00 -9491.21 
572500.00 7782500.00 -9407.41 
577500.00 7782500.00 -9189.08 
402500.00 7787500.00 -1148.87 
407500.00 7787500.00 -1402.00 
412500.00 7787500.00 -1900.97 
417500.00 7787500.00 -2183.85 
422500.00 7787500.00 -2759.07 
427500.00 7787500.00 -3305.38 
432500.00 7787500.00 -3914.41 
437500.00 7787500.00 -4332.57 
442500.00 7787500.00 -4385.03 
447500.00 7787500.00 -4737.63 
452500.00 7787500.00 -5556.66 
457500.00 7787500.00 -6019.01 
462500.00 7787500.00 -6138.62 
467500.00 7787500.00 -5887.32 
472500.00 7787500.00 -6369.81 
477500.00 7787500.00 -6770.72 
482500.00 7787500.00 -6459.89 
487500.00 7787500.00 -7211.51 
492500.00 7787500.00 -8049.89 
497500.00 7787500.00 -7073.42 
502500.00 7787500.00 -5541.76 
507500.00 7787500.00 -7739.67 
512500.00 7787500.00 -8128.60 
517500.00 7787500.00 -8272.24 
522500.00 7787500.00 -5752.23 
527500.00 7787500.00 -7920.56 
532500.00 7787500.00 -10128.89 
537500.00 7787500.00 -8823.88 
542500.00 7787500.00 -8217.12 
547500.00 7787500.00 -8072.07 
552500.00 7787500.00 -8970.23 
557500.00 7787500.00 -9191.84 
562500.00 7787500.00 -9147.82 
567500.00 7787500.00 -9175.00 
572500.00 7787500.00 -9313.81 
577500.00 7787500.00 -9205.19 
402500.00 7792500.00 -1259.01 
407500.00 7792500.00 -1390.40 
412500.00 7792500.00 -1814.61 
417500.00 7792500.00 -2183.85 
422500.00 7792500.00 -2690.13 
427500.00 7792500.00 -3193.82 
432500.00 7792500.00 -3929.14 
437500.00 7792500.00 -4474.12 
442500.00 7792500.00 -4781.04 
447500.00 7792500.00 -4784.17 
452500.00 7792500.00 -5364.19 
457500.00 7792500.00 -5769.80 
462500.00 7792500.00 -5900.53 
467500.00 7792500.00 -6205.48 
472500.00 7792500.00 -6123.17 
477500.00 7792500.00 -6402.55 
482500.00 7792500.00 -6727.94 
487500.00 7792500.00 -7018.78 
492500.00 7792500.00 -6578.27 
497500.00 7792500.00 -7078.48 
502500.00 7792500.00 -7776.96 
507500.00 7792500.00 -8083.46 
512500.00 7792500.00 -8209.81 
517500.00 7792500.00 -8059.79 
522500.00 7792500.00 -7102.95 
527500.00 7792500.00 -8134.76 
532500.00 7792500.00 -8939.52 
537500.00 7792500.00 -8570.75 
542500.00 7792500.00 -8742.56 
547500.00 7792500.00 -8806.17 
552500.00 7792500.00 -8894.34 
557500.00 7792500.00 -8993.37 
562500.00 7792500.00 -9248.72 
567500.00 7792500.00 -9199.54 
572500.00 7792500.00 -9218.55 
577500.00 7792500.00 -9171.22 
402500.00 7797500.00 -1178.98 
407500.00 7797500.00 -1259.69 
412500.00 7797500.00 -1738.94 
417500.00 7797500.00 -2171.97 
422500.00 7797500.00 -2495.25 
427500.00 7797500.00 -2866.36 
432500.00 7797500.00 -4205.67 
437500.00 7797500.00 -4753.63 
442500.00 7797500.00 -5039.23 
447500.00 7797500.00 -5015.47 
452500.00 7797500.00 -5388.99 
457500.00 7797500.00 -5737.41 
462500.00 7797500.00 -6036.88 
467500.00 7797500.00 -6329.20 
472500.00 7797500.00 -6006.16 
477500.00 7797500.00 -6541.62 
482500.00 7797500.00 -6937.33 
487500.00 7797500.00 -7361.41 
492500.00 7797500.00 -6223.76 
497500.00 7797500.00 -6495.70 
502500.00 7797500.00 -7316.42 
507500.00 7797500.00 -7363.41 
512500.00 7797500.00 -7795.81 
517500.00 7797500.00 -7787.53 
522500.00 7797500.00 -7824.52 
527500.00 7797500.00 -7946.61 
532500.00 7797500.00 -8345.18 
537500.00 7797500.00 -8523.30 
542500.00 7797500.00 -8666.38 
547500.00 7797500.00 -8733.91 
552500.00 7797500.00 -8853.95 
557500.00 7797500.00 -8943.64 
562500.00 7797500.00 -9151.00 
567500.00 7797500.00 -9140.25 
572500.00 7797500.00 -9206.45 
577500.00 7797500.00 -9178.53 
402500.00 7802500.00 -1049.51 
407500.00 7802500.00 -1088.26 
412500.00 7802500.00 -1593.89 
417500.00 7802500.00 -2089.93 
422500.00 7802500.00 -2756.94 
427500.00 7802500.00 -3177.39 
432500.00 7802500.00 -4150.86 
437500.00 7802500.00 -4772.33 
442500.00 7802500.00 -5100.29 
447500.00 7802500.00 -5362.85 
452500.00 7802500.00 -5583.61 
457500.00 7802500.00 -5747.90 
462500.00 7802500.00 -6275.69 
467500.00 7802500.00 -6344.97 
472500.00 7802500.00 -6493.55 
477500.00 7802500.00 -5967.58 
482500.00 7802500.00 -5497.46 
487500.00 7802500.00 -6859.91 
492500.00 7802500.00 -6271.98 
497500.00 7802500.00 -4603.42 
502500.00 7802500.00 -6509.62 
507500.00 7802500.00 -6876.79 
512500.00 7802500.00 -7297.10 
517500.00 7802500.00 -7601.32 
522500.00 7802500.00 -7865.99 
527500.00 7802500.00 -7985.58 
532500.00 7802500.00 -8189.52 
537500.00 7802500.00 -8297.75 
542500.00 7802500.00 -8565.63 
547500.00 7802500.00 -8635.90 
552500.00 7802500.00 -8723.83 
557500.00 7802500.00 -8762.70 
562500.00 7802500.00 -8956.76 
567500.00 7802500.00 -8849.68 
572500.00 7802500.00 -8922.65 
577500.00 7802500.00 -8832.38 
