# Petrel Points with attributes
# Unit in X and Y direction: m
# Unit in depth: m
VERSION 1
BEGIN HEADER
X
Y
Z
END HEADER
402500.00 7652500.00 -4317.47 
407500.00 7652500.00 -4812.44 
412500.00 7652500.00 -4964.07 
417500.00 7652500.00 -4830.77 
422500.00 7652500.00 -4842.37 
427500.00 7652500.00 -4748.07 
432500.00 7652500.00 -4787.30 
437500.00 7652500.00 -5378.14 
442500.00 7652500.00 -5065.77 
447500.00 7652500.00 -5388.97 
452500.00 7652500.00 -5392.91 
457500.00 7652500.00 -5297.23 
462500.00 7652500.00 -5506.72 
467500.00 7652500.00 -4182.78 
472500.00 7652500.00 -3109.56 
477500.00 7652500.00 -4046.87 
482500.00 7652500.00 -4936.41 
487500.00 7652500.00 -5971.40 
492500.00 7652500.00 -6030.27 
497500.00 7652500.00 -4565.32 
502500.00 7652500.00 -5331.68 
507500.00 7652500.00 -4074.61 
512500.00 7652500.00 -4201.36 
517500.00 7652500.00 -5673.83 
522500.00 7652500.00 -6715.74 
527500.00 7652500.00 -6695.32 
532500.00 7652500.00 -6869.99 
537500.00 7652500.00 -5450.13 
542500.00 7652500.00 -4236.72 
547500.00 7652500.00 -3745.35 
552500.00 7652500.00 -5457.09 
557500.00 7652500.00 -6806.08 
562500.00 7652500.00 -6749.09 
567500.00 7652500.00 -6507.90 
572500.00 7652500.00 -6361.70 
577500.00 7652500.00 -6200.57 
402500.00 7657500.00 -4292.28 
407500.00 7657500.00 -4578.35 
412500.00 7657500.00 -5193.51 
417500.00 7657500.00 -5047.23 
422500.00 7657500.00 -4807.92 
427500.00 7657500.00 -4723.33 
432500.00 7657500.00 -4864.93 
437500.00 7657500.00 -5046.36 
442500.00 7657500.00 -5105.76 
447500.00 7657500.00 -5345.65 
452500.00 7657500.00 -4781.53 
457500.00 7657500.00 -4582.30 
462500.00 7657500.00 -4603.92 
467500.00 7657500.00 -4560.57 
472500.00 7657500.00 -3147.56 
477500.00 7657500.00 -4010.62 
482500.00 7657500.00 -6194.45 
487500.00 7657500.00 -5171.09 
492500.00 7657500.00 -4235.43 
497500.00 7657500.00 -3971.15 
502500.00 7657500.00 -4920.62 
507500.00 7657500.00 -3722.68 
512500.00 7657500.00 -3479.04 
517500.00 7657500.00 -5192.08 
522500.00 7657500.00 -6731.53 
527500.00 7657500.00 -6637.18 
532500.00 7657500.00 -5998.44 
537500.00 7657500.00 -5681.93 
542500.00 7657500.00 -4531.75 
547500.00 7657500.00 -4373.05 
552500.00 7657500.00 -5702.56 
557500.00 7657500.00 -7120.86 
562500.00 7657500.00 -7156.02 
567500.00 7657500.00 -6957.24 
572500.00 7657500.00 -6751.91 
577500.00 7657500.00 -6726.10 
402500.00 7662500.00 -4386.79 
407500.00 7662500.00 -4385.66 
412500.00 7662500.00 -4970.01 
417500.00 7662500.00 -5044.06 
422500.00 7662500.00 -4828.95 
427500.00 7662500.00 -4820.35 
432500.00 7662500.00 -4860.06 
437500.00 7662500.00 -4881.19 
442500.00 7662500.00 -5069.41 
447500.00 7662500.00 -4401.74 
452500.00 7662500.00 -4277.94 
457500.00 7662500.00 -5370.63 
462500.00 7662500.00 -4891.09 
467500.00 7662500.00 -4635.42 
472500.00 7662500.00 -3956.39 
477500.00 7662500.00 -4325.84 
482500.00 7662500.00 -5635.98 
487500.00 7662500.00 -4040.86 
492500.00 7662500.00 -4971.62 
497500.00 7662500.00 -4804.10 
502500.00 7662500.00 -6848.38 
507500.00 7662500.00 -4882.45 
512500.00 7662500.00 -3525.09 
517500.00 7662500.00 -4448.36 
522500.00 7662500.00 -7120.44 
527500.00 7662500.00 -5700.72 
532500.00 7662500.00 -6792.00 
537500.00 7662500.00 -5194.66 
542500.00 7662500.00 -4282.01 
547500.00 7662500.00 -4737.75 
552500.00 7662500.00 -4803.35 
557500.00 7662500.00 -6870.03 
562500.00 7662500.00 -7615.55 
567500.00 7662500.00 -7314.76 
572500.00 7662500.00 -7079.53 
577500.00 7662500.00 -7242.12 
402500.00 7667500.00 -4101.61 
407500.00 7667500.00 -4328.04 
412500.00 7667500.00 -4715.36 
417500.00 7667500.00 -4964.10 
422500.00 7667500.00 -5053.45 
427500.00 7667500.00 -4883.49 
432500.00 7667500.00 -4391.94 
437500.00 7667500.00 -4794.77 
442500.00 7667500.00 -5143.91 
447500.00 7667500.00 -4537.22 
452500.00 7667500.00 -4734.16 
457500.00 7667500.00 -5811.40 
462500.00 7667500.00 -5227.92 
467500.00 7667500.00 -5135.26 
472500.00 7667500.00 -5991.91 
477500.00 7667500.00 -4496.63 
482500.00 7667500.00 -5694.25 
487500.00 7667500.00 -5077.86 
492500.00 7667500.00 -5160.40 
497500.00 7667500.00 -5306.26 
502500.00 7667500.00 -7965.16 
507500.00 7667500.00 -5859.26 
512500.00 7667500.00 -3821.05 
517500.00 7667500.00 -4418.16 
522500.00 7667500.00 -6195.74 
527500.00 7667500.00 -5314.44 
532500.00 7667500.00 -7554.14 
537500.00 7667500.00 -7246.11 
542500.00 7667500.00 -5175.72 
547500.00 7667500.00 -5187.04 
552500.00 7667500.00 -5267.67 
557500.00 7667500.00 -6445.83 
562500.00 7667500.00 -7322.46 
567500.00 7667500.00 -7162.01 
572500.00 7667500.00 -6842.41 
577500.00 7667500.00 -6869.67 
402500.00 7672500.00 -3502.45 
407500.00 7672500.00 -3698.04 
412500.00 7672500.00 -4366.84 
417500.00 7672500.00 -4969.70 
422500.00 7672500.00 -5007.30 
427500.00 7672500.00 -4948.52 
432500.00 7672500.00 -4972.54 
437500.00 7672500.00 -5133.49 
442500.00 7672500.00 -5119.80 
447500.00 7672500.00 -4440.37 
452500.00 7672500.00 -4988.42 
457500.00 7672500.00 -5626.06 
462500.00 7672500.00 -5616.52 
467500.00 7672500.00 -4715.94 
472500.00 7672500.00 -5944.71 
477500.00 7672500.00 -5362.37 
482500.00 7672500.00 -5624.76 
487500.00 7672500.00 -6494.27 
492500.00 7672500.00 -5073.75 
497500.00 7672500.00 -6251.17 
502500.00 7672500.00 -7153.77 
507500.00 7672500.00 -5086.15 
512500.00 7672500.00 -4047.13 
517500.00 7672500.00 -4990.82 
522500.00 7672500.00 -5494.30 
527500.00 7672500.00 -5353.04 
532500.00 7672500.00 -7490.09 
537500.00 7672500.00 -7542.71 
542500.00 7672500.00 -5273.42 
547500.00 7672500.00 -4840.52 
552500.00 7672500.00 -5698.90 
557500.00 7672500.00 -6126.98 
562500.00 7672500.00 -6574.40 
567500.00 7672500.00 -6486.98 
572500.00 7672500.00 -6542.49 
577500.00 7672500.00 -6684.25 
402500.00 7677500.00 -3302.41 
407500.00 7677500.00 -3518.16 
412500.00 7677500.00 -4070.21 
417500.00 7677500.00 -4751.26 
422500.00 7677500.00 -4982.23 
427500.00 7677500.00 -4980.07 
432500.00 7677500.00 -4908.42 
437500.00 7677500.00 -4937.56 
442500.00 7677500.00 -5102.04 
447500.00 7677500.00 -5000.99 
452500.00 7677500.00 -5449.40 
457500.00 7677500.00 -5690.79 
462500.00 7677500.00 -5677.45 
467500.00 7677500.00 -4582.78 
472500.00 7677500.00 -5888.87 
477500.00 7677500.00 -5504.69 
482500.00 7677500.00 -4888.10 
487500.00 7677500.00 -6530.58 
492500.00 7677500.00 -4941.10 
497500.00 7677500.00 -7130.45 
502500.00 7677500.00 -5517.67 
507500.00 7677500.00 -4204.84 
512500.00 7677500.00 -3821.82 
517500.00 7677500.00 -4396.30 
522500.00 7677500.00 -6353.37 
527500.00 7677500.00 -6458.99 
532500.00 7677500.00 -7792.03 
537500.00 7677500.00 -7723.07 
542500.00 7677500.00 -6013.89 
547500.00 7677500.00 -5121.96 
552500.00 7677500.00 -5453.84 
557500.00 7677500.00 -6358.65 
562500.00 7677500.00 -6957.66 
567500.00 7677500.00 -6760.01 
572500.00 7677500.00 -6558.24 
577500.00 7677500.00 -7133.92 
402500.00 7682500.00 -3167.43 
407500.00 7682500.00 -3407.57 
412500.00 7682500.00 -3799.34 
417500.00 7682500.00 -4330.22 
422500.00 7682500.00 -4760.76 
427500.00 7682500.00 -4847.41 
432500.00 7682500.00 -4815.18 
437500.00 7682500.00 -4814.54 
442500.00 7682500.00 -5185.22 
447500.00 7682500.00 -5528.00 
452500.00 7682500.00 -5176.21 
457500.00 7682500.00 -4980.25 
462500.00 7682500.00 -5520.41 
467500.00 7682500.00 -4617.79 
472500.00 7682500.00 -5351.28 
477500.00 7682500.00 -5590.27 
482500.00 7682500.00 -4706.58 
487500.00 7682500.00 -6324.97 
492500.00 7682500.00 -5142.93 
497500.00 7682500.00 -6989.83 
502500.00 7682500.00 -6316.75 
507500.00 7682500.00 -7098.78 
512500.00 7682500.00 -5226.28 
517500.00 7682500.00 -5627.88 
522500.00 7682500.00 -6383.42 
527500.00 7682500.00 -5452.74 
532500.00 7682500.00 -7462.86 
537500.00 7682500.00 -7920.71 
542500.00 7682500.00 -6906.44 
547500.00 7682500.00 -6066.62 
552500.00 7682500.00 -7197.18 
557500.00 7682500.00 -6956.56 
562500.00 7682500.00 -6879.32 
567500.00 7682500.00 -6807.43 
572500.00 7682500.00 -6983.36 
577500.00 7682500.00 -7391.43 
402500.00 7687500.00 -3018.73 
407500.00 7687500.00 -3228.66 
412500.00 7687500.00 -3589.49 
417500.00 7687500.00 -3996.86 
422500.00 7687500.00 -4588.27 
427500.00 7687500.00 -4792.79 
432500.00 7687500.00 -4850.84 
437500.00 7687500.00 -4896.55 
442500.00 7687500.00 -5061.00 
447500.00 7687500.00 -5107.77 
452500.00 7687500.00 -5178.36 
457500.00 7687500.00 -5116.16 
462500.00 7687500.00 -5179.89 
467500.00 7687500.00 -4518.27 
472500.00 7687500.00 -5411.02 
477500.00 7687500.00 -5550.33 
482500.00 7687500.00 -5767.43 
487500.00 7687500.00 -6124.01 
492500.00 7687500.00 -6204.66 
497500.00 7687500.00 -5913.75 
502500.00 7687500.00 -7414.38 
507500.00 7687500.00 -7032.18 
512500.00 7687500.00 -5988.38 
517500.00 7687500.00 -5173.80 
522500.00 7687500.00 -6455.80 
527500.00 7687500.00 -5670.77 
532500.00 7687500.00 -6622.23 
537500.00 7687500.00 -7800.75 
542500.00 7687500.00 -7346.68 
547500.00 7687500.00 -5537.56 
552500.00 7687500.00 -4866.67 
557500.00 7687500.00 -4979.99 
562500.00 7687500.00 -6406.14 
567500.00 7687500.00 -6773.27 
572500.00 7687500.00 -7391.53 
577500.00 7687500.00 -7458.48 
402500.00 7692500.00 -2678.00 
407500.00 7692500.00 -2943.89 
412500.00 7692500.00 -3238.25 
417500.00 7692500.00 -3502.16 
422500.00 7692500.00 -4424.01 
427500.00 7692500.00 -4770.03 
432500.00 7692500.00 -4690.44 
437500.00 7692500.00 -4725.15 
442500.00 7692500.00 -5046.77 
447500.00 7692500.00 -4975.06 
452500.00 7692500.00 -4842.46 
457500.00 7692500.00 -5031.35 
462500.00 7692500.00 -4678.28 
467500.00 7692500.00 -4477.80 
472500.00 7692500.00 -4770.28 
477500.00 7692500.00 -5016.20 
482500.00 7692500.00 -6176.42 
487500.00 7692500.00 -5258.42 
492500.00 7692500.00 -6024.30 
497500.00 7692500.00 -5965.67 
502500.00 7692500.00 -7200.49 
507500.00 7692500.00 -5656.45 
512500.00 7692500.00 -4543.32 
517500.00 7692500.00 -3734.00 
522500.00 7692500.00 -4876.16 
527500.00 7692500.00 -5218.70 
532500.00 7692500.00 -5236.89 
537500.00 7692500.00 -7214.06 
542500.00 7692500.00 -7503.86 
547500.00 7692500.00 -6062.80 
552500.00 7692500.00 -5617.52 
557500.00 7692500.00 -6019.25 
562500.00 7692500.00 -6413.91 
567500.00 7692500.00 -6681.49 
572500.00 7692500.00 -7260.03 
577500.00 7692500.00 -7701.21 
402500.00 7697500.00 -2270.01 
407500.00 7697500.00 -2704.14 
412500.00 7697500.00 -3066.29 
417500.00 7697500.00 -3338.04 
422500.00 7697500.00 -3965.88 
427500.00 7697500.00 -4536.03 
432500.00 7697500.00 -4601.48 
437500.00 7697500.00 -4673.97 
442500.00 7697500.00 -4938.57 
447500.00 7697500.00 -5167.12 
452500.00 7697500.00 -5025.65 
457500.00 7697500.00 -5024.65 
462500.00 7697500.00 -5258.30 
467500.00 7697500.00 -5090.98 
472500.00 7697500.00 -5220.74 
477500.00 7697500.00 -4891.88 
482500.00 7697500.00 -5915.77 
487500.00 7697500.00 -4986.55 
492500.00 7697500.00 -5790.52 
497500.00 7697500.00 -6235.55 
502500.00 7697500.00 -6738.44 
507500.00 7697500.00 -7130.39 
512500.00 7697500.00 -6270.30 
517500.00 7697500.00 -4555.21 
522500.00 7697500.00 -3999.64 
527500.00 7697500.00 -4476.31 
532500.00 7697500.00 -5024.25 
537500.00 7697500.00 -6720.80 
542500.00 7697500.00 -7401.82 
547500.00 7697500.00 -6198.03 
552500.00 7697500.00 -5280.30 
557500.00 7697500.00 -6322.36 
562500.00 7697500.00 -6350.79 
567500.00 7697500.00 -6599.86 
572500.00 7697500.00 -7382.64 
577500.00 7697500.00 -7808.79 
402500.00 7702500.00 -2000.81 
407500.00 7702500.00 -2563.07 
412500.00 7702500.00 -3013.99 
417500.00 7702500.00 -3243.07 
422500.00 7702500.00 -3743.72 
427500.00 7702500.00 -4496.61 
432500.00 7702500.00 -4823.36 
437500.00 7702500.00 -4841.70 
442500.00 7702500.00 -4940.25 
447500.00 7702500.00 -5058.47 
452500.00 7702500.00 -5195.16 
457500.00 7702500.00 -5186.32 
462500.00 7702500.00 -5161.77 
467500.00 7702500.00 -5377.32 
472500.00 7702500.00 -5471.91 
477500.00 7702500.00 -5606.62 
482500.00 7702500.00 -6192.77 
487500.00 7702500.00 -5541.03 
492500.00 7702500.00 -5765.65 
497500.00 7702500.00 -6718.79 
502500.00 7702500.00 -6451.67 
507500.00 7702500.00 -6974.89 
512500.00 7702500.00 -5591.76 
517500.00 7702500.00 -4362.06 
522500.00 7702500.00 -3984.18 
527500.00 7702500.00 -5036.38 
532500.00 7702500.00 -6934.97 
537500.00 7702500.00 -6972.05 
542500.00 7702500.00 -7632.69 
547500.00 7702500.00 -7006.74 
552500.00 7702500.00 -4168.09 
557500.00 7702500.00 -4826.99 
562500.00 7702500.00 -6221.03 
567500.00 7702500.00 -6661.00 
572500.00 7702500.00 -7317.80 
577500.00 7702500.00 -7637.92 
402500.00 7707500.00 -1676.02 
407500.00 7707500.00 -2601.78 
412500.00 7707500.00 -3001.59 
417500.00 7707500.00 -3237.45 
422500.00 7707500.00 -3704.40 
427500.00 7707500.00 -4336.29 
432500.00 7707500.00 -4868.93 
437500.00 7707500.00 -5006.09 
442500.00 7707500.00 -5095.90 
447500.00 7707500.00 -5058.87 
452500.00 7707500.00 -5084.58 
457500.00 7707500.00 -5043.15 
462500.00 7707500.00 -4261.07 
467500.00 7707500.00 -5187.85 
472500.00 7707500.00 -5583.88 
477500.00 7707500.00 -6052.99 
482500.00 7707500.00 -6378.80 
487500.00 7707500.00 -5602.51 
492500.00 7707500.00 -6191.37 
497500.00 7707500.00 -6710.22 
502500.00 7707500.00 -6361.21 
507500.00 7707500.00 -5030.42 
512500.00 7707500.00 -5243.20 
517500.00 7707500.00 -5356.91 
522500.00 7707500.00 -4780.84 
527500.00 7707500.00 -5856.84 
532500.00 7707500.00 -6233.49 
537500.00 7707500.00 -6494.27 
542500.00 7707500.00 -7626.66 
547500.00 7707500.00 -7015.03 
552500.00 7707500.00 -4406.48 
557500.00 7707500.00 -4411.53 
562500.00 7707500.00 -6093.51 
567500.00 7707500.00 -6685.74 
572500.00 7707500.00 -6974.70 
577500.00 7707500.00 -7176.30 
402500.00 7712500.00 -1638.31 
407500.00 7712500.00 -2444.98 
412500.00 7712500.00 -2865.03 
417500.00 7712500.00 -3131.41 
422500.00 7712500.00 -3517.56 
427500.00 7712500.00 -3996.72 
432500.00 7712500.00 -4905.92 
437500.00 7712500.00 -5231.88 
442500.00 7712500.00 -5363.87 
447500.00 7712500.00 -5157.36 
452500.00 7712500.00 -5039.23 
457500.00 7712500.00 -5185.77 
462500.00 7712500.00 -4749.06 
467500.00 7712500.00 -5408.87 
472500.00 7712500.00 -5699.41 
477500.00 7712500.00 -4944.40 
482500.00 7712500.00 -6131.59 
487500.00 7712500.00 -5837.86 
492500.00 7712500.00 -6221.53 
497500.00 7712500.00 -5877.56 
502500.00 7712500.00 -6990.77 
507500.00 7712500.00 -6714.07 
512500.00 7712500.00 -6051.80 
517500.00 7712500.00 -6733.67 
522500.00 7712500.00 -6190.82 
527500.00 7712500.00 -6974.77 
532500.00 7712500.00 -7109.16 
537500.00 7712500.00 -6003.24 
542500.00 7712500.00 -7603.94 
547500.00 7712500.00 -7165.88 
552500.00 7712500.00 -4457.91 
557500.00 7712500.00 -3840.76 
562500.00 7712500.00 -6671.54 
567500.00 7712500.00 -6901.22 
572500.00 7712500.00 -6831.65 
577500.00 7712500.00 -7005.01 
402500.00 7717500.00 -1543.85 
407500.00 7717500.00 -2155.59 
412500.00 7717500.00 -2666.47 
417500.00 7717500.00 -2933.00 
422500.00 7717500.00 -3388.01 
427500.00 7717500.00 -3927.00 
432500.00 7717500.00 -4873.41 
437500.00 7717500.00 -5114.92 
442500.00 7717500.00 -5206.90 
447500.00 7717500.00 -5185.26 
452500.00 7717500.00 -5109.59 
457500.00 7717500.00 -5063.17 
462500.00 7717500.00 -5122.04 
467500.00 7717500.00 -5095.93 
472500.00 7717500.00 -5789.26 
477500.00 7717500.00 -4977.16 
482500.00 7717500.00 -5939.47 
487500.00 7717500.00 -6345.17 
492500.00 7717500.00 -5478.34 
497500.00 7717500.00 -6440.34 
502500.00 7717500.00 -6868.88 
507500.00 7717500.00 -7408.98 
512500.00 7717500.00 -5759.01 
517500.00 7717500.00 -6690.58 
522500.00 7717500.00 -5545.83 
527500.00 7717500.00 -6718.98 
532500.00 7717500.00 -8117.03 
537500.00 7717500.00 -6723.66 
542500.00 7717500.00 -6210.01 
547500.00 7717500.00 -7020.91 
552500.00 7717500.00 -4712.71 
557500.00 7717500.00 -3841.53 
562500.00 7717500.00 -6940.32 
567500.00 7717500.00 -7080.22 
572500.00 7717500.00 -6921.46 
577500.00 7717500.00 -7041.30 
402500.00 7722500.00 -1337.84 
407500.00 7722500.00 -1920.82 
412500.00 7722500.00 -2379.16 
417500.00 7722500.00 -2882.89 
422500.00 7722500.00 -3415.35 
427500.00 7722500.00 -3875.22 
432500.00 7722500.00 -4749.14 
437500.00 7722500.00 -4762.10 
442500.00 7722500.00 -5130.33 
447500.00 7722500.00 -5102.10 
452500.00 7722500.00 -5184.34 
457500.00 7722500.00 -4821.48 
462500.00 7722500.00 -5317.37 
467500.00 7722500.00 -5332.79 
472500.00 7722500.00 -6144.12 
477500.00 7722500.00 -4688.72 
482500.00 7722500.00 -6443.08 
487500.00 7722500.00 -6971.65 
492500.00 7722500.00 -5892.99 
497500.00 7722500.00 -7126.21 
502500.00 7722500.00 -7562.43 
507500.00 7722500.00 -7964.36 
512500.00 7722500.00 -7102.40 
517500.00 7722500.00 -8128.61 
522500.00 7722500.00 -7642.42 
527500.00 7722500.00 -6203.26 
532500.00 7722500.00 -7932.15 
537500.00 7722500.00 -7901.60 
542500.00 7722500.00 -5486.34 
547500.00 7722500.00 -4571.73 
552500.00 7722500.00 -5556.79 
557500.00 7722500.00 -5858.03 
562500.00 7722500.00 -7108.36 
567500.00 7722500.00 -6917.39 
572500.00 7722500.00 -6850.50 
577500.00 7722500.00 -7205.71 
402500.00 7727500.00 -1140.20 
407500.00 7727500.00 -1673.25 
412500.00 7727500.00 -2207.14 
417500.00 7727500.00 -2645.25 
422500.00 7727500.00 -3119.13 
427500.00 7727500.00 -3764.25 
432500.00 7727500.00 -4752.08 
437500.00 7727500.00 -4779.99 
442500.00 7727500.00 -5132.50 
447500.00 7727500.00 -5293.83 
452500.00 7727500.00 -5116.48 
457500.00 7727500.00 -4920.61 
462500.00 7727500.00 -5313.21 
467500.00 7727500.00 -5582.10 
472500.00 7727500.00 -6213.38 
477500.00 7727500.00 -5067.39 
482500.00 7727500.00 -6558.46 
487500.00 7727500.00 -7132.52 
492500.00 7727500.00 -6427.13 
497500.00 7727500.00 -6947.78 
502500.00 7727500.00 -7985.32 
507500.00 7727500.00 -7350.75 
512500.00 7727500.00 -7408.07 
517500.00 7727500.00 -8290.26 
522500.00 7727500.00 -6479.74 
527500.00 7727500.00 -6038.20 
532500.00 7727500.00 -7698.73 
537500.00 7727500.00 -7915.06 
542500.00 7727500.00 -5500.00 
547500.00 7727500.00 -4491.98 
552500.00 7727500.00 -7058.62 
557500.00 7727500.00 -7283.75 
562500.00 7727500.00 -7054.43 
567500.00 7727500.00 -6743.58 
572500.00 7727500.00 -6772.52 
577500.00 7727500.00 -7329.41 
402500.00 7732500.00 -1026.76 
407500.00 7732500.00 -1382.89 
412500.00 7732500.00 -1965.37 
417500.00 7732500.00 -2375.25 
422500.00 7732500.00 -2903.70 
427500.00 7732500.00 -3549.39 
432500.00 7732500.00 -4582.51 
437500.00 7732500.00 -5172.76 
442500.00 7732500.00 -5283.04 
447500.00 7732500.00 -5354.85 
452500.00 7732500.00 -5231.34 
457500.00 7732500.00 -5072.16 
462500.00 7732500.00 -5151.17 
467500.00 7732500.00 -5722.21 
472500.00 7732500.00 -5641.63 
477500.00 7732500.00 -5327.79 
482500.00 7732500.00 -6483.93 
487500.00 7732500.00 -5952.83 
492500.00 7732500.00 -6708.76 
497500.00 7732500.00 -6914.44 
502500.00 7732500.00 -6350.40 
507500.00 7732500.00 -6372.40 
512500.00 7732500.00 -7908.01 
517500.00 7732500.00 -4989.38 
522500.00 7732500.00 -6810.54 
527500.00 7732500.00 -6249.86 
532500.00 7732500.00 -7200.73 
537500.00 7732500.00 -7980.77 
542500.00 7732500.00 -8299.95 
547500.00 7732500.00 -7740.31 
552500.00 7732500.00 -7501.29 
557500.00 7732500.00 -7380.79 
562500.00 7732500.00 -7305.21 
567500.00 7732500.00 -6810.14 
572500.00 7732500.00 -7108.61 
577500.00 7732500.00 -7491.97 
402500.00 7737500.00 -1008.07 
407500.00 7737500.00 -1307.87 
412500.00 7737500.00 -1934.84 
417500.00 7737500.00 -2418.25 
422500.00 7737500.00 -2873.28 
427500.00 7737500.00 -3296.95 
432500.00 7737500.00 -4463.99 
437500.00 7737500.00 -5416.30 
442500.00 7737500.00 -5305.12 
447500.00 7737500.00 -5426.50 
452500.00 7737500.00 -5285.54 
457500.00 7737500.00 -5096.83 
462500.00 7737500.00 -5189.22 
467500.00 7737500.00 -5736.87 
472500.00 7737500.00 -5662.99 
477500.00 7737500.00 -5645.63 
482500.00 7737500.00 -6541.94 
487500.00 7737500.00 -5665.46 
492500.00 7737500.00 -6512.92 
497500.00 7737500.00 -6733.49 
502500.00 7737500.00 -6015.14 
507500.00 7737500.00 -7394.38 
512500.00 7737500.00 -7280.36 
517500.00 7737500.00 -4813.73 
522500.00 7737500.00 -6660.18 
527500.00 7737500.00 -6672.32 
532500.00 7737500.00 -7155.66 
537500.00 7737500.00 -7720.18 
542500.00 7737500.00 -7712.79 
547500.00 7737500.00 -7704.48 
552500.00 7737500.00 -7212.69 
557500.00 7737500.00 -7304.02 
562500.00 7737500.00 -7658.27 
567500.00 7737500.00 -7530.20 
572500.00 7737500.00 -7929.04 
577500.00 7737500.00 -7941.51 
402500.00 7742500.00 -1302.18 
407500.00 7742500.00 -1389.50 
412500.00 7742500.00 -1868.10 
417500.00 7742500.00 -2409.91 
422500.00 7742500.00 -2904.13 
427500.00 7742500.00 -3273.23 
432500.00 7742500.00 -3950.53 
437500.00 7742500.00 -4905.46 
442500.00 7742500.00 -5457.99 
447500.00 7742500.00 -5713.55 
452500.00 7742500.00 -5293.76 
457500.00 7742500.00 -5253.28 
462500.00 7742500.00 -5619.56 
467500.00 7742500.00 -5861.48 
472500.00 7742500.00 -6000.38 
477500.00 7742500.00 -6188.78 
482500.00 7742500.00 -6629.13 
487500.00 7742500.00 -6002.80 
492500.00 7742500.00 -6253.33 
497500.00 7742500.00 -6479.34 
502500.00 7742500.00 -6526.75 
507500.00 7742500.00 -7188.96 
512500.00 7742500.00 -7171.03 
517500.00 7742500.00 -6594.26 
522500.00 7742500.00 -6212.69 
527500.00 7742500.00 -6377.98 
532500.00 7742500.00 -7424.09 
537500.00 7742500.00 -7978.67 
542500.00 7742500.00 -8124.82 
547500.00 7742500.00 -7806.62 
552500.00 7742500.00 -7276.16 
557500.00 7742500.00 -7091.48 
562500.00 7742500.00 -7781.03 
567500.00 7742500.00 -8302.95 
572500.00 7742500.00 -9032.96 
577500.00 7742500.00 -9129.50 
402500.00 7747500.00 -1412.39 
407500.00 7747500.00 -1462.52 
412500.00 7747500.00 -1689.89 
417500.00 7747500.00 -2266.50 
422500.00 7747500.00 -2885.37 
427500.00 7747500.00 -3339.40 
432500.00 7747500.00 -4079.72 
437500.00 7747500.00 -4871.13 
442500.00 7747500.00 -5575.28 
447500.00 7747500.00 -5665.75 
452500.00 7747500.00 -5425.63 
457500.00 7747500.00 -5433.31 
462500.00 7747500.00 -5765.68 
467500.00 7747500.00 -5915.91 
472500.00 7747500.00 -6321.38 
477500.00 7747500.00 -6110.91 
482500.00 7747500.00 -6589.52 
487500.00 7747500.00 -6274.50 
492500.00 7747500.00 -5949.39 
497500.00 7747500.00 -6187.09 
502500.00 7747500.00 -6758.53 
507500.00 7747500.00 -7258.55 
512500.00 7747500.00 -7594.18 
517500.00 7747500.00 -7058.44 
522500.00 7747500.00 -7633.51 
527500.00 7747500.00 -6893.13 
532500.00 7747500.00 -6266.14 
537500.00 7747500.00 -5806.25 
542500.00 7747500.00 -8253.76 
547500.00 7747500.00 -7170.25 
552500.00 7747500.00 -7280.04 
557500.00 7747500.00 -7023.01 
562500.00 7747500.00 -7605.26 
567500.00 7747500.00 -8055.23 
572500.00 7747500.00 -9261.37 
577500.00 7747500.00 -9382.88 
402500.00 7752500.00 -1318.79 
407500.00 7752500.00 -1380.29 
412500.00 7752500.00 -1528.95 
417500.00 7752500.00 -2206.85 
422500.00 7752500.00 -2720.90 
427500.00 7752500.00 -3351.67 
432500.00 7752500.00 -4276.97 
437500.00 7752500.00 -5000.14 
442500.00 7752500.00 -5656.10 
447500.00 7752500.00 -5750.76 
452500.00 7752500.00 -5625.68 
457500.00 7752500.00 -5465.08 
462500.00 7752500.00 -5611.09 
467500.00 7752500.00 -5843.62 
472500.00 7752500.00 -6370.72 
477500.00 7752500.00 -5259.48 
482500.00 7752500.00 -6685.92 
487500.00 7752500.00 -6949.51 
492500.00 7752500.00 -5446.72 
497500.00 7752500.00 -5968.43 
502500.00 7752500.00 -6394.83 
507500.00 7752500.00 -7317.76 
512500.00 7752500.00 -7888.39 
517500.00 7752500.00 -7750.01 
522500.00 7752500.00 -7564.09 
527500.00 7752500.00 -8074.92 
532500.00 7752500.00 -7962.68 
537500.00 7752500.00 -6876.27 
542500.00 7752500.00 -7948.28 
547500.00 7752500.00 -7572.48 
552500.00 7752500.00 -8290.13 
557500.00 7752500.00 -7811.96 
562500.00 7752500.00 -7999.93 
567500.00 7752500.00 -8470.62 
572500.00 7752500.00 -9234.29 
577500.00 7752500.00 -7581.27 
402500.00 7757500.00 -1166.96 
407500.00 7757500.00 -1354.30 
412500.00 7757500.00 -1433.54 
417500.00 7757500.00 -1928.94 
422500.00 7757500.00 -2582.50 
427500.00 7757500.00 -3313.34 
432500.00 7757500.00 -4272.09 
437500.00 7757500.00 -4881.45 
442500.00 7757500.00 -5366.27 
447500.00 7757500.00 -5908.63 
452500.00 7757500.00 -5729.84 
457500.00 7757500.00 -5591.83 
462500.00 7757500.00 -5788.33 
467500.00 7757500.00 -5989.96 
472500.00 7757500.00 -6278.64 
477500.00 7757500.00 -5816.13 
482500.00 7757500.00 -6837.02 
487500.00 7757500.00 -6856.74 
492500.00 7757500.00 -6333.28 
497500.00 7757500.00 -6562.73 
502500.00 7757500.00 -5942.72 
507500.00 7757500.00 -6998.45 
512500.00 7757500.00 -6865.18 
517500.00 7757500.00 -7108.48 
522500.00 7757500.00 -7802.58 
527500.00 7757500.00 -8324.40 
532500.00 7757500.00 -8068.85 
537500.00 7757500.00 -7525.69 
542500.00 7757500.00 -4815.45 
547500.00 7757500.00 -5355.28 
552500.00 7757500.00 -8478.59 
557500.00 7757500.00 -7781.13 
562500.00 7757500.00 -8327.37 
567500.00 7757500.00 -8974.11 
572500.00 7757500.00 -8994.48 
577500.00 7757500.00 -8953.67 
402500.00 7762500.00 -1019.35 
407500.00 7762500.00 -1179.04 
412500.00 7762500.00 -1427.97 
417500.00 7762500.00 -2164.32 
422500.00 7762500.00 -2634.76 
427500.00 7762500.00 -3279.64 
432500.00 7762500.00 -4224.49 
437500.00 7762500.00 -4692.14 
442500.00 7762500.00 -5089.22 
447500.00 7762500.00 -5594.61 
452500.00 7762500.00 -5705.73 
457500.00 7762500.00 -5853.96 
462500.00 7762500.00 -6025.66 
467500.00 7762500.00 -6024.71 
472500.00 7762500.00 -6389.67 
477500.00 7762500.00 -5706.61 
482500.00 7762500.00 -6641.40 
487500.00 7762500.00 -6745.67 
492500.00 7762500.00 -6758.74 
497500.00 7762500.00 -6727.84 
502500.00 7762500.00 -5691.93 
507500.00 7762500.00 -6309.60 
512500.00 7762500.00 -7076.44 
517500.00 7762500.00 -7449.18 
522500.00 7762500.00 -7663.96 
527500.00 7762500.00 -7755.74 
532500.00 7762500.00 -7354.15 
537500.00 7762500.00 -7271.75 
542500.00 7762500.00 -7651.07 
547500.00 7762500.00 -7894.27 
552500.00 7762500.00 -8486.82 
557500.00 7762500.00 -7842.90 
562500.00 7762500.00 -7819.22 
567500.00 7762500.00 -8432.02 
572500.00 7762500.00 -8844.30 
577500.00 7762500.00 -8895.97 
402500.00 7767500.00 -1010.97 
407500.00 7767500.00 -1209.85 
412500.00 7767500.00 -1414.84 
417500.00 7767500.00 -2212.58 
422500.00 7767500.00 -2685.01 
427500.00 7767500.00 -3209.66 
432500.00 7767500.00 -4216.90 
437500.00 7767500.00 -4669.81 
442500.00 7767500.00 -5109.37 
447500.00 7767500.00 -5474.86 
452500.00 7767500.00 -5716.14 
457500.00 7767500.00 -6049.67 
462500.00 7767500.00 -5960.38 
467500.00 7767500.00 -6076.63 
472500.00 7767500.00 -6256.41 
477500.00 7767500.00 -5872.82 
482500.00 7767500.00 -6477.51 
487500.00 7767500.00 -6527.75 
492500.00 7767500.00 -6375.08 
497500.00 7767500.00 -6355.58 
502500.00 7767500.00 -7335.81 
507500.00 7767500.00 -7218.16 
512500.00 7767500.00 -7094.81 
517500.00 7767500.00 -7077.51 
522500.00 7767500.00 -7929.39 
527500.00 7767500.00 -7911.38 
532500.00 7767500.00 -7583.44 
537500.00 7767500.00 -7485.95 
542500.00 7767500.00 -8237.76 
547500.00 7767500.00 -8252.25 
552500.00 7767500.00 -8140.78 
557500.00 7767500.00 -8188.98 
562500.00 7767500.00 -7986.46 
567500.00 7767500.00 -8626.96 
572500.00 7767500.00 -9137.48 
577500.00 7767500.00 -9311.04 
402500.00 7772500.00 -862.82 
407500.00 7772500.00 -1206.33 
412500.00 7772500.00 -1584.97 
417500.00 7772500.00 -2277.54 
422500.00 7772500.00 -2926.29 
427500.00 7772500.00 -3290.63 
432500.00 7772500.00 -4034.13 
437500.00 7772500.00 -4651.08 
442500.00 7772500.00 -4959.10 
447500.00 7772500.00 -5261.57 
452500.00 7772500.00 -5666.20 
457500.00 7772500.00 -5909.60 
462500.00 7772500.00 -5888.69 
467500.00 7772500.00 -6131.27 
472500.00 7772500.00 -6151.36 
477500.00 7772500.00 -6475.80 
482500.00 7772500.00 -6242.32 
487500.00 7772500.00 -6061.22 
492500.00 7772500.00 -7192.17 
497500.00 7772500.00 -7436.61 
502500.00 7772500.00 -7715.34 
507500.00 7772500.00 -7706.59 
512500.00 7772500.00 -7694.27 
517500.00 7772500.00 -6986.37 
522500.00 7772500.00 -7432.35 
527500.00 7772500.00 -7438.28 
532500.00 7772500.00 -7890.64 
537500.00 7772500.00 -8294.76 
542500.00 7772500.00 -9056.81 
547500.00 7772500.00 -9036.92 
552500.00 7772500.00 -9485.16 
557500.00 7772500.00 -9109.14 
562500.00 7772500.00 -9061.03 
567500.00 7772500.00 -9086.22 
572500.00 7772500.00 -9043.80 
577500.00 7772500.00 -9307.12 
402500.00 7777500.00 -799.03 
407500.00 7777500.00 -1205.70 
412500.00 7777500.00 -1691.08 
417500.00 7777500.00 -2194.80 
422500.00 7777500.00 -2961.34 
427500.00 7777500.00 -3370.55 
432500.00 7777500.00 -4022.30 
437500.00 7777500.00 -4402.51 
442500.00 7777500.00 -4754.69 
447500.00 7777500.00 -5116.98 
452500.00 7777500.00 -5632.35 
457500.00 7777500.00 -5990.95 
462500.00 7777500.00 -5942.42 
467500.00 7777500.00 -5822.17 
472500.00 7777500.00 -6196.97 
477500.00 7777500.00 -6428.81 
482500.00 7777500.00 -6135.31 
487500.00 7777500.00 -6029.78 
492500.00 7777500.00 -7387.54 
497500.00 7777500.00 -7755.90 
502500.00 7777500.00 -7363.45 
507500.00 7777500.00 -7552.93 
512500.00 7777500.00 -7798.12 
517500.00 7777500.00 -7359.02 
522500.00 7777500.00 -7854.43 
527500.00 7777500.00 -7867.78 
532500.00 7777500.00 -8970.65 
537500.00 7777500.00 -9753.69 
542500.00 7777500.00 -8953.09 
547500.00 7777500.00 -8597.28 
552500.00 7777500.00 -9350.91 
557500.00 7777500.00 -9208.89 
562500.00 7777500.00 -9548.11 
567500.00 7777500.00 -9765.83 
572500.00 7777500.00 -9143.50 
577500.00 7777500.00 -8993.99 
402500.00 7782500.00 -946.57 
407500.00 7782500.00 -1319.81 
412500.00 7782500.00 -1801.47 
417500.00 7782500.00 -2235.67 
422500.00 7782500.00 -2993.43 
427500.00 7782500.00 -3531.65 
432500.00 7782500.00 -4103.99 
437500.00 7782500.00 -4252.38 
442500.00 7782500.00 -4442.98 
447500.00 7782500.00 -4860.06 
452500.00 7782500.00 -5446.48 
457500.00 7782500.00 -5896.87 
462500.00 7782500.00 -5967.05 
467500.00 7782500.00 -5806.36 
472500.00 7782500.00 -6256.57 
477500.00 7782500.00 -6140.05 
482500.00 7782500.00 -5788.28 
487500.00 7782500.00 -7272.09 
492500.00 7782500.00 -7787.02 
497500.00 7782500.00 -7559.91 
502500.00 7782500.00 -6518.27 
507500.00 7782500.00 -7615.06 
512500.00 7782500.00 -8002.34 
517500.00 7782500.00 -8001.66 
522500.00 7782500.00 -7610.77 
527500.00 7782500.00 -8150.65 
532500.00 7782500.00 -9747.08 
537500.00 7782500.00 -9330.21 
542500.00 7782500.00 -7892.30 
547500.00 7782500.00 -7364.92 
552500.00 7782500.00 -9299.94 
557500.00 7782500.00 -9453.70 
562500.00 7782500.00 -9272.31 
567500.00 7782500.00 -9491.21 
572500.00 7782500.00 -9407.83 
577500.00 7782500.00 -9195.05 
402500.00 7787500.00 -1158.43 
407500.00 7787500.00 -1416.62 
412500.00 7787500.00 -1920.72 
417500.00 7787500.00 -2201.79 
422500.00 7787500.00 -2811.74 
427500.00 7787500.00 -3397.50 
432500.00 7787500.00 -4021.92 
437500.00 7787500.00 -4366.38 
442500.00 7787500.00 -4403.48 
447500.00 7787500.00 -4756.09 
452500.00 7787500.00 -5577.66 
457500.00 7787500.00 -6039.03 
462500.00 7787500.00 -6160.00 
467500.00 7787500.00 -5911.72 
472500.00 7787500.00 -6391.22 
477500.00 7787500.00 -6792.86 
482500.00 7787500.00 -6478.87 
487500.00 7787500.00 -7225.06 
492500.00 7787500.00 -8049.89 
497500.00 7787500.00 -7073.42 
502500.00 7787500.00 -5544.45 
507500.00 7787500.00 -7739.89 
512500.00 7787500.00 -8128.74 
517500.00 7787500.00 -8272.30 
522500.00 7787500.00 -5754.61 
527500.00 7787500.00 -7924.03 
532500.00 7787500.00 -10136.56 
537500.00 7787500.00 -8833.89 
542500.00 7787500.00 -8225.29 
547500.00 7787500.00 -8078.42 
552500.00 7787500.00 -8974.79 
557500.00 7787500.00 -9194.45 
562500.00 7787500.00 -9147.84 
567500.00 7787500.00 -9175.20 
572500.00 7787500.00 -9315.97 
577500.00 7787500.00 -9216.91 
402500.00 7792500.00 -1268.45 
407500.00 7792500.00 -1406.98 
412500.00 7792500.00 -1835.56 
417500.00 7792500.00 -2222.20 
422500.00 7792500.00 -2775.05 
427500.00 7792500.00 -3279.20 
432500.00 7792500.00 -3985.97 
437500.00 7792500.00 -4494.15 
442500.00 7792500.00 -4797.53 
447500.00 7792500.00 -4802.34 
452500.00 7792500.00 -5386.28 
457500.00 7792500.00 -5793.52 
462500.00 7792500.00 -5923.79 
467500.00 7792500.00 -6230.42 
472500.00 7792500.00 -6146.99 
477500.00 7792500.00 -6420.03 
482500.00 7792500.00 -6744.05 
487500.00 7792500.00 -7037.32 
492500.00 7792500.00 -6600.72 
497500.00 7792500.00 -7092.58 
502500.00 7792500.00 -7779.56 
507500.00 7792500.00 -8083.71 
512500.00 7792500.00 -8211.15 
517500.00 7792500.00 -8064.19 
522500.00 7792500.00 -7111.63 
527500.00 7792500.00 -8148.13 
532500.00 7792500.00 -8952.40 
537500.00 7792500.00 -8579.78 
542500.00 7792500.00 -8748.59 
547500.00 7792500.00 -8811.46 
552500.00 7792500.00 -8899.59 
557500.00 7792500.00 -8996.54 
562500.00 7792500.00 -9249.14 
567500.00 7792500.00 -9200.01 
572500.00 7792500.00 -9223.90 
577500.00 7792500.00 -9184.54 
402500.00 7797500.00 -1189.47 
407500.00 7797500.00 -1283.53 
412500.00 7797500.00 -1774.76 
417500.00 7797500.00 -2230.34 
422500.00 7797500.00 -2608.69 
427500.00 7797500.00 -3015.23 
432500.00 7797500.00 -4251.20 
437500.00 7797500.00 -4766.03 
442500.00 7797500.00 -5051.09 
447500.00 7797500.00 -5031.67 
452500.00 7797500.00 -5410.12 
457500.00 7797500.00 -5761.20 
462500.00 7797500.00 -6058.36 
467500.00 7797500.00 -6351.34 
472500.00 7797500.00 -6032.19 
477500.00 7797500.00 -6569.42 
482500.00 7797500.00 -6957.03 
487500.00 7797500.00 -7378.49 
492500.00 7797500.00 -6245.01 
497500.00 7797500.00 -6504.34 
502500.00 7797500.00 -7317.87 
507500.00 7797500.00 -7363.61 
512500.00 7797500.00 -7798.13 
517500.00 7797500.00 -7796.48 
522500.00 7797500.00 -7839.61 
527500.00 7797500.00 -7963.00 
532500.00 7797500.00 -8356.06 
537500.00 7797500.00 -8530.11 
542500.00 7797500.00 -8670.60 
547500.00 7797500.00 -8740.63 
552500.00 7797500.00 -8867.21 
557500.00 7797500.00 -8954.01 
562500.00 7797500.00 -9153.02 
567500.00 7797500.00 -9140.57 
572500.00 7797500.00 -9209.94 
577500.00 7797500.00 -9189.12 
402500.00 7802500.00 -1061.91 
407500.00 7802500.00 -1111.17 
412500.00 7802500.00 -1648.19 
417500.00 7802500.00 -2156.23 
422500.00 7802500.00 -2834.88 
427500.00 7802500.00 -3272.66 
432500.00 7802500.00 -4187.52 
437500.00 7802500.00 -4789.35 
442500.00 7802500.00 -5114.78 
447500.00 7802500.00 -5377.64 
452500.00 7802500.00 -5599.70 
457500.00 7802500.00 -5766.30 
462500.00 7802500.00 -6275.69 
467500.00 7802500.00 -6344.97 
472500.00 7802500.00 -6516.43 
477500.00 7802500.00 -5993.90 
482500.00 7802500.00 -5518.32 
487500.00 7802500.00 -6875.34 
492500.00 7802500.00 -6286.56 
497500.00 7802500.00 -4605.56 
502500.00 7802500.00 -6509.79 
507500.00 7802500.00 -6876.92 
512500.00 7802500.00 -7300.84 
517500.00 7802500.00 -7613.43 
522500.00 7802500.00 -7883.21 
527500.00 7802500.00 -7998.32 
532500.00 7802500.00 -8197.23 
537500.00 7802500.00 -8301.40 
542500.00 7802500.00 -8567.82 
547500.00 7802500.00 -8645.05 
552500.00 7802500.00 -8723.83 
557500.00 7802500.00 -8769.15 
562500.00 7802500.00 -8958.12 
567500.00 7802500.00 -8849.69 
572500.00 7802500.00 -8923.43 
577500.00 7802500.00 -8840.04 
