# Petrel Points with attributes
# Unit in X and Y direction: m
# Unit in depth: m
VERSION 1
BEGIN HEADER
X
Y
Z
END HEADER
402500.00 7652500.00 -4149.33 
407500.00 7652500.00 -4667.96 
412500.00 7652500.00 -4813.12 
417500.00 7652500.00 -4635.70 
422500.00 7652500.00 -4633.30 
427500.00 7652500.00 -4578.64 
432500.00 7652500.00 -4647.02 
437500.00 7652500.00 -5232.87 
442500.00 7652500.00 -4916.01 
447500.00 7652500.00 -5265.31 
452500.00 7652500.00 -5310.87 
457500.00 7652500.00 -5239.80 
462500.00 7652500.00 -5474.64 
467500.00 7652500.00 -4144.81 
472500.00 7652500.00 -3053.76 
477500.00 7652500.00 -3985.79 
482500.00 7652500.00 -4856.89 
487500.00 7652500.00 -5876.43 
492500.00 7652500.00 -5906.15 
497500.00 7652500.00 -4434.42 
502500.00 7652500.00 -5241.66 
507500.00 7652500.00 -3986.60 
512500.00 7652500.00 -4105.33 
517500.00 7652500.00 -5599.94 
522500.00 7652500.00 -6640.65 
527500.00 7652500.00 -6629.07 
532500.00 7652500.00 -6814.04 
537500.00 7652500.00 -5383.76 
542500.00 7652500.00 -4144.81 
547500.00 7652500.00 -3651.19 
552500.00 7652500.00 -5393.06 
557500.00 7652500.00 -6757.69 
562500.00 7652500.00 -6708.41 
567500.00 7652500.00 -6474.31 
572500.00 7652500.00 -6333.34 
577500.00 7652500.00 -6173.43 
402500.00 7657500.00 -4114.18 
407500.00 7657500.00 -4438.39 
412500.00 7657500.00 -5057.35 
417500.00 7657500.00 -4851.23 
422500.00 7657500.00 -4581.73 
427500.00 7657500.00 -4510.38 
432500.00 7657500.00 -4668.06 
437500.00 7657500.00 -4843.00 
442500.00 7657500.00 -4902.11 
447500.00 7657500.00 -5226.85 
452500.00 7657500.00 -4730.91 
457500.00 7657500.00 -4544.34 
462500.00 7657500.00 -4570.94 
467500.00 7657500.00 -4517.91 
472500.00 7657500.00 -3086.88 
477500.00 7657500.00 -3945.53 
482500.00 7657500.00 -6111.05 
487500.00 7657500.00 -5068.38 
492500.00 7657500.00 -4115.66 
497500.00 7657500.00 -3863.78 
502500.00 7657500.00 -4833.77 
507500.00 7657500.00 -3636.39 
512500.00 7657500.00 -3375.59 
517500.00 7657500.00 -5112.46 
522500.00 7657500.00 -6665.67 
527500.00 7657500.00 -6574.24 
532500.00 7657500.00 -5938.41 
537500.00 7657500.00 -5621.32 
542500.00 7657500.00 -4444.11 
547500.00 7657500.00 -4287.84 
552500.00 7657500.00 -5639.28 
557500.00 7657500.00 -7072.95 
562500.00 7657500.00 -7116.95 
567500.00 7657500.00 -6925.06 
572500.00 7657500.00 -6724.05 
577500.00 7657500.00 -6699.85 
402500.00 7662500.00 -4229.18 
407500.00 7662500.00 -4253.32 
412500.00 7662500.00 -4832.70 
417500.00 7662500.00 -4840.93 
422500.00 7662500.00 -4588.58 
427500.00 7662500.00 -4586.59 
432500.00 7662500.00 -4670.95 
437500.00 7662500.00 -4699.21 
442500.00 7662500.00 -4869.13 
447500.00 7662500.00 -4292.56 
452500.00 7662500.00 -4248.45 
457500.00 7662500.00 -5336.90 
462500.00 7662500.00 -4856.92 
467500.00 7662500.00 -4595.19 
472500.00 7662500.00 -3892.71 
477500.00 7662500.00 -4234.05 
482500.00 7662500.00 -5523.62 
487500.00 7662500.00 -3917.95 
492500.00 7662500.00 -4875.29 
497500.00 7662500.00 -4717.26 
502500.00 7662500.00 -6766.10 
507500.00 7662500.00 -4793.07 
512500.00 7662500.00 -3423.26 
517500.00 7662500.00 -4374.42 
522500.00 7662500.00 -7063.94 
527500.00 7662500.00 -5639.13 
532500.00 7662500.00 -6733.48 
537500.00 7662500.00 -5131.54 
542500.00 7662500.00 -4190.98 
547500.00 7662500.00 -4652.59 
552500.00 7662500.00 -4734.14 
557500.00 7662500.00 -6820.85 
562500.00 7662500.00 -7576.46 
567500.00 7662500.00 -7282.50 
572500.00 7662500.00 -7051.27 
577500.00 7662500.00 -7215.00 
402500.00 7667500.00 -3983.03 
407500.00 7667500.00 -4222.08 
412500.00 7667500.00 -4571.73 
417500.00 7667500.00 -4740.29 
422500.00 7667500.00 -4783.52 
427500.00 7667500.00 -4643.09 
432500.00 7667500.00 -4224.64 
437500.00 7667500.00 -4636.81 
442500.00 7667500.00 -4945.83 
447500.00 7667500.00 -4417.44 
452500.00 7667500.00 -4699.27 
457500.00 7667500.00 -5765.15 
462500.00 7667500.00 -5194.32 
467500.00 7667500.00 -5106.10 
472500.00 7667500.00 -5933.19 
477500.00 7667500.00 -4413.01 
482500.00 7667500.00 -5605.63 
487500.00 7667500.00 -4983.33 
492500.00 7667500.00 -5079.36 
497500.00 7667500.00 -5224.38 
502500.00 7667500.00 -7872.22 
507500.00 7667500.00 -5778.16 
512500.00 7667500.00 -3736.11 
517500.00 7667500.00 -4353.27 
522500.00 7667500.00 -6148.63 
527500.00 7667500.00 -5258.98 
532500.00 7667500.00 -7498.81 
537500.00 7667500.00 -7186.73 
542500.00 7667500.00 -5090.30 
547500.00 7667500.00 -5104.75 
552500.00 7667500.00 -5198.01 
557500.00 7667500.00 -6394.46 
562500.00 7667500.00 -7281.87 
567500.00 7667500.00 -7128.29 
572500.00 7667500.00 -6812.58 
577500.00 7667500.00 -6841.21 
402500.00 7672500.00 -3439.11 
407500.00 7672500.00 -3614.96 
412500.00 7672500.00 -4233.19 
417500.00 7672500.00 -4772.27 
422500.00 7672500.00 -4755.65 
427500.00 7672500.00 -4684.89 
432500.00 7672500.00 -4746.40 
437500.00 7672500.00 -4915.19 
442500.00 7672500.00 -4900.05 
447500.00 7672500.00 -4315.71 
452500.00 7672500.00 -4945.26 
457500.00 7672500.00 -5569.35 
462500.00 7672500.00 -5572.36 
467500.00 7672500.00 -4682.55 
472500.00 7672500.00 -5895.23 
477500.00 7672500.00 -5281.29 
482500.00 7672500.00 -5539.32 
487500.00 7672500.00 -6420.38 
492500.00 7672500.00 -5010.74 
497500.00 7672500.00 -6185.34 
502500.00 7672500.00 -7071.96 
507500.00 7672500.00 -5006.69 
512500.00 7672500.00 -3974.55 
517500.00 7672500.00 -4930.35 
522500.00 7672500.00 -5456.13 
527500.00 7672500.00 -5300.09 
532500.00 7672500.00 -7434.93 
537500.00 7672500.00 -7487.01 
542500.00 7672500.00 -5191.41 
547500.00 7672500.00 -4755.49 
552500.00 7672500.00 -5627.50 
557500.00 7672500.00 -6072.35 
562500.00 7672500.00 -6530.68 
567500.00 7672500.00 -6450.34 
572500.00 7672500.00 -6510.35 
577500.00 7672500.00 -6653.57 
402500.00 7677500.00 -3269.67 
407500.00 7677500.00 -3450.07 
412500.00 7677500.00 -3954.99 
417500.00 7677500.00 -4605.14 
422500.00 7677500.00 -4785.54 
427500.00 7677500.00 -4731.46 
432500.00 7677500.00 -4661.10 
437500.00 7677500.00 -4721.92 
442500.00 7677500.00 -4909.83 
447500.00 7677500.00 -4831.03 
452500.00 7677500.00 -5321.67 
457500.00 7677500.00 -5606.92 
462500.00 7677500.00 -5622.03 
467500.00 7677500.00 -4535.13 
472500.00 7677500.00 -5831.62 
477500.00 7677500.00 -5444.11 
482500.00 7677500.00 -4798.01 
487500.00 7677500.00 -6464.56 
492500.00 7677500.00 -4899.88 
497500.00 7677500.00 -7094.00 
502500.00 7677500.00 -5456.54 
507500.00 7677500.00 -4128.10 
512500.00 7677500.00 -3801.94 
517500.00 7677500.00 -4320.06 
522500.00 7677500.00 -6317.69 
527500.00 7677500.00 -6419.00 
532500.00 7677500.00 -7740.23 
537500.00 7677500.00 -7667.08 
542500.00 7677500.00 -5945.73 
547500.00 7677500.00 -5037.00 
552500.00 7677500.00 -5377.80 
557500.00 7677500.00 -6301.13 
562500.00 7677500.00 -6911.93 
567500.00 7677500.00 -6721.34 
572500.00 7677500.00 -6523.94 
577500.00 7677500.00 -7101.34 
402500.00 7682500.00 -3106.62 
407500.00 7682500.00 -3324.78 
412500.00 7682500.00 -3696.70 
417500.00 7682500.00 -4219.20 
422500.00 7682500.00 -4600.73 
427500.00 7682500.00 -4623.04 
432500.00 7682500.00 -4569.67 
437500.00 7682500.00 -4590.55 
442500.00 7682500.00 -5006.03 
447500.00 7682500.00 -5336.11 
452500.00 7682500.00 -4974.30 
457500.00 7682500.00 -4863.08 
462500.00 7682500.00 -5457.31 
467500.00 7682500.00 -4565.59 
472500.00 7682500.00 -5278.36 
477500.00 7682500.00 -5494.13 
482500.00 7682500.00 -4606.99 
487500.00 7682500.00 -6241.48 
492500.00 7682500.00 -5081.12 
497500.00 7682500.00 -6949.47 
502500.00 7682500.00 -6284.26 
507500.00 7682500.00 -7080.59 
512500.00 7682500.00 -5205.31 
517500.00 7682500.00 -5517.21 
522500.00 7682500.00 -6332.90 
527500.00 7682500.00 -5434.69 
532500.00 7682500.00 -7416.90 
537500.00 7682500.00 -7865.33 
542500.00 7682500.00 -6842.34 
547500.00 7682500.00 -5982.09 
552500.00 7682500.00 -7121.17 
557500.00 7682500.00 -6895.32 
562500.00 7682500.00 -6830.41 
567500.00 7682500.00 -6766.22 
572500.00 7682500.00 -6947.30 
577500.00 7682500.00 -7357.46 
402500.00 7687500.00 -2949.56 
407500.00 7687500.00 -3159.77 
412500.00 7687500.00 -3528.66 
417500.00 7687500.00 -3928.90 
422500.00 7687500.00 -4456.85 
427500.00 7687500.00 -4569.65 
432500.00 7687500.00 -4609.44 
437500.00 7687500.00 -4685.04 
442500.00 7687500.00 -4900.33 
447500.00 7687500.00 -4983.85 
452500.00 7687500.00 -4989.63 
457500.00 7687500.00 -4934.03 
462500.00 7687500.00 -5087.47 
467500.00 7687500.00 -4454.62 
472500.00 7687500.00 -5346.28 
477500.00 7687500.00 -5486.90 
482500.00 7687500.00 -5698.94 
487500.00 7687500.00 -6074.59 
492500.00 7687500.00 -6157.08 
497500.00 7687500.00 -5871.41 
502500.00 7687500.00 -7385.13 
507500.00 7687500.00 -7032.18 
512500.00 7687500.00 -5948.89 
517500.00 7687500.00 -5071.19 
522500.00 7687500.00 -6409.81 
527500.00 7687500.00 -5647.18 
532500.00 7687500.00 -6573.31 
537500.00 7687500.00 -7747.15 
542500.00 7687500.00 -7284.12 
547500.00 7687500.00 -5456.36 
552500.00 7687500.00 -4782.94 
557500.00 7687500.00 -4906.10 
562500.00 7687500.00 -6352.65 
567500.00 7687500.00 -6729.10 
572500.00 7687500.00 -7352.88 
577500.00 7687500.00 -7421.50 
402500.00 7692500.00 -2639.11 
407500.00 7692500.00 -2907.41 
412500.00 7692500.00 -3209.92 
417500.00 7692500.00 -3464.76 
422500.00 7692500.00 -4322.52 
427500.00 7692500.00 -4581.18 
432500.00 7692500.00 -4461.58 
437500.00 7692500.00 -4516.14 
442500.00 7692500.00 -4868.63 
447500.00 7692500.00 -4846.66 
452500.00 7692500.00 -4688.17 
457500.00 7692500.00 -4846.62 
462500.00 7692500.00 -4578.13 
467500.00 7692500.00 -4421.41 
472500.00 7692500.00 -4712.38 
477500.00 7692500.00 -4958.18 
482500.00 7692500.00 -6103.52 
487500.00 7692500.00 -5210.87 
492500.00 7692500.00 -5990.14 
497500.00 7692500.00 -5929.02 
502500.00 7692500.00 -7200.49 
507500.00 7692500.00 -5656.45 
512500.00 7692500.00 -4494.62 
517500.00 7692500.00 -3638.13 
522500.00 7692500.00 -4839.14 
527500.00 7692500.00 -5209.32 
532500.00 7692500.00 -5198.63 
537500.00 7692500.00 -7164.40 
542500.00 7692500.00 -7444.21 
547500.00 7692500.00 -5992.06 
552500.00 7692500.00 -5538.15 
557500.00 7692500.00 -5945.04 
562500.00 7692500.00 -6356.33 
567500.00 7692500.00 -6634.08 
572500.00 7692500.00 -7218.34 
577500.00 7692500.00 -7660.87 
402500.00 7697500.00 -2263.67 
407500.00 7697500.00 -2686.83 
412500.00 7697500.00 -3038.22 
417500.00 7697500.00 -3307.62 
422500.00 7697500.00 -3906.13 
427500.00 7697500.00 -4397.87 
432500.00 7697500.00 -4400.02 
437500.00 7697500.00 -4454.84 
442500.00 7697500.00 -4717.48 
447500.00 7697500.00 -5001.96 
452500.00 7697500.00 -4880.19 
457500.00 7697500.00 -4861.67 
462500.00 7697500.00 -5169.92 
467500.00 7697500.00 -5040.11 
472500.00 7697500.00 -5166.49 
477500.00 7697500.00 -4817.77 
482500.00 7697500.00 -5854.25 
487500.00 7697500.00 -4954.90 
492500.00 7697500.00 -5770.13 
497500.00 7697500.00 -6206.48 
502500.00 7697500.00 -6706.42 
507500.00 7697500.00 -7118.38 
512500.00 7697500.00 -6250.70 
517500.00 7697500.00 -4501.38 
522500.00 7697500.00 -3949.58 
527500.00 7697500.00 -4466.11 
532500.00 7697500.00 -5007.31 
537500.00 7697500.00 -6675.18 
542500.00 7697500.00 -7348.74 
547500.00 7697500.00 -6131.97 
552500.00 7697500.00 -5198.62 
557500.00 7697500.00 -6245.98 
562500.00 7697500.00 -6289.51 
567500.00 7697500.00 -6549.38 
572500.00 7697500.00 -7338.34 
577500.00 7697500.00 -7766.20 
402500.00 7702500.00 -1993.63 
407500.00 7702500.00 -2535.27 
412500.00 7702500.00 -2968.58 
417500.00 7702500.00 -3196.46 
422500.00 7702500.00 -3693.88 
427500.00 7702500.00 -4402.83 
432500.00 7702500.00 -4658.82 
437500.00 7702500.00 -4620.36 
442500.00 7702500.00 -4717.99 
447500.00 7702500.00 -4908.62 
452500.00 7702500.00 -5054.05 
457500.00 7702500.00 -5075.23 
462500.00 7702500.00 -5127.00 
467500.00 7702500.00 -5309.69 
472500.00 7702500.00 -5378.93 
477500.00 7702500.00 -5574.15 
482500.00 7702500.00 -6156.05 
487500.00 7702500.00 -5514.29 
492500.00 7702500.00 -5738.72 
497500.00 7702500.00 -6680.05 
502500.00 7702500.00 -6396.63 
507500.00 7702500.00 -6941.46 
512500.00 7702500.00 -5591.76 
517500.00 7702500.00 -4305.12 
522500.00 7702500.00 -3897.69 
527500.00 7702500.00 -4996.85 
532500.00 7702500.00 -6920.89 
537500.00 7702500.00 -6936.99 
542500.00 7702500.00 -7582.21 
547500.00 7702500.00 -6948.32 
552500.00 7702500.00 -4083.87 
557500.00 7702500.00 -4743.75 
562500.00 7702500.00 -6157.43 
567500.00 7702500.00 -6608.04 
572500.00 7702500.00 -7271.14 
577500.00 7702500.00 -7592.97 
402500.00 7707500.00 -1627.55 
407500.00 7707500.00 -2542.73 
412500.00 7707500.00 -2931.21 
417500.00 7707500.00 -3160.62 
422500.00 7707500.00 -3617.49 
427500.00 7707500.00 -4226.23 
432500.00 7707500.00 -4710.48 
437500.00 7707500.00 -4780.21 
442500.00 7707500.00 -4886.99 
447500.00 7707500.00 -4908.59 
452500.00 7707500.00 -4943.47 
457500.00 7707500.00 -4970.26 
462500.00 7707500.00 -4261.07 
467500.00 7707500.00 -5108.25 
472500.00 7707500.00 -5456.98 
477500.00 7707500.00 -5980.75 
482500.00 7707500.00 -6334.77 
487500.00 7707500.00 -5561.99 
492500.00 7707500.00 -6147.38 
497500.00 7707500.00 -6658.55 
502500.00 7707500.00 -6297.49 
507500.00 7707500.00 -4966.48 
512500.00 7707500.00 -5175.86 
517500.00 7707500.00 -5324.80 
522500.00 7707500.00 -4690.50 
527500.00 7707500.00 -5780.58 
532500.00 7707500.00 -6198.83 
537500.00 7707500.00 -6466.46 
542500.00 7707500.00 -7580.62 
547500.00 7707500.00 -6960.63 
552500.00 7707500.00 -4331.96 
557500.00 7707500.00 -4332.46 
562500.00 7707500.00 -6027.98 
567500.00 7707500.00 -6630.61 
572500.00 7707500.00 -6926.02 
577500.00 7707500.00 -7129.84 
402500.00 7712500.00 -1558.43 
407500.00 7712500.00 -2365.06 
412500.00 7712500.00 -2768.60 
417500.00 7712500.00 -2996.88 
422500.00 7712500.00 -3370.25 
427500.00 7712500.00 -3856.97 
432500.00 7712500.00 -4764.33 
437500.00 7712500.00 -5045.66 
442500.00 7712500.00 -5159.75 
447500.00 7712500.00 -4997.13 
452500.00 7712500.00 -4908.33 
457500.00 7712500.00 -5123.71 
462500.00 7712500.00 -4740.00 
467500.00 7712500.00 -5344.56 
472500.00 7712500.00 -5629.16 
477500.00 7712500.00 -4903.79 
482500.00 7712500.00 -6092.53 
487500.00 7712500.00 -5811.27 
492500.00 7712500.00 -6196.46 
497500.00 7712500.00 -5842.73 
502500.00 7712500.00 -6913.95 
507500.00 7712500.00 -6598.08 
512500.00 7712500.00 -5918.76 
517500.00 7712500.00 -6680.62 
522500.00 7712500.00 -6146.80 
527500.00 7712500.00 -6890.07 
532500.00 7712500.00 -7065.63 
537500.00 7712500.00 -5976.34 
542500.00 7712500.00 -7562.98 
547500.00 7712500.00 -7115.50 
552500.00 7712500.00 -4392.65 
557500.00 7712500.00 -3756.23 
562500.00 7712500.00 -6603.66 
567500.00 7712500.00 -6844.61 
572500.00 7712500.00 -6781.44 
577500.00 7712500.00 -6956.48 
402500.00 7717500.00 -1466.03 
407500.00 7717500.00 -2066.67 
412500.00 7717500.00 -2548.08 
417500.00 7717500.00 -2746.55 
422500.00 7717500.00 -3191.12 
427500.00 7717500.00 -3749.12 
432500.00 7717500.00 -4725.25 
437500.00 7717500.00 -4980.45 
442500.00 7717500.00 -5053.94 
447500.00 7717500.00 -5034.32 
452500.00 7717500.00 -5000.89 
457500.00 7717500.00 -5020.84 
462500.00 7717500.00 -5100.85 
467500.00 7717500.00 -5047.29 
472500.00 7717500.00 -5759.05 
477500.00 7717500.00 -4972.63 
482500.00 7717500.00 -5868.61 
487500.00 7717500.00 -6267.95 
492500.00 7717500.00 -5478.34 
497500.00 7717500.00 -6421.03 
502500.00 7717500.00 -6765.06 
507500.00 7717500.00 -7269.86 
512500.00 7717500.00 -5600.58 
517500.00 7717500.00 -6644.56 
522500.00 7717500.00 -5534.08 
527500.00 7717500.00 -6613.19 
532500.00 7717500.00 -8075.05 
537500.00 7717500.00 -6702.25 
542500.00 7717500.00 -6170.36 
547500.00 7717500.00 -6969.63 
552500.00 7717500.00 -4655.65 
557500.00 7717500.00 -3761.73 
562500.00 7717500.00 -6872.80 
567500.00 7717500.00 -7022.20 
572500.00 7717500.00 -6871.14 
577500.00 7717500.00 -6993.65 
402500.00 7722500.00 -1270.48 
407500.00 7722500.00 -1834.97 
412500.00 7722500.00 -2266.71 
417500.00 7722500.00 -2750.19 
422500.00 7722500.00 -3255.41 
427500.00 7722500.00 -3677.46 
432500.00 7722500.00 -4559.26 
437500.00 7722500.00 -4610.70 
442500.00 7722500.00 -4995.34 
447500.00 7722500.00 -4953.33 
452500.00 7722500.00 -5058.14 
457500.00 7722500.00 -4747.22 
462500.00 7722500.00 -5267.75 
467500.00 7722500.00 -5230.57 
472500.00 7722500.00 -6049.56 
477500.00 7722500.00 -4634.48 
482500.00 7722500.00 -6365.57 
487500.00 7722500.00 -6874.34 
492500.00 7722500.00 -5892.99 
497500.00 7722500.00 -7104.57 
502500.00 7722500.00 -7486.50 
507500.00 7722500.00 -7873.53 
512500.00 7722500.00 -6983.76 
517500.00 7722500.00 -8040.79 
522500.00 7722500.00 -7572.36 
527500.00 7722500.00 -6110.08 
532500.00 7722500.00 -7892.99 
537500.00 7722500.00 -7880.94 
542500.00 7722500.00 -5446.18 
547500.00 7722500.00 -4515.88 
552500.00 7722500.00 -5502.51 
557500.00 7722500.00 -5788.78 
562500.00 7722500.00 -7040.43 
567500.00 7722500.00 -6859.63 
572500.00 7722500.00 -6801.16 
577500.00 7722500.00 -7158.73 
402500.00 7727500.00 -1128.37 
407500.00 7727500.00 -1622.15 
412500.00 7727500.00 -2146.06 
417500.00 7727500.00 -2588.41 
422500.00 7727500.00 -3009.53 
427500.00 7727500.00 -3584.43 
432500.00 7727500.00 -4546.88 
437500.00 7727500.00 -4601.09 
442500.00 7727500.00 -4982.60 
447500.00 7727500.00 -5145.80 
452500.00 7727500.00 -4962.95 
457500.00 7727500.00 -4799.83 
462500.00 7727500.00 -5224.60 
467500.00 7727500.00 -5473.42 
472500.00 7727500.00 -6107.34 
477500.00 7727500.00 -5009.68 
482500.00 7727500.00 -6510.91 
487500.00 7727500.00 -7036.53 
492500.00 7727500.00 -6354.56 
497500.00 7727500.00 -6883.71 
502500.00 7727500.00 -7922.16 
507500.00 7727500.00 -7300.87 
512500.00 7727500.00 -7326.57 
517500.00 7727500.00 -8211.14 
522500.00 7727500.00 -6402.44 
527500.00 7727500.00 -5977.61 
532500.00 7727500.00 -7673.64 
537500.00 7727500.00 -7899.11 
542500.00 7727500.00 -5460.34 
547500.00 7727500.00 -4430.45 
552500.00 7727500.00 -6997.58 
557500.00 7727500.00 -7213.20 
562500.00 7727500.00 -6986.21 
567500.00 7727500.00 -6688.38 
572500.00 7727500.00 -6726.20 
577500.00 7727500.00 -7286.77 
402500.00 7732500.00 -1026.76 
407500.00 7732500.00 -1356.90 
412500.00 7732500.00 -1922.95 
417500.00 7732500.00 -2343.94 
422500.00 7732500.00 -2821.16 
427500.00 7732500.00 -3402.12 
432500.00 7732500.00 -4421.86 
437500.00 7732500.00 -5057.37 
442500.00 7732500.00 -5182.38 
447500.00 7732500.00 -5245.69 
452500.00 7732500.00 -5116.51 
457500.00 7732500.00 -4959.92 
462500.00 7732500.00 -5022.01 
467500.00 7732500.00 -5584.18 
472500.00 7732500.00 -5546.63 
477500.00 7732500.00 -5278.46 
482500.00 7732500.00 -6464.13 
487500.00 7732500.00 -5898.59 
492500.00 7732500.00 -6590.15 
497500.00 7732500.00 -6792.88 
502500.00 7732500.00 -6232.14 
507500.00 7732500.00 -6296.17 
512500.00 7732500.00 -7848.69 
517500.00 7732500.00 -4911.52 
522500.00 7732500.00 -6737.69 
527500.00 7732500.00 -6206.02 
532500.00 7732500.00 -7192.98 
537500.00 7732500.00 -7968.90 
542500.00 7732500.00 -8260.35 
547500.00 7732500.00 -7684.81 
552500.00 7732500.00 -7441.70 
557500.00 7732500.00 -7311.62 
562500.00 7732500.00 -7239.29 
567500.00 7732500.00 -6759.34 
572500.00 7732500.00 -7067.11 
577500.00 7732500.00 -7454.06 
402500.00 7737500.00 -1002.49 
407500.00 7737500.00 -1245.93 
412500.00 7737500.00 -1868.54 
417500.00 7737500.00 -2368.59 
422500.00 7737500.00 -2795.61 
427500.00 7737500.00 -3163.89 
432500.00 7737500.00 -4327.85 
437500.00 7737500.00 -5317.04 
442500.00 7737500.00 -5218.86 
447500.00 7737500.00 -5331.10 
452500.00 7737500.00 -5181.51 
457500.00 7737500.00 -4994.41 
462500.00 7737500.00 -5048.17 
467500.00 7737500.00 -5601.41 
472500.00 7737500.00 -5616.22 
477500.00 7737500.00 -5615.37 
482500.00 7737500.00 -6516.72 
487500.00 7737500.00 -5628.06 
492500.00 7737500.00 -6399.74 
497500.00 7737500.00 -6578.64 
502500.00 7737500.00 -5827.16 
507500.00 7737500.00 -7261.52 
512500.00 7737500.00 -7227.06 
517500.00 7737500.00 -4768.48 
522500.00 7737500.00 -6594.84 
527500.00 7737500.00 -6624.12 
532500.00 7737500.00 -7145.48 
537500.00 7737500.00 -7702.07 
542500.00 7737500.00 -7670.71 
547500.00 7737500.00 -7654.52 
552500.00 7737500.00 -7159.54 
557500.00 7737500.00 -7240.25 
562500.00 7737500.00 -7600.80 
567500.00 7737500.00 -7485.51 
572500.00 7737500.00 -7893.80 
577500.00 7737500.00 -7909.95 
402500.00 7742500.00 -1185.86 
407500.00 7742500.00 -1279.13 
412500.00 7742500.00 -1776.04 
417500.00 7742500.00 -2339.13 
422500.00 7742500.00 -2828.47 
427500.00 7742500.00 -3193.90 
432500.00 7742500.00 -3849.42 
437500.00 7742500.00 -4801.97 
442500.00 7742500.00 -5378.91 
447500.00 7742500.00 -5616.79 
452500.00 7742500.00 -5170.79 
457500.00 7742500.00 -5118.42 
462500.00 7742500.00 -5437.10 
467500.00 7742500.00 -5708.03 
472500.00 7742500.00 -5957.04 
477500.00 7742500.00 -6167.04 
482500.00 7742500.00 -6591.68 
487500.00 7742500.00 -5956.00 
492500.00 7742500.00 -6147.41 
497500.00 7742500.00 -6368.49 
502500.00 7742500.00 -6436.57 
507500.00 7742500.00 -7092.00 
512500.00 7742500.00 -7132.27 
517500.00 7742500.00 -6552.18 
522500.00 7742500.00 -6177.51 
527500.00 7742500.00 -6317.71 
532500.00 7742500.00 -7397.35 
537500.00 7742500.00 -7953.46 
542500.00 7742500.00 -8080.72 
547500.00 7742500.00 -7756.00 
552500.00 7742500.00 -7220.55 
557500.00 7742500.00 -7029.30 
562500.00 7742500.00 -7727.29 
567500.00 7742500.00 -8264.69 
572500.00 7742500.00 -9003.49 
577500.00 7742500.00 -9101.68 
402500.00 7747500.00 -1273.97 
407500.00 7747500.00 -1341.98 
412500.00 7747500.00 -1592.11 
417500.00 7747500.00 -2199.05 
422500.00 7747500.00 -2810.27 
427500.00 7747500.00 -3265.66 
432500.00 7747500.00 -4008.89 
437500.00 7747500.00 -4796.79 
442500.00 7747500.00 -5507.41 
447500.00 7747500.00 -5585.86 
452500.00 7747500.00 -5322.63 
457500.00 7747500.00 -5318.21 
462500.00 7747500.00 -5619.53 
467500.00 7747500.00 -5771.16 
472500.00 7747500.00 -6250.09 
477500.00 7747500.00 -6101.24 
482500.00 7747500.00 -6559.68 
487500.00 7747500.00 -6248.32 
492500.00 7747500.00 -5835.96 
497500.00 7747500.00 -6075.86 
502500.00 7747500.00 -6721.60 
507500.00 7747500.00 -7197.13 
512500.00 7747500.00 -7540.98 
517500.00 7747500.00 -6997.55 
522500.00 7747500.00 -7554.73 
527500.00 7747500.00 -6829.48 
532500.00 7747500.00 -6235.42 
537500.00 7747500.00 -5778.87 
542500.00 7747500.00 -8208.70 
547500.00 7747500.00 -7113.63 
552500.00 7747500.00 -7218.03 
557500.00 7747500.00 -6960.62 
562500.00 7747500.00 -7558.25 
567500.00 7747500.00 -8022.39 
572500.00 7747500.00 -9233.73 
577500.00 7747500.00 -9350.24 
402500.00 7752500.00 -1204.65 
407500.00 7752500.00 -1274.00 
412500.00 7752500.00 -1449.61 
417500.00 7752500.00 -2161.27 
422500.00 7752500.00 -2662.27 
427500.00 7752500.00 -3245.28 
432500.00 7752500.00 -4180.34 
437500.00 7752500.00 -4927.94 
442500.00 7752500.00 -5595.28 
447500.00 7752500.00 -5685.40 
452500.00 7752500.00 -5547.83 
457500.00 7752500.00 -5403.27 
462500.00 7752500.00 -5501.51 
467500.00 7752500.00 -5720.54 
472500.00 7752500.00 -6322.68 
477500.00 7752500.00 -5258.76 
482500.00 7752500.00 -6663.66 
487500.00 7752500.00 -6931.24 
492500.00 7752500.00 -5336.11 
497500.00 7752500.00 -5828.19 
502500.00 7752500.00 -6347.00 
507500.00 7752500.00 -7243.59 
512500.00 7752500.00 -7798.11 
517500.00 7752500.00 -7678.42 
522500.00 7752500.00 -7479.66 
527500.00 7752500.00 -8013.98 
532500.00 7752500.00 -7940.70 
537500.00 7752500.00 -6844.22 
542500.00 7752500.00 -7902.09 
547500.00 7752500.00 -7511.37 
552500.00 7752500.00 -8225.06 
557500.00 7752500.00 -7755.68 
562500.00 7752500.00 -7959.38 
567500.00 7752500.00 -8440.84 
572500.00 7752500.00 -9200.23 
577500.00 7752500.00 -7532.78 
402500.00 7757500.00 -1079.65 
407500.00 7757500.00 -1257.82 
412500.00 7757500.00 -1366.67 
417500.00 7757500.00 -1893.43 
422500.00 7757500.00 -2540.08 
427500.00 7757500.00 -3200.01 
432500.00 7757500.00 -4138.05 
437500.00 7757500.00 -4781.30 
442500.00 7757500.00 -5293.62 
447500.00 7757500.00 -5837.92 
452500.00 7757500.00 -5635.67 
457500.00 7757500.00 -5522.79 
462500.00 7757500.00 -5698.31 
467500.00 7757500.00 -5897.50 
472500.00 7757500.00 -6251.37 
477500.00 7757500.00 -5790.43 
482500.00 7757500.00 -6801.25 
487500.00 7757500.00 -6833.92 
492500.00 7757500.00 -6240.52 
497500.00 7757500.00 -6447.90 
502500.00 7757500.00 -5904.31 
507500.00 7757500.00 -6941.63 
512500.00 7757500.00 -6786.40 
517500.00 7757500.00 -7041.78 
522500.00 7757500.00 -7741.21 
527500.00 7757500.00 -8283.82 
532500.00 7757500.00 -8045.54 
537500.00 7757500.00 -7484.96 
542500.00 7757500.00 -4763.17 
547500.00 7757500.00 -5290.22 
552500.00 7757500.00 -8415.35 
557500.00 7757500.00 -7731.19 
562500.00 7757500.00 -8293.26 
567500.00 7757500.00 -8945.36 
572500.00 7757500.00 -8948.93 
577500.00 7757500.00 -8953.67 
402500.00 7762500.00 -947.43 
407500.00 7762500.00 -1084.44 
412500.00 7762500.00 -1359.80 
417500.00 7762500.00 -2120.15 
422500.00 7762500.00 -2599.82 
427500.00 7762500.00 -3197.01 
432500.00 7762500.00 -4097.73 
437500.00 7762500.00 -4603.05 
442500.00 7762500.00 -5020.28 
447500.00 7762500.00 -5496.40 
452500.00 7762500.00 -5584.29 
457500.00 7762500.00 -5783.44 
462500.00 7762500.00 -5953.51 
467500.00 7762500.00 -5946.34 
472500.00 7762500.00 -6360.79 
477500.00 7762500.00 -5680.31 
482500.00 7762500.00 -6604.31 
487500.00 7762500.00 -6717.60 
492500.00 7762500.00 -6688.40 
497500.00 7762500.00 -6661.96 
502500.00 7762500.00 -5635.09 
507500.00 7762500.00 -6237.65 
512500.00 7762500.00 -7012.93 
517500.00 7762500.00 -7397.75 
522500.00 7762500.00 -7637.02 
527500.00 7762500.00 -7740.70 
532500.00 7762500.00 -7322.85 
537500.00 7762500.00 -7223.23 
542500.00 7762500.00 -7599.61 
547500.00 7762500.00 -7832.29 
552500.00 7762500.00 -8428.76 
557500.00 7762500.00 -7799.28 
562500.00 7762500.00 -7790.97 
567500.00 7762500.00 -8408.64 
572500.00 7762500.00 -8806.57 
577500.00 7762500.00 -8895.97 
402500.00 7767500.00 -945.45 
407500.00 7767500.00 -1117.24 
412500.00 7767500.00 -1340.17 
417500.00 7767500.00 -2154.57 
422500.00 7767500.00 -2642.91 
427500.00 7767500.00 -3138.09 
432500.00 7767500.00 -4099.94 
437500.00 7767500.00 -4588.35 
442500.00 7767500.00 -5035.26 
447500.00 7767500.00 -5380.38 
452500.00 7767500.00 -5612.08 
457500.00 7767500.00 -5967.85 
462500.00 7767500.00 -5889.53 
467500.00 7767500.00 -6006.18 
472500.00 7767500.00 -6223.20 
477500.00 7767500.00 -5860.29 
482500.00 7767500.00 -6429.52 
487500.00 7767500.00 -6443.62 
492500.00 7767500.00 -6318.06 
497500.00 7767500.00 -6305.72 
502500.00 7767500.00 -7253.49 
507500.00 7767500.00 -7157.82 
512500.00 7767500.00 -7056.51 
517500.00 7767500.00 -7072.35 
522500.00 7767500.00 -7918.53 
527500.00 7767500.00 -7885.38 
532500.00 7767500.00 -7538.32 
537500.00 7767500.00 -7433.63 
542500.00 7767500.00 -8184.85 
547500.00 7767500.00 -8198.02 
552500.00 7767500.00 -8093.00 
557500.00 7767500.00 -8153.04 
562500.00 7767500.00 -7964.56 
567500.00 7767500.00 -8611.83 
572500.00 7767500.00 -9120.32 
577500.00 7767500.00 -9284.29 
402500.00 7772500.00 -820.64 
407500.00 7772500.00 -1128.36 
412500.00 7772500.00 -1503.91 
417500.00 7772500.00 -2208.63 
422500.00 7772500.00 -2870.54 
427500.00 7772500.00 -3210.96 
432500.00 7772500.00 -3919.36 
437500.00 7772500.00 -4559.57 
442500.00 7772500.00 -4887.49 
447500.00 7772500.00 -5184.74 
452500.00 7772500.00 -5575.27 
457500.00 7772500.00 -5821.57 
462500.00 7772500.00 -5812.79 
467500.00 7772500.00 -6055.27 
472500.00 7772500.00 -6084.91 
477500.00 7772500.00 -6447.72 
482500.00 7772500.00 -6196.14 
487500.00 7772500.00 -5981.95 
492500.00 7772500.00 -7151.40 
497500.00 7772500.00 -7385.18 
502500.00 7772500.00 -7677.79 
507500.00 7772500.00 -7668.90 
512500.00 7772500.00 -7684.17 
517500.00 7772500.00 -6974.87 
522500.00 7772500.00 -7399.09 
527500.00 7772500.00 -7392.60 
532500.00 7772500.00 -7840.75 
537500.00 7772500.00 -8244.69 
542500.00 7772500.00 -9009.39 
547500.00 7772500.00 -8991.88 
552500.00 7772500.00 -9447.53 
557500.00 7772500.00 -9082.41 
562500.00 7772500.00 -9045.87 
567500.00 7772500.00 -9077.30 
572500.00 7772500.00 -9037.97 
577500.00 7772500.00 -9296.89 
402500.00 7777500.00 -776.00 
407500.00 7777500.00 -1135.16 
412500.00 7777500.00 -1612.10 
417500.00 7777500.00 -2123.67 
422500.00 7777500.00 -2905.54 
427500.00 7777500.00 -3275.57 
432500.00 7777500.00 -3895.13 
437500.00 7777500.00 -4316.83 
442500.00 7777500.00 -4678.21 
447500.00 7777500.00 -5030.04 
452500.00 7777500.00 -5539.49 
457500.00 7777500.00 -5905.17 
462500.00 7777500.00 -5871.62 
467500.00 7777500.00 -5762.90 
472500.00 7777500.00 -6142.99 
477500.00 7777500.00 -6376.17 
482500.00 7777500.00 -6071.42 
487500.00 7777500.00 -5982.67 
492500.00 7777500.00 -7387.54 
497500.00 7777500.00 -7718.05 
502500.00 7777500.00 -7349.67 
507500.00 7777500.00 -7537.71 
512500.00 7777500.00 -7774.13 
517500.00 7777500.00 -7319.35 
522500.00 7777500.00 -7807.08 
527500.00 7777500.00 -7818.00 
532500.00 7777500.00 -8922.15 
537500.00 7777500.00 -9712.11 
542500.00 7777500.00 -8918.34 
547500.00 7777500.00 -8558.65 
552500.00 7777500.00 -9321.79 
557500.00 7777500.00 -9190.47 
562500.00 7777500.00 -9538.28 
567500.00 7777500.00 -9761.02 
572500.00 7777500.00 -9139.27 
577500.00 7777500.00 -8984.87 
402500.00 7782500.00 -900.09 
407500.00 7782500.00 -1246.17 
412500.00 7782500.00 -1722.48 
417500.00 7782500.00 -2166.19 
422500.00 7782500.00 -2938.61 
427500.00 7782500.00 -3400.30 
432500.00 7782500.00 -3958.24 
437500.00 7782500.00 -4153.74 
442500.00 7782500.00 -4354.86 
447500.00 7782500.00 -4755.09 
452500.00 7782500.00 -5348.03 
457500.00 7782500.00 -5815.85 
462500.00 7782500.00 -5896.09 
467500.00 7782500.00 -5762.84 
472500.00 7782500.00 -6226.57 
477500.00 7782500.00 -6035.72 
482500.00 7782500.00 -5676.34 
487500.00 7782500.00 -7272.09 
492500.00 7782500.00 -7787.02 
497500.00 7782500.00 -7559.91 
502500.00 7782500.00 -6485.22 
507500.00 7782500.00 -7577.79 
512500.00 7782500.00 -7956.96 
517500.00 7782500.00 -7951.67 
522500.00 7782500.00 -7559.20 
527500.00 7782500.00 -8101.77 
532500.00 7782500.00 -9705.09 
537500.00 7782500.00 -9291.32 
542500.00 7782500.00 -7859.74 
547500.00 7782500.00 -7335.77 
552500.00 7782500.00 -9279.78 
557500.00 7782500.00 -9440.88 
562500.00 7782500.00 -9267.63 
567500.00 7782500.00 -9489.73 
572500.00 7782500.00 -9397.97 
577500.00 7782500.00 -9173.99 
402500.00 7787500.00 -1071.47 
407500.00 7787500.00 -1319.90 
412500.00 7787500.00 -1817.75 
417500.00 7787500.00 -2114.82 
422500.00 7787500.00 -2726.92 
427500.00 7787500.00 -3271.06 
432500.00 7787500.00 -3888.49 
437500.00 7787500.00 -4267.87 
442500.00 7787500.00 -4321.88 
447500.00 7787500.00 -4672.24 
452500.00 7787500.00 -5492.83 
457500.00 7787500.00 -5963.66 
462500.00 7787500.00 -6088.73 
467500.00 7787500.00 -5843.75 
472500.00 7787500.00 -6363.38 
477500.00 7787500.00 -6713.16 
482500.00 7787500.00 -6386.58 
487500.00 7787500.00 -7187.83 
492500.00 7787500.00 -8049.89 
497500.00 7787500.00 -7073.42 
502500.00 7787500.00 -5497.29 
507500.00 7787500.00 -7689.23 
512500.00 7787500.00 -8077.04 
517500.00 7787500.00 -8221.95 
522500.00 7787500.00 -5701.77 
527500.00 7787500.00 -7872.46 
532500.00 7787500.00 -10092.55 
537500.00 7787500.00 -8798.63 
542500.00 7787500.00 -8196.50 
547500.00 7787500.00 -8055.14 
552500.00 7787500.00 -8956.05 
557500.00 7787500.00 -9183.16 
562500.00 7787500.00 -9145.04 
567500.00 7787500.00 -9165.29 
572500.00 7787500.00 -9296.10 
577500.00 7787500.00 -9189.91 
402500.00 7792500.00 -1185.03 
407500.00 7792500.00 -1312.66 
412500.00 7792500.00 -1714.81 
417500.00 7792500.00 -2097.92 
422500.00 7792500.00 -2648.40 
427500.00 7792500.00 -3176.12 
432500.00 7792500.00 -3864.85 
437500.00 7792500.00 -4401.44 
442500.00 7792500.00 -4726.96 
447500.00 7792500.00 -4741.31 
452500.00 7792500.00 -5318.97 
457500.00 7792500.00 -5710.99 
462500.00 7792500.00 -5841.49 
467500.00 7792500.00 -6158.65 
472500.00 7792500.00 -6113.17 
477500.00 7792500.00 -6402.55 
482500.00 7792500.00 -6706.19 
487500.00 7792500.00 -6954.82 
492500.00 7792500.00 -6500.23 
497500.00 7792500.00 -7047.06 
502500.00 7792500.00 -7731.83 
507500.00 7792500.00 -8030.54 
512500.00 7792500.00 -8159.39 
517500.00 7792500.00 -8007.08 
522500.00 7792500.00 -7049.42 
527500.00 7792500.00 -8092.24 
532500.00 7792500.00 -8909.82 
537500.00 7792500.00 -8548.80 
542500.00 7792500.00 -8725.91 
547500.00 7792500.00 -8787.34 
552500.00 7792500.00 -8873.23 
557500.00 7792500.00 -8977.72 
562500.00 7792500.00 -9238.50 
567500.00 7792500.00 -9187.59 
572500.00 7792500.00 -9202.25 
577500.00 7792500.00 -9169.07 
402500.00 7797500.00 -1117.92 
407500.00 7797500.00 -1190.47 
412500.00 7797500.00 -1638.40 
417500.00 7797500.00 -2083.49 
422500.00 7797500.00 -2459.29 
427500.00 7797500.00 -2866.06 
432500.00 7797500.00 -4132.36 
437500.00 7797500.00 -4690.53 
442500.00 7797500.00 -4987.64 
447500.00 7797500.00 -4968.05 
452500.00 7797500.00 -5351.70 
457500.00 7797500.00 -5691.83 
462500.00 7797500.00 -6011.02 
467500.00 7797500.00 -6295.99 
472500.00 7797500.00 -5957.24 
477500.00 7797500.00 -6483.92 
482500.00 7797500.00 -6913.80 
487500.00 7797500.00 -7318.25 
492500.00 7797500.00 -6120.46 
497500.00 7797500.00 -6472.17 
502500.00 7797500.00 -7275.16 
507500.00 7797500.00 -7310.88 
512500.00 7797500.00 -7747.25 
517500.00 7797500.00 -7733.23 
522500.00 7797500.00 -7775.73 
527500.00 7797500.00 -7910.84 
532500.00 7797500.00 -8319.79 
537500.00 7797500.00 -8507.68 
542500.00 7797500.00 -8649.49 
547500.00 7797500.00 -8708.02 
552500.00 7797500.00 -8831.63 
557500.00 7797500.00 -8922.42 
562500.00 7797500.00 -9139.52 
567500.00 7797500.00 -9133.47 
572500.00 7797500.00 -9191.78 
577500.00 7797500.00 -9158.90 
402500.00 7802500.00 -987.77 
407500.00 7802500.00 -1012.45 
412500.00 7802500.00 -1499.73 
417500.00 7802500.00 -1991.17 
422500.00 7802500.00 -2692.99 
427500.00 7802500.00 -3131.76 
432500.00 7802500.00 -4067.42 
437500.00 7802500.00 -4704.26 
442500.00 7802500.00 -5038.33 
447500.00 7802500.00 -5298.02 
452500.00 7802500.00 -5546.59 
457500.00 7802500.00 -5724.50 
462500.00 7802500.00 -6275.69 
467500.00 7802500.00 -6344.97 
472500.00 7802500.00 -6457.75 
477500.00 7802500.00 -5898.37 
482500.00 7802500.00 -5441.75 
487500.00 7802500.00 -6813.68 
492500.00 7802500.00 -6179.87 
497500.00 7802500.00 -4592.23 
502500.00 7802500.00 -6466.89 
507500.00 7802500.00 -6825.59 
512500.00 7802500.00 -7252.04 
517500.00 7802500.00 -7553.25 
522500.00 7802500.00 -7829.43 
527500.00 7802500.00 -7958.41 
532500.00 7802500.00 -8174.56 
537500.00 7802500.00 -8288.91 
542500.00 7802500.00 -8551.74 
547500.00 7802500.00 -8612.79 
552500.00 7802500.00 -8723.83 
557500.00 7802500.00 -8762.70 
562500.00 7802500.00 -8941.79 
567500.00 7802500.00 -8845.38 
572500.00 7802500.00 -8903.39 
577500.00 7802500.00 -8815.76 
