# Petrel Points with attributes
# Unit in X and Y direction: m
# Unit in depth: m
VERSION 1
BEGIN HEADER
X
Y
Z
END HEADER
402500.00 7652500.00 -4595.43 
407500.00 7652500.00 -5084.48 
412500.00 7652500.00 -5276.11 
417500.00 7652500.00 -5244.21 
422500.00 7652500.00 -5337.59 
427500.00 7652500.00 -5253.69 
432500.00 7652500.00 -5258.56 
437500.00 7652500.00 -5853.14 
442500.00 7652500.00 -5582.06 
447500.00 7652500.00 -5913.94 
452500.00 7652500.00 -5903.54 
457500.00 7652500.00 -5814.13 
462500.00 7652500.00 -6000.66 
467500.00 7652500.00 -4578.90 
472500.00 7652500.00 -3504.33 
477500.00 7652500.00 -4526.68 
482500.00 7652500.00 -5460.34 
487500.00 7652500.00 -6422.29 
492500.00 7652500.00 -6393.32 
497500.00 7652500.00 -4915.26 
502500.00 7652500.00 -5673.58 
507500.00 7652500.00 -4409.79 
512500.00 7652500.00 -4550.89 
517500.00 7652500.00 -6055.10 
522500.00 7652500.00 -6962.64 
527500.00 7652500.00 -6876.01 
532500.00 7652500.00 -7084.70 
537500.00 7652500.00 -5779.44 
542500.00 7652500.00 -4607.52 
547500.00 7652500.00 -4135.14 
552500.00 7652500.00 -5770.46 
557500.00 7652500.00 -7089.51 
562500.00 7652500.00 -7022.26 
567500.00 7652500.00 -6766.75 
572500.00 7652500.00 -6607.01 
577500.00 7652500.00 -6444.39 
402500.00 7657500.00 -4576.01 
407500.00 7657500.00 -4859.21 
412500.00 7657500.00 -5494.27 
417500.00 7657500.00 -5422.00 
422500.00 7657500.00 -5263.72 
427500.00 7657500.00 -5229.63 
432500.00 7657500.00 -5350.54 
437500.00 7657500.00 -5521.49 
442500.00 7657500.00 -5607.27 
447500.00 7657500.00 -5839.46 
452500.00 7657500.00 -5271.63 
457500.00 7657500.00 -5110.74 
462500.00 7657500.00 -5133.03 
467500.00 7657500.00 -4980.87 
472500.00 7657500.00 -3511.72 
477500.00 7657500.00 -4406.34 
482500.00 7657500.00 -6627.21 
487500.00 7657500.00 -5582.16 
492500.00 7657500.00 -4602.40 
497500.00 7657500.00 -4338.27 
502500.00 7657500.00 -5274.44 
507500.00 7657500.00 -4056.98 
512500.00 7657500.00 -3812.37 
517500.00 7657500.00 -5597.52 
522500.00 7657500.00 -7018.66 
527500.00 7657500.00 -6830.18 
532500.00 7657500.00 -6204.80 
537500.00 7657500.00 -6006.31 
542500.00 7657500.00 -4894.57 
547500.00 7657500.00 -4739.32 
552500.00 7657500.00 -6014.17 
557500.00 7657500.00 -7403.51 
562500.00 7657500.00 -7422.75 
567500.00 7657500.00 -7209.82 
572500.00 7657500.00 -6994.76 
577500.00 7657500.00 -6965.27 
402500.00 7662500.00 -4676.33 
407500.00 7662500.00 -4678.89 
412500.00 7662500.00 -5262.42 
417500.00 7662500.00 -5372.45 
422500.00 7662500.00 -5241.14 
427500.00 7662500.00 -5311.48 
432500.00 7662500.00 -5344.38 
437500.00 7662500.00 -5350.07 
442500.00 7662500.00 -5550.50 
447500.00 7662500.00 -4866.45 
452500.00 7662500.00 -4738.87 
457500.00 7662500.00 -5876.49 
462500.00 7662500.00 -5426.45 
467500.00 7662500.00 -5089.49 
472500.00 7662500.00 -4299.40 
477500.00 7662500.00 -4636.26 
482500.00 7662500.00 -5987.13 
487500.00 7662500.00 -4422.84 
492500.00 7662500.00 -5295.85 
497500.00 7662500.00 -5130.08 
502500.00 7662500.00 -7177.79 
507500.00 7662500.00 -5182.89 
512500.00 7662500.00 -3823.04 
517500.00 7662500.00 -4844.10 
522500.00 7662500.00 -7440.39 
527500.00 7662500.00 -5916.17 
532500.00 7662500.00 -7001.96 
537500.00 7662500.00 -5527.14 
542500.00 7662500.00 -4653.53 
547500.00 7662500.00 -5095.39 
552500.00 7662500.00 -5134.82 
557500.00 7662500.00 -7156.76 
562500.00 7662500.00 -7882.93 
567500.00 7662500.00 -7568.32 
572500.00 7662500.00 -7323.44 
577500.00 7662500.00 -7484.06 
402500.00 7667500.00 -4412.06 
407500.00 7667500.00 -4639.36 
412500.00 7667500.00 -5020.54 
417500.00 7667500.00 -5277.67 
422500.00 7667500.00 -5422.11 
427500.00 7667500.00 -5317.52 
432500.00 7667500.00 -4834.09 
437500.00 7667500.00 -5240.57 
442500.00 7667500.00 -5615.95 
447500.00 7667500.00 -4975.88 
452500.00 7667500.00 -5177.39 
457500.00 7667500.00 -6317.20 
462500.00 7667500.00 -5761.43 
467500.00 7667500.00 -5619.90 
472500.00 7667500.00 -6371.15 
477500.00 7667500.00 -4828.60 
482500.00 7667500.00 -6027.62 
487500.00 7667500.00 -5420.58 
492500.00 7667500.00 -5463.69 
497500.00 7667500.00 -5601.03 
502500.00 7667500.00 -8275.34 
507500.00 7667500.00 -6151.02 
512500.00 7667500.00 -4131.20 
517500.00 7667500.00 -4727.62 
522500.00 7667500.00 -6465.33 
527500.00 7667500.00 -5528.18 
532500.00 7667500.00 -7765.64 
537500.00 7667500.00 -7560.67 
542500.00 7667500.00 -5525.58 
547500.00 7667500.00 -5537.71 
552500.00 7667500.00 -5594.66 
557500.00 7667500.00 -6738.28 
562500.00 7667500.00 -7593.96 
567500.00 7667500.00 -7420.01 
572500.00 7667500.00 -7091.39 
577500.00 7667500.00 -7115.20 
402500.00 7672500.00 -3877.49 
407500.00 7672500.00 -4063.07 
412500.00 7672500.00 -4684.96 
417500.00 7672500.00 -5262.65 
422500.00 7672500.00 -5331.96 
427500.00 7672500.00 -5319.60 
432500.00 7672500.00 -5357.15 
437500.00 7672500.00 -5552.01 
442500.00 7672500.00 -5572.90 
447500.00 7672500.00 -4884.15 
452500.00 7672500.00 -5444.07 
457500.00 7672500.00 -6135.54 
462500.00 7672500.00 -6109.64 
467500.00 7672500.00 -5176.73 
472500.00 7672500.00 -6365.28 
477500.00 7672500.00 -5728.69 
482500.00 7672500.00 -5954.04 
487500.00 7672500.00 -6801.31 
492500.00 7672500.00 -5355.34 
497500.00 7672500.00 -6516.20 
502500.00 7672500.00 -7411.88 
507500.00 7672500.00 -5360.61 
512500.00 7672500.00 -4422.41 
517500.00 7672500.00 -5232.98 
522500.00 7672500.00 -5699.40 
527500.00 7672500.00 -5543.21 
532500.00 7672500.00 -7679.62 
537500.00 7672500.00 -7841.95 
542500.00 7672500.00 -5620.67 
547500.00 7672500.00 -5200.91 
552500.00 7672500.00 -6022.70 
557500.00 7672500.00 -6426.70 
562500.00 7672500.00 -6854.52 
567500.00 7672500.00 -6753.74 
572500.00 7672500.00 -6798.11 
577500.00 7672500.00 -6936.44 
402500.00 7677500.00 -3718.10 
407500.00 7677500.00 -3907.67 
412500.00 7677500.00 -4392.89 
417500.00 7677500.00 -5039.45 
422500.00 7677500.00 -5295.42 
427500.00 7677500.00 -5334.09 
432500.00 7677500.00 -5287.86 
437500.00 7677500.00 -5345.06 
442500.00 7677500.00 -5526.62 
447500.00 7677500.00 -5429.61 
452500.00 7677500.00 -5896.74 
457500.00 7677500.00 -6178.33 
462500.00 7677500.00 -6107.76 
467500.00 7677500.00 -4958.70 
472500.00 7677500.00 -6297.34 
477500.00 7677500.00 -5935.67 
482500.00 7677500.00 -5223.75 
487500.00 7677500.00 -6802.02 
492500.00 7677500.00 -5191.20 
497500.00 7677500.00 -7347.28 
502500.00 7677500.00 -5699.32 
507500.00 7677500.00 -4486.42 
512500.00 7677500.00 -4272.99 
517500.00 7677500.00 -4641.39 
522500.00 7677500.00 -6518.54 
527500.00 7677500.00 -6629.58 
532500.00 7677500.00 -7961.18 
537500.00 7677500.00 -7973.77 
542500.00 7677500.00 -6347.60 
547500.00 7677500.00 -5483.17 
552500.00 7677500.00 -5787.17 
557500.00 7677500.00 -6661.43 
562500.00 7677500.00 -7239.59 
567500.00 7677500.00 -7028.99 
572500.00 7677500.00 -6817.87 
577500.00 7677500.00 -7389.87 
402500.00 7682500.00 -3552.31 
407500.00 7682500.00 -3774.61 
412500.00 7682500.00 -4125.90 
417500.00 7682500.00 -4637.05 
422500.00 7682500.00 -5080.75 
427500.00 7682500.00 -5195.50 
432500.00 7682500.00 -5194.74 
437500.00 7682500.00 -5214.74 
442500.00 7682500.00 -5578.97 
447500.00 7682500.00 -5925.33 
452500.00 7682500.00 -5609.11 
457500.00 7682500.00 -5452.76 
462500.00 7682500.00 -5917.14 
467500.00 7682500.00 -4969.40 
472500.00 7682500.00 -5786.22 
477500.00 7682500.00 -6065.79 
482500.00 7682500.00 -5080.43 
487500.00 7682500.00 -6585.61 
492500.00 7682500.00 -5360.73 
497500.00 7682500.00 -7176.38 
502500.00 7682500.00 -6532.66 
507500.00 7682500.00 -7488.02 
512500.00 7682500.00 -5713.63 
517500.00 7682500.00 -5840.22 
522500.00 7682500.00 -6539.04 
527500.00 7682500.00 -5622.18 
532500.00 7682500.00 -7630.00 
537500.00 7682500.00 -8160.35 
542500.00 7682500.00 -7232.50 
547500.00 7682500.00 -6415.94 
552500.00 7682500.00 -7520.67 
557500.00 7682500.00 -7261.04 
562500.00 7682500.00 -7166.45 
567500.00 7682500.00 -7080.44 
572500.00 7682500.00 -7244.10 
577500.00 7682500.00 -7646.39 
402500.00 7687500.00 -3372.45 
407500.00 7687500.00 -3591.39 
412500.00 7687500.00 -3944.90 
417500.00 7687500.00 -4333.39 
422500.00 7687500.00 -4900.50 
427500.00 7687500.00 -5121.45 
432500.00 7687500.00 -5230.50 
437500.00 7687500.00 -5302.17 
442500.00 7687500.00 -5439.45 
447500.00 7687500.00 -5468.31 
452500.00 7687500.00 -5583.26 
457500.00 7687500.00 -5564.76 
462500.00 7687500.00 -5556.58 
467500.00 7687500.00 -4877.26 
472500.00 7687500.00 -5890.35 
477500.00 7687500.00 -6087.69 
482500.00 7687500.00 -6196.76 
487500.00 7687500.00 -6443.00 
492500.00 7687500.00 -6448.72 
497500.00 7687500.00 -6140.16 
502500.00 7687500.00 -7744.60 
507500.00 7687500.00 -7542.54 
512500.00 7687500.00 -6401.42 
517500.00 7687500.00 -5378.83 
522500.00 7687500.00 -6619.54 
527500.00 7687500.00 -5832.67 
532500.00 7687500.00 -6792.24 
537500.00 7687500.00 -8046.62 
542500.00 7687500.00 -7669.67 
547500.00 7687500.00 -5896.89 
552500.00 7687500.00 -5224.01 
557500.00 7687500.00 -5315.19 
562500.00 7687500.00 -6701.44 
567500.00 7687500.00 -7050.73 
572500.00 7687500.00 -7655.69 
577500.00 7687500.00 -7719.71 
402500.00 7692500.00 -3061.10 
407500.00 7692500.00 -3338.95 
412500.00 7692500.00 -3627.82 
417500.00 7692500.00 -3866.51 
422500.00 7692500.00 -4735.53 
427500.00 7692500.00 -5080.93 
432500.00 7692500.00 -5060.73 
437500.00 7692500.00 -5145.61 
442500.00 7692500.00 -5440.56 
447500.00 7692500.00 -5316.95 
452500.00 7692500.00 -5213.45 
457500.00 7692500.00 -5462.33 
462500.00 7692500.00 -5078.74 
467500.00 7692500.00 -4865.78 
472500.00 7692500.00 -5249.60 
477500.00 7692500.00 -5515.31 
482500.00 7692500.00 -6555.40 
487500.00 7692500.00 -5530.26 
492500.00 7692500.00 -6229.24 
497500.00 7692500.00 -6180.51 
502500.00 7692500.00 -7565.16 
507500.00 7692500.00 -6171.85 
512500.00 7692500.00 -4943.59 
517500.00 7692500.00 -3959.80 
522500.00 7692500.00 -5037.06 
527500.00 7692500.00 -5366.40 
532500.00 7692500.00 -5408.79 
537500.00 7692500.00 -7456.81 
542500.00 7692500.00 -7824.05 
547500.00 7692500.00 -6413.26 
552500.00 7692500.00 -5970.84 
557500.00 7692500.00 -6344.46 
562500.00 7692500.00 -6714.97 
567500.00 7692500.00 -6964.40 
572500.00 7692500.00 -7529.26 
577500.00 7692500.00 -7969.28 
402500.00 7697500.00 -2725.02 
407500.00 7697500.00 -3125.51 
412500.00 7697500.00 -3445.88 
417500.00 7697500.00 -3703.08 
422500.00 7697500.00 -4309.21 
427500.00 7697500.00 -4861.27 
432500.00 7697500.00 -4954.80 
437500.00 7697500.00 -5075.10 
442500.00 7697500.00 -5335.40 
447500.00 7697500.00 -5518.23 
452500.00 7697500.00 -5393.44 
457500.00 7697500.00 -5478.27 
462500.00 7697500.00 -5738.61 
467500.00 7697500.00 -5564.41 
472500.00 7697500.00 -5711.14 
477500.00 7697500.00 -5347.53 
482500.00 7697500.00 -6261.52 
487500.00 7697500.00 -5217.48 
492500.00 7697500.00 -5946.44 
497500.00 7697500.00 -6387.18 
502500.00 7697500.00 -6980.08 
507500.00 7697500.00 -7546.10 
512500.00 7697500.00 -6666.56 
517500.00 7697500.00 -4809.29 
522500.00 7697500.00 -4153.81 
527500.00 7697500.00 -4593.35 
532500.00 7697500.00 -5191.98 
537500.00 7697500.00 -6924.50 
542500.00 7697500.00 -7705.66 
547500.00 7697500.00 -6529.67 
552500.00 7697500.00 -5635.49 
557500.00 7697500.00 -6654.29 
562500.00 7697500.00 -6658.88 
567500.00 7697500.00 -6888.24 
572500.00 7697500.00 -7655.72 
577500.00 7697500.00 -8079.18 
402500.00 7702500.00 -2452.30 
407500.00 7702500.00 -2958.55 
412500.00 7702500.00 -3351.94 
417500.00 7702500.00 -3578.25 
422500.00 7702500.00 -4073.60 
427500.00 7702500.00 -4801.74 
432500.00 7702500.00 -5131.14 
437500.00 7702500.00 -5182.07 
442500.00 7702500.00 -5300.49 
447500.00 7702500.00 -5435.76 
452500.00 7702500.00 -5612.53 
457500.00 7702500.00 -5714.34 
462500.00 7702500.00 -5753.15 
467500.00 7702500.00 -5876.27 
472500.00 7702500.00 -5930.48 
477500.00 7702500.00 -6070.56 
482500.00 7702500.00 -6542.97 
487500.00 7702500.00 -5778.41 
492500.00 7702500.00 -5932.45 
497500.00 7702500.00 -6850.28 
502500.00 7702500.00 -6593.55 
507500.00 7702500.00 -7245.96 
512500.00 7702500.00 -5991.48 
517500.00 7702500.00 -4672.17 
522500.00 7702500.00 -4162.95 
527500.00 7702500.00 -5137.05 
532500.00 7702500.00 -7087.05 
537500.00 7702500.00 -7147.31 
542500.00 7702500.00 -7859.74 
547500.00 7702500.00 -7287.49 
552500.00 7702500.00 -4516.98 
557500.00 7702500.00 -5185.89 
562500.00 7702500.00 -6536.35 
567500.00 7702500.00 -6953.99 
572500.00 7702500.00 -7594.98 
577500.00 7702500.00 -7913.11 
402500.00 7707500.00 -2017.09 
407500.00 7707500.00 -2922.04 
412500.00 7707500.00 -3290.07 
417500.00 7707500.00 -3531.82 
422500.00 7707500.00 -3993.23 
427500.00 7707500.00 -4595.70 
432500.00 7707500.00 -5106.88 
437500.00 7707500.00 -5266.04 
442500.00 7707500.00 -5402.17 
447500.00 7707500.00 -5441.25 
452500.00 7707500.00 -5517.70 
457500.00 7707500.00 -5563.65 
462500.00 7707500.00 -4823.53 
467500.00 7707500.00 -5620.03 
472500.00 7707500.00 -5933.17 
477500.00 7707500.00 -6393.04 
482500.00 7707500.00 -6667.15 
487500.00 7707500.00 -5837.36 
492500.00 7707500.00 -6394.50 
497500.00 7707500.00 -6874.48 
502500.00 7707500.00 -6483.02 
507500.00 7707500.00 -5211.48 
512500.00 7707500.00 -5581.35 
517500.00 7707500.00 -5745.01 
522500.00 7707500.00 -5066.78 
527500.00 7707500.00 -6063.32 
532500.00 7707500.00 -6398.74 
537500.00 7707500.00 -6664.72 
542500.00 7707500.00 -7798.02 
547500.00 7707500.00 -7201.61 
552500.00 7707500.00 -4681.17 
557500.00 7707500.00 -4777.48 
562500.00 7707500.00 -6414.93 
567500.00 7707500.00 -6982.67 
572500.00 7707500.00 -7256.04 
577500.00 7707500.00 -7453.33 
402500.00 7712500.00 -1914.46 
407500.00 7712500.00 -2721.48 
412500.00 7712500.00 -3141.23 
417500.00 7712500.00 -3407.68 
422500.00 7712500.00 -3787.37 
427500.00 7712500.00 -4242.39 
432500.00 7712500.00 -5115.91 
437500.00 7712500.00 -5460.85 
442500.00 7712500.00 -5658.82 
447500.00 7712500.00 -5535.91 
452500.00 7712500.00 -5457.96 
457500.00 7712500.00 -5630.61 
462500.00 7712500.00 -5217.98 
467500.00 7712500.00 -5806.57 
472500.00 7712500.00 -6011.11 
477500.00 7712500.00 -5189.07 
482500.00 7712500.00 -6351.30 
487500.00 7712500.00 -6115.90 
492500.00 7712500.00 -6534.25 
497500.00 7712500.00 -6166.19 
502500.00 7712500.00 -7177.77 
507500.00 7712500.00 -6842.90 
512500.00 7712500.00 -6244.18 
517500.00 7712500.00 -7112.22 
522500.00 7712500.00 -6594.00 
527500.00 7712500.00 -7346.64 
532500.00 7712500.00 -7332.52 
537500.00 7712500.00 -6168.93 
542500.00 7712500.00 -7768.73 
547500.00 7712500.00 -7334.12 
552500.00 7712500.00 -4706.11 
557500.00 7712500.00 -4220.77 
562500.00 7712500.00 -6992.39 
567500.00 7712500.00 -7200.34 
572500.00 7712500.00 -7115.95 
577500.00 7712500.00 -7289.37 
402500.00 7717500.00 -1826.03 
407500.00 7717500.00 -2446.24 
412500.00 7717500.00 -2959.10 
417500.00 7717500.00 -3220.86 
422500.00 7717500.00 -3663.39 
427500.00 7717500.00 -4173.51 
432500.00 7717500.00 -5096.13 
437500.00 7717500.00 -5357.04 
442500.00 7717500.00 -5509.08 
447500.00 7717500.00 -5556.51 
452500.00 7717500.00 -5525.80 
457500.00 7717500.00 -5514.34 
462500.00 7717500.00 -5597.79 
467500.00 7717500.00 -5536.14 
472500.00 7717500.00 -6110.96 
477500.00 7717500.00 -5186.40 
482500.00 7717500.00 -6120.72 
487500.00 7717500.00 -6658.51 
492500.00 7717500.00 -5918.35 
497500.00 7717500.00 -6824.47 
502500.00 7717500.00 -7119.53 
507500.00 7717500.00 -7538.36 
512500.00 7717500.00 -5881.27 
517500.00 7717500.00 -7005.24 
522500.00 7717500.00 -5964.18 
527500.00 7717500.00 -7005.27 
532500.00 7717500.00 -8332.56 
537500.00 7717500.00 -6884.17 
542500.00 7717500.00 -6376.56 
547500.00 7717500.00 -7187.02 
552500.00 7717500.00 -4951.82 
557500.00 7717500.00 -4211.10 
562500.00 7717500.00 -7262.42 
567500.00 7717500.00 -7379.91 
572500.00 7717500.00 -7205.67 
577500.00 7717500.00 -7320.84 
402500.00 7722500.00 -1637.34 
407500.00 7722500.00 -2219.63 
412500.00 7722500.00 -2699.99 
417500.00 7722500.00 -3213.71 
422500.00 7722500.00 -3733.75 
427500.00 7722500.00 -4170.23 
432500.00 7722500.00 -5019.44 
437500.00 7722500.00 -5030.07 
442500.00 7722500.00 -5417.96 
447500.00 7722500.00 -5445.74 
452500.00 7722500.00 -5586.45 
457500.00 7722500.00 -5278.34 
462500.00 7722500.00 -5828.12 
467500.00 7722500.00 -5791.90 
472500.00 7722500.00 -6436.41 
477500.00 7722500.00 -4872.85 
482500.00 7722500.00 -6615.75 
487500.00 7722500.00 -7260.92 
492500.00 7722500.00 -6334.63 
497500.00 7722500.00 -7518.52 
502500.00 7722500.00 -7823.92 
507500.00 7722500.00 -8122.30 
512500.00 7722500.00 -7215.46 
517500.00 7722500.00 -8326.31 
522500.00 7722500.00 -7952.30 
527500.00 7722500.00 -6468.57 
532500.00 7722500.00 -8113.60 
537500.00 7722500.00 -8054.33 
542500.00 7722500.00 -5665.00 
547500.00 7722500.00 -4759.64 
552500.00 7722500.00 -5794.30 
557500.00 7722500.00 -6197.43 
562500.00 7722500.00 -7429.95 
567500.00 7722500.00 -7216.34 
572500.00 7722500.00 -7133.47 
577500.00 7722500.00 -7487.35 
402500.00 7727500.00 -1595.53 
407500.00 7727500.00 -2030.84 
412500.00 7727500.00 -2564.02 
417500.00 7727500.00 -3030.46 
422500.00 7727500.00 -3477.74 
427500.00 7727500.00 -4098.36 
432500.00 7727500.00 -5084.35 
437500.00 7727500.00 -5097.24 
442500.00 7727500.00 -5422.47 
447500.00 7727500.00 -5614.21 
452500.00 7727500.00 -5525.02 
457500.00 7727500.00 -5414.67 
462500.00 7727500.00 -5860.21 
467500.00 7727500.00 -6070.71 
472500.00 7727500.00 -6536.57 
477500.00 7727500.00 -5323.50 
482500.00 7727500.00 -6770.13 
487500.00 7727500.00 -7353.29 
492500.00 7727500.00 -6737.44 
497500.00 7727500.00 -7248.65 
502500.00 7727500.00 -8216.52 
507500.00 7727500.00 -7576.58 
512500.00 7727500.00 -7584.04 
517500.00 7727500.00 -8433.73 
522500.00 7727500.00 -6723.36 
527500.00 7727500.00 -6195.37 
532500.00 7727500.00 -7804.43 
537500.00 7727500.00 -8076.80 
542500.00 7727500.00 -5703.37 
547500.00 7727500.00 -4710.97 
552500.00 7727500.00 -7317.02 
557500.00 7727500.00 -7621.49 
562500.00 7727500.00 -7372.47 
567500.00 7727500.00 -7039.22 
572500.00 7727500.00 -7050.96 
577500.00 7727500.00 -7600.75 
402500.00 7732500.00 -1579.87 
407500.00 7732500.00 -1804.61 
412500.00 7732500.00 -2336.10 
417500.00 7732500.00 -2774.54 
422500.00 7732500.00 -3261.78 
427500.00 7732500.00 -3885.97 
432500.00 7732500.00 -4927.41 
437500.00 7732500.00 -5512.73 
442500.00 7732500.00 -5603.48 
447500.00 7732500.00 -5691.38 
452500.00 7732500.00 -5652.85 
457500.00 7732500.00 -5606.07 
462500.00 7732500.00 -5696.03 
467500.00 7732500.00 -6169.53 
472500.00 7732500.00 -5995.09 
477500.00 7732500.00 -5660.14 
482500.00 7732500.00 -6758.73 
487500.00 7732500.00 -6163.52 
492500.00 7732500.00 -6902.60 
497500.00 7732500.00 -7110.34 
502500.00 7732500.00 -6524.31 
507500.00 7732500.00 -6625.10 
512500.00 7732500.00 -8148.30 
517500.00 7732500.00 -5175.16 
522500.00 7732500.00 -7044.32 
527500.00 7732500.00 -6323.22 
532500.00 7732500.00 -7288.77 
537500.00 7732500.00 -8151.18 
542500.00 7732500.00 -8503.29 
547500.00 7732500.00 -7953.77 
552500.00 7732500.00 -7778.60 
557500.00 7732500.00 -7716.64 
562500.00 7732500.00 -7615.92 
567500.00 7732500.00 -7098.54 
572500.00 7732500.00 -7377.50 
577500.00 7732500.00 -7754.29 
402500.00 7737500.00 -1502.67 
407500.00 7737500.00 -1632.16 
412500.00 7737500.00 -2234.93 
417500.00 7737500.00 -2766.67 
422500.00 7737500.00 -3211.80 
427500.00 7737500.00 -3634.60 
432500.00 7737500.00 -4802.80 
437500.00 7737500.00 -5760.97 
442500.00 7737500.00 -5654.72 
447500.00 7737500.00 -5779.87 
452500.00 7737500.00 -5678.74 
457500.00 7737500.00 -5588.24 
462500.00 7737500.00 -5703.89 
467500.00 7737500.00 -6166.32 
472500.00 7737500.00 -6028.86 
477500.00 7737500.00 -6013.76 
482500.00 7737500.00 -6833.99 
487500.00 7737500.00 -5844.95 
492500.00 7737500.00 -6649.71 
497500.00 7737500.00 -6869.87 
502500.00 7737500.00 -6162.08 
507500.00 7737500.00 -7629.79 
512500.00 7737500.00 -7582.44 
517500.00 7737500.00 -5111.12 
522500.00 7737500.00 -6970.82 
527500.00 7737500.00 -6806.88 
532500.00 7737500.00 -7276.06 
537500.00 7737500.00 -7885.72 
542500.00 7737500.00 -7891.89 
547500.00 7737500.00 -7894.30 
552500.00 7737500.00 -7482.45 
557500.00 7737500.00 -7631.36 
562500.00 7737500.00 -7959.68 
567500.00 7737500.00 -7806.14 
572500.00 7737500.00 -8182.50 
577500.00 7737500.00 -8185.27 
402500.00 7742500.00 -1554.03 
407500.00 7742500.00 -1608.29 
412500.00 7742500.00 -2101.34 
417500.00 7742500.00 -2711.05 
422500.00 7742500.00 -3238.80 
427500.00 7742500.00 -3645.00 
432500.00 7742500.00 -4334.44 
437500.00 7742500.00 -5269.34 
442500.00 7742500.00 -5814.92 
447500.00 7742500.00 -6062.97 
452500.00 7742500.00 -5647.10 
457500.00 7742500.00 -5653.49 
462500.00 7742500.00 -6043.50 
467500.00 7742500.00 -6238.43 
472500.00 7742500.00 -6345.27 
477500.00 7742500.00 -6541.25 
482500.00 7742500.00 -6908.07 
487500.00 7742500.00 -6138.49 
492500.00 7742500.00 -6365.18 
497500.00 7742500.00 -6645.70 
502500.00 7742500.00 -6760.33 
507500.00 7742500.00 -7465.98 
512500.00 7742500.00 -7497.49 
517500.00 7742500.00 -6928.87 
522500.00 7742500.00 -6587.45 
527500.00 7742500.00 -6591.13 
532500.00 7742500.00 -7584.20 
537500.00 7742500.00 -8140.69 
542500.00 7742500.00 -8288.92 
547500.00 7742500.00 -7983.37 
552500.00 7742500.00 -7542.75 
557500.00 7742500.00 -7411.42 
562500.00 7742500.00 -8070.89 
567500.00 7742500.00 -8561.57 
572500.00 7742500.00 -9263.45 
577500.00 7742500.00 -9345.02 
402500.00 7747500.00 -1601.33 
407500.00 7747500.00 -1653.59 
412500.00 7747500.00 -1908.74 
417500.00 7747500.00 -2553.58 
422500.00 7747500.00 -3227.05 
427500.00 7747500.00 -3724.63 
432500.00 7747500.00 -4463.44 
437500.00 7747500.00 -5215.33 
442500.00 7747500.00 -5905.23 
447500.00 7747500.00 -6010.07 
452500.00 7747500.00 -5770.64 
457500.00 7747500.00 -5789.42 
462500.00 7747500.00 -6129.31 
467500.00 7747500.00 -6253.35 
472500.00 7747500.00 -6626.78 
477500.00 7747500.00 -6415.63 
482500.00 7747500.00 -6841.40 
487500.00 7747500.00 -6403.63 
492500.00 7747500.00 -6042.44 
497500.00 7747500.00 -6389.17 
502500.00 7747500.00 -7046.80 
507500.00 7747500.00 -7512.29 
512500.00 7747500.00 -7830.29 
517500.00 7747500.00 -7328.98 
522500.00 7747500.00 -7982.90 
527500.00 7747500.00 -7132.92 
532500.00 7747500.00 -6426.09 
537500.00 7747500.00 -5969.86 
542500.00 7747500.00 -8436.38 
547500.00 7747500.00 -7390.78 
552500.00 7747500.00 -7571.92 
557500.00 7747500.00 -7338.53 
562500.00 7747500.00 -7882.11 
567500.00 7747500.00 -8294.84 
572500.00 7747500.00 -9465.64 
577500.00 7747500.00 -9563.17 
402500.00 7752500.00 -1526.47 
407500.00 7752500.00 -1584.78 
412500.00 7752500.00 -1770.10 
417500.00 7752500.00 -2531.93 
422500.00 7752500.00 -3099.21 
427500.00 7752500.00 -3733.19 
432500.00 7752500.00 -4614.84 
437500.00 7752500.00 -5288.90 
442500.00 7752500.00 -5940.75 
447500.00 7752500.00 -6071.02 
452500.00 7752500.00 -5961.93 
457500.00 7752500.00 -5808.42 
462500.00 7752500.00 -5959.04 
467500.00 7752500.00 -6177.90 
472500.00 7752500.00 -6657.96 
477500.00 7752500.00 -5528.20 
482500.00 7752500.00 -6920.78 
487500.00 7752500.00 -7099.72 
492500.00 7752500.00 -5557.81 
497500.00 7752500.00 -6156.76 
502500.00 7752500.00 -6635.32 
507500.00 7752500.00 -7483.50 
512500.00 7752500.00 -8030.06 
517500.00 7752500.00 -8014.94 
522500.00 7752500.00 -7921.31 
527500.00 7752500.00 -8275.94 
532500.00 7752500.00 -8104.59 
537500.00 7752500.00 -7047.24 
542500.00 7752500.00 -8208.60 
547500.00 7752500.00 -7874.05 
552500.00 7752500.00 -8609.03 
557500.00 7752500.00 -8115.77 
562500.00 7752500.00 -8260.25 
567500.00 7752500.00 -8685.39 
572500.00 7752500.00 -9409.93 
577500.00 7752500.00 -7779.02 
402500.00 7757500.00 -1427.13 
407500.00 7757500.00 -1583.57 
412500.00 7757500.00 -1695.98 
417500.00 7757500.00 -2294.42 
422500.00 7757500.00 -3005.23 
427500.00 7757500.00 -3713.17 
432500.00 7757500.00 -4597.28 
437500.00 7757500.00 -5154.19 
442500.00 7757500.00 -5623.19 
447500.00 7757500.00 -6193.52 
452500.00 7757500.00 -6024.92 
457500.00 7757500.00 -5889.17 
462500.00 7757500.00 -6122.95 
467500.00 7757500.00 -6316.43 
472500.00 7757500.00 -6539.99 
477500.00 7757500.00 -6053.76 
482500.00 7757500.00 -7064.55 
487500.00 7757500.00 -7047.66 
492500.00 7757500.00 -6502.80 
497500.00 7757500.00 -6791.69 
502500.00 7757500.00 -6208.48 
507500.00 7757500.00 -7192.40 
512500.00 7757500.00 -7065.13 
517500.00 7757500.00 -7424.01 
522500.00 7757500.00 -8078.66 
527500.00 7757500.00 -8460.70 
532500.00 7757500.00 -8221.60 
537500.00 7757500.00 -7713.60 
542500.00 7757500.00 -5126.26 
547500.00 7757500.00 -5681.90 
552500.00 7757500.00 -8791.99 
557500.00 7757500.00 -8070.64 
562500.00 7757500.00 -8572.53 
567500.00 7757500.00 -9163.42 
572500.00 7757500.00 -9151.40 
577500.00 7757500.00 -9323.87 
402500.00 7762500.00 -1327.42 
407500.00 7762500.00 -1432.21 
412500.00 7762500.00 -1674.90 
417500.00 7762500.00 -2488.99 
422500.00 7762500.00 -3048.55 
427500.00 7762500.00 -3689.40 
432500.00 7762500.00 -4563.47 
437500.00 7762500.00 -4992.62 
442500.00 7762500.00 -5363.94 
447500.00 7762500.00 -5864.32 
452500.00 7762500.00 -5994.87 
457500.00 7762500.00 -6152.51 
462500.00 7762500.00 -6356.05 
467500.00 7762500.00 -6347.65 
472500.00 7762500.00 -6652.52 
477500.00 7762500.00 -5949.39 
482500.00 7762500.00 -6879.51 
487500.00 7762500.00 -6971.54 
492500.00 7762500.00 -6996.35 
497500.00 7762500.00 -7030.64 
502500.00 7762500.00 -6003.41 
507500.00 7762500.00 -6575.21 
512500.00 7762500.00 -7309.13 
517500.00 7762500.00 -7592.71 
522500.00 7762500.00 -7802.34 
527500.00 7762500.00 -7919.36 
532500.00 7762500.00 -7523.60 
537500.00 7762500.00 -7458.55 
542500.00 7762500.00 -7946.53 
547500.00 7762500.00 -8212.33 
552500.00 7762500.00 -8791.12 
557500.00 7762500.00 -8121.22 
562500.00 7762500.00 -8056.03 
567500.00 7762500.00 -8616.67 
572500.00 7762500.00 -8996.67 
577500.00 7762500.00 -9221.02 
402500.00 7767500.00 -1375.57 
407500.00 7767500.00 -1488.63 
412500.00 7767500.00 -1653.61 
417500.00 7767500.00 -2490.56 
422500.00 7767500.00 -3049.17 
427500.00 7767500.00 -3594.87 
432500.00 7767500.00 -4552.67 
437500.00 7767500.00 -4986.21 
442500.00 7767500.00 -5405.04 
447500.00 7767500.00 -5771.17 
452500.00 7767500.00 -6039.85 
457500.00 7767500.00 -6383.61 
462500.00 7767500.00 -6294.97 
467500.00 7767500.00 -6398.36 
472500.00 7767500.00 -6543.70 
477500.00 7767500.00 -6135.28 
482500.00 7767500.00 -6711.03 
487500.00 7767500.00 -6754.89 
492500.00 7767500.00 -6659.94 
497500.00 7767500.00 -6686.73 
502500.00 7767500.00 -7613.77 
507500.00 7767500.00 -7422.47 
512500.00 7767500.00 -7220.39 
517500.00 7767500.00 -7188.49 
522500.00 7767500.00 -8082.10 
527500.00 7767500.00 -8081.31 
532500.00 7767500.00 -7749.16 
537500.00 7767500.00 -7658.23 
542500.00 7767500.00 -8490.68 
547500.00 7767500.00 -8562.23 
552500.00 7767500.00 -8435.20 
557500.00 7767500.00 -8456.23 
562500.00 7767500.00 -8216.03 
567500.00 7767500.00 -8814.33 
572500.00 7767500.00 -9286.35 
577500.00 7767500.00 -9444.51 
402500.00 7772500.00 -1338.96 
407500.00 7772500.00 -1538.61 
412500.00 7772500.00 -1832.63 
417500.00 7772500.00 -2538.60 
422500.00 7772500.00 -3251.92 
427500.00 7772500.00 -3643.51 
432500.00 7772500.00 -4369.88 
437500.00 7772500.00 -4957.63 
442500.00 7772500.00 -5266.67 
447500.00 7772500.00 -5585.62 
452500.00 7772500.00 -6022.42 
457500.00 7772500.00 -6273.74 
462500.00 7772500.00 -6223.05 
467500.00 7772500.00 -6434.55 
472500.00 7772500.00 -6452.04 
477500.00 7772500.00 -6765.85 
482500.00 7772500.00 -6492.46 
487500.00 7772500.00 -6303.61 
492500.00 7772500.00 -7470.09 
497500.00 7772500.00 -7683.44 
502500.00 7772500.00 -7864.31 
507500.00 7772500.00 -7852.06 
512500.00 7772500.00 -7849.81 
517500.00 7772500.00 -7144.84 
522500.00 7772500.00 -7596.53 
527500.00 7772500.00 -7603.49 
532500.00 7772500.00 -8055.67 
537500.00 7772500.00 -8464.51 
542500.00 7772500.00 -9286.11 
547500.00 7772500.00 -9330.17 
552500.00 7772500.00 -9759.96 
557500.00 7772500.00 -9357.24 
562500.00 7772500.00 -9273.62 
567500.00 7772500.00 -9262.32 
572500.00 7772500.00 -9182.47 
577500.00 7772500.00 -9394.18 
402500.00 7777500.00 -1330.28 
407500.00 7777500.00 -1560.45 
412500.00 7777500.00 -1935.72 
417500.00 7777500.00 -2449.19 
422500.00 7777500.00 -3292.58 
427500.00 7777500.00 -3728.91 
432500.00 7777500.00 -4343.42 
437500.00 7777500.00 -4714.28 
442500.00 7777500.00 -5065.90 
447500.00 7777500.00 -5436.60 
452500.00 7777500.00 -5984.51 
457500.00 7777500.00 -6347.92 
462500.00 7777500.00 -6272.16 
467500.00 7777500.00 -6134.69 
472500.00 7777500.00 -6529.84 
477500.00 7777500.00 -6765.10 
482500.00 7777500.00 -6427.86 
487500.00 7777500.00 -6302.97 
492500.00 7777500.00 -7656.54 
497500.00 7777500.00 -7957.71 
502500.00 7777500.00 -7519.72 
507500.00 7777500.00 -7715.23 
512500.00 7777500.00 -7966.95 
517500.00 7777500.00 -7524.22 
522500.00 7777500.00 -8019.86 
527500.00 7777500.00 -8033.23 
532500.00 7777500.00 -9135.60 
537500.00 7777500.00 -9933.57 
542500.00 7777500.00 -9209.19 
547500.00 7777500.00 -8871.89 
552500.00 7777500.00 -9600.13 
557500.00 7777500.00 -9428.92 
562500.00 7777500.00 -9732.89 
567500.00 7777500.00 -9915.49 
572500.00 7777500.00 -9260.98 
577500.00 7777500.00 -9112.10 
402500.00 7782500.00 -1387.72 
407500.00 7782500.00 -1635.92 
412500.00 7782500.00 -2028.96 
417500.00 7782500.00 -2486.73 
422500.00 7782500.00 -3354.56 
427500.00 7782500.00 -3899.32 
432500.00 7782500.00 -4427.86 
437500.00 7782500.00 -4566.04 
442500.00 7782500.00 -4750.49 
447500.00 7782500.00 -5165.95 
452500.00 7782500.00 -5780.14 
457500.00 7782500.00 -6223.86 
462500.00 7782500.00 -6282.12 
467500.00 7782500.00 -6140.21 
472500.00 7782500.00 -6613.56 
477500.00 7782500.00 -6479.76 
482500.00 7782500.00 -6081.13 
487500.00 7782500.00 -7550.04 
492500.00 7782500.00 -7993.37 
497500.00 7782500.00 -7806.17 
502500.00 7782500.00 -6708.79 
507500.00 7782500.00 -7780.47 
512500.00 7782500.00 -8167.26 
517500.00 7782500.00 -8166.90 
522500.00 7782500.00 -7776.67 
527500.00 7782500.00 -8319.92 
532500.00 7782500.00 -9925.74 
537500.00 7782500.00 -9542.75 
542500.00 7782500.00 -8152.40 
547500.00 7782500.00 -7611.18 
552500.00 7782500.00 -9510.99 
557500.00 7782500.00 -9633.08 
562500.00 7782500.00 -9418.03 
567500.00 7782500.00 -9593.61 
572500.00 7782500.00 -9472.33 
577500.00 7782500.00 -9354.83 
402500.00 7787500.00 -1495.12 
407500.00 7787500.00 -1706.73 
412500.00 7787500.00 -2154.13 
417500.00 7787500.00 -2459.76 
422500.00 7787500.00 -3176.92 
427500.00 7787500.00 -3826.08 
432500.00 7787500.00 -4396.96 
437500.00 7787500.00 -4680.00 
442500.00 7787500.00 -4704.80 
447500.00 7787500.00 -5071.28 
452500.00 7787500.00 -5914.43 
457500.00 7787500.00 -6357.92 
462500.00 7787500.00 -6470.38 
467500.00 7787500.00 -6262.45 
472500.00 7787500.00 -6758.93 
477500.00 7787500.00 -7113.71 
482500.00 7787500.00 -6744.50 
487500.00 7787500.00 -7487.51 
492500.00 7787500.00 -8356.92 
497500.00 7787500.00 -7385.81 
502500.00 7787500.00 -5775.20 
507500.00 7787500.00 -7905.95 
512500.00 7787500.00 -8297.27 
517500.00 7787500.00 -8456.94 
522500.00 7787500.00 -5962.08 
527500.00 7787500.00 -8154.26 
532500.00 7787500.00 -10390.01 
537500.00 7787500.00 -9096.91 
542500.00 7787500.00 -8464.30 
547500.00 7787500.00 -8285.00 
552500.00 7787500.00 -9144.21 
557500.00 7787500.00 -9333.44 
562500.00 7787500.00 -9247.27 
567500.00 7787500.00 -9216.80 
572500.00 7787500.00 -9395.67 
577500.00 7787500.00 -9434.52 
402500.00 7792500.00 -1565.90 
407500.00 7792500.00 -1709.00 
412500.00 7792500.00 -2095.27 
417500.00 7792500.00 -2469.90 
422500.00 7792500.00 -3105.81 
427500.00 7792500.00 -3704.25 
432500.00 7792500.00 -4354.83 
437500.00 7792500.00 -4774.10 
442500.00 7792500.00 -5066.51 
447500.00 7792500.00 -5114.74 
452500.00 7792500.00 -5736.26 
457500.00 7792500.00 -6136.90 
462500.00 7792500.00 -6244.38 
467500.00 7792500.00 -6568.69 
472500.00 7792500.00 -6510.67 
477500.00 7792500.00 -6763.70 
482500.00 7792500.00 -7039.68 
487500.00 7792500.00 -7314.91 
492500.00 7792500.00 -6950.33 
497500.00 7792500.00 -7440.82 
502500.00 7792500.00 -8017.71 
507500.00 7792500.00 -8252.07 
512500.00 7792500.00 -8407.74 
517500.00 7792500.00 -8336.20 
522500.00 7792500.00 -7416.07 
527500.00 7792500.00 -8453.39 
532500.00 7792500.00 -9235.97 
537500.00 7792500.00 -8828.84 
542500.00 7792500.00 -8948.88 
547500.00 7792500.00 -8971.53 
552500.00 7792500.00 -9029.75 
557500.00 7792500.00 -9098.63 
562500.00 7792500.00 -9305.59 
567500.00 7792500.00 -9244.09 
572500.00 7792500.00 -9341.74 
577500.00 7792500.00 -9400.83 
402500.00 7797500.00 -1515.07 
407500.00 7797500.00 -1628.28 
412500.00 7797500.00 -2058.28 
417500.00 7797500.00 -2484.25 
422500.00 7797500.00 -2910.34 
427500.00 7797500.00 -3353.27 
432500.00 7797500.00 -4528.97 
437500.00 7797500.00 -5003.11 
442500.00 7797500.00 -5288.93 
447500.00 7797500.00 -5312.07 
452500.00 7797500.00 -5743.33 
457500.00 7797500.00 -6106.76 
462500.00 7797500.00 -6382.61 
467500.00 7797500.00 -6671.26 
472500.00 7797500.00 -6377.79 
477500.00 7797500.00 -6939.38 
482500.00 7797500.00 -7307.11 
487500.00 7797500.00 -7689.55 
492500.00 7797500.00 -6567.83 
497500.00 7797500.00 -6784.55 
502500.00 7797500.00 -7518.78 
507500.00 7797500.00 -7536.54 
512500.00 7797500.00 -8047.04 
517500.00 7797500.00 -8111.65 
522500.00 7797500.00 -8156.69 
527500.00 7797500.00 -8267.65 
532500.00 7797500.00 -8626.16 
537500.00 7797500.00 -8751.80 
542500.00 7797500.00 -8827.12 
547500.00 7797500.00 -8878.61 
552500.00 7797500.00 -9086.70 
557500.00 7797500.00 -9128.96 
562500.00 7797500.00 -9225.09 
567500.00 7797500.00 -9178.76 
572500.00 7797500.00 -9291.91 
577500.00 7797500.00 -9349.85 
402500.00 7802500.00 -1471.35 
407500.00 7802500.00 -1548.16 
412500.00 7802500.00 -1991.29 
417500.00 7802500.00 -2434.62 
422500.00 7802500.00 -3118.98 
427500.00 7802500.00 -3534.98 
432500.00 7802500.00 -4405.04 
437500.00 7802500.00 -5025.08 
442500.00 7802500.00 -5365.20 
447500.00 7802500.00 -5633.98 
452500.00 7802500.00 -5889.62 
457500.00 7802500.00 -6076.63 
462500.00 7802500.00 -6512.71 
467500.00 7802500.00 -6651.35 
472500.00 7802500.00 -6865.47 
477500.00 7802500.00 -6357.04 
482500.00 7802500.00 -5847.89 
487500.00 7802500.00 -7151.81 
492500.00 7802500.00 -6524.07 
497500.00 7802500.00 -4803.83 
502500.00 7802500.00 -6680.67 
507500.00 7802500.00 -7053.20 
512500.00 7802500.00 -7569.08 
517500.00 7802500.00 -7927.37 
522500.00 7802500.00 -8194.00 
527500.00 7802500.00 -8286.62 
532500.00 7802500.00 -8444.47 
537500.00 7802500.00 -8491.40 
542500.00 7802500.00 -8685.85 
547500.00 7802500.00 -8809.79 
552500.00 7802500.00 -9000.64 
557500.00 7802500.00 -8980.88 
562500.00 7802500.00 -8986.46 
567500.00 7802500.00 -8849.69 
572500.00 7802500.00 -8945.44 
577500.00 7802500.00 -8967.70 
