# Petrel Points with attributes
# Unit in X and Y direction: m
# Unit in depth: m
VERSION 1
BEGIN HEADER
X
Y
Z
END HEADER
402500.00 7652500.00 -1503.80 
407500.00 7652500.00 -1574.79 
412500.00 7652500.00 -1645.84 
417500.00 7652500.00 -1720.24 
422500.00 7652500.00 -1786.35 
427500.00 7652500.00 -1860.86 
432500.00 7652500.00 -1933.11 
437500.00 7652500.00 -2015.95 
442500.00 7652500.00 -2075.87 
447500.00 7652500.00 -2112.92 
452500.00 7652500.00 -2156.14 
457500.00 7652500.00 -2194.04 
462500.00 7652500.00 -2218.25 
467500.00 7652500.00 -2180.32 
472500.00 7652500.00 -2147.31 
477500.00 7652500.00 -2258.32 
482500.00 7652500.00 -2383.49 
487500.00 7652500.00 -2418.29 
492500.00 7652500.00 -2418.40 
497500.00 7652500.00 -2422.59 
502500.00 7652500.00 -2513.81 
507500.00 7652500.00 -2528.94 
512500.00 7652500.00 -2515.94 
517500.00 7652500.00 -2641.28 
522500.00 7652500.00 -2721.55 
527500.00 7652500.00 -2751.68 
532500.00 7652500.00 -2806.91 
537500.00 7652500.00 -2793.01 
542500.00 7652500.00 -2774.28 
547500.00 7652500.00 -2820.31 
552500.00 7652500.00 -2877.23 
557500.00 7652500.00 -3156.12 
562500.00 7652500.00 -3399.84 
567500.00 7652500.00 -3370.37 
572500.00 7652500.00 -3338.83 
577500.00 7652500.00 -3374.18 
402500.00 7657500.00 -1514.44 
407500.00 7657500.00 -1575.57 
412500.00 7657500.00 -1636.26 
417500.00 7657500.00 -1698.52 
422500.00 7657500.00 -1762.25 
427500.00 7657500.00 -1835.54 
432500.00 7657500.00 -1893.58 
437500.00 7657500.00 -1955.81 
442500.00 7657500.00 -2022.17 
447500.00 7657500.00 -2083.59 
452500.00 7657500.00 -2122.97 
457500.00 7657500.00 -2169.59 
462500.00 7657500.00 -2194.45 
467500.00 7657500.00 -2220.57 
472500.00 7657500.00 -2162.72 
477500.00 7657500.00 -2186.79 
482500.00 7657500.00 -2358.94 
487500.00 7657500.00 -2412.95 
492500.00 7657500.00 -2398.93 
497500.00 7657500.00 -2403.34 
502500.00 7657500.00 -2500.86 
507500.00 7657500.00 -2483.77 
512500.00 7657500.00 -2442.87 
517500.00 7657500.00 -2676.28 
522500.00 7657500.00 -2645.25 
527500.00 7657500.00 -2660.58 
532500.00 7657500.00 -2812.41 
537500.00 7657500.00 -2828.72 
542500.00 7657500.00 -2805.86 
547500.00 7657500.00 -2879.38 
552500.00 7657500.00 -2904.87 
557500.00 7657500.00 -3190.98 
562500.00 7657500.00 -3504.46 
567500.00 7657500.00 -3327.83 
572500.00 7657500.00 -3295.25 
577500.00 7657500.00 -3343.97 
402500.00 7662500.00 -1529.19 
407500.00 7662500.00 -1583.23 
412500.00 7662500.00 -1634.67 
417500.00 7662500.00 -1695.47 
422500.00 7662500.00 -1754.42 
427500.00 7662500.00 -1825.53 
432500.00 7662500.00 -1892.40 
437500.00 7662500.00 -1949.02 
442500.00 7662500.00 -1991.34 
447500.00 7662500.00 -2030.66 
452500.00 7662500.00 -2080.70 
457500.00 7662500.00 -2152.45 
462500.00 7662500.00 -2191.29 
467500.00 7662500.00 -2220.75 
472500.00 7662500.00 -2190.29 
477500.00 7662500.00 -2177.15 
482500.00 7662500.00 -2368.89 
487500.00 7662500.00 -2400.68 
492500.00 7662500.00 -2418.81 
497500.00 7662500.00 -2394.84 
502500.00 7662500.00 -2486.71 
507500.00 7662500.00 -2496.62 
512500.00 7662500.00 -2443.57 
517500.00 7662500.00 -2495.06 
522500.00 7662500.00 -2561.17 
527500.00 7662500.00 -2626.22 
532500.00 7662500.00 -2832.21 
537500.00 7662500.00 -2843.23 
542500.00 7662500.00 -2804.20 
547500.00 7662500.00 -2859.89 
552500.00 7662500.00 -2907.22 
557500.00 7662500.00 -3206.70 
562500.00 7662500.00 -3510.40 
567500.00 7662500.00 -3274.03 
572500.00 7662500.00 -3245.70 
577500.00 7662500.00 -3278.08 
402500.00 7667500.00 -1549.28 
407500.00 7667500.00 -1608.32 
412500.00 7667500.00 -1654.63 
417500.00 7667500.00 -1705.96 
422500.00 7667500.00 -1760.84 
427500.00 7667500.00 -1814.59 
432500.00 7667500.00 -1876.12 
437500.00 7667500.00 -1940.61 
442500.00 7667500.00 -1977.97 
447500.00 7667500.00 -2006.08 
452500.00 7667500.00 -2087.07 
457500.00 7667500.00 -2164.02 
462500.00 7667500.00 -2194.37 
467500.00 7667500.00 -2215.40 
472500.00 7667500.00 -2242.11 
477500.00 7667500.00 -2233.30 
482500.00 7667500.00 -2334.68 
487500.00 7667500.00 -2383.08 
492500.00 7667500.00 -2411.99 
497500.00 7667500.00 -2333.04 
502500.00 7667500.00 -2442.79 
507500.00 7667500.00 -2487.04 
512500.00 7667500.00 -2455.31 
517500.00 7667500.00 -2525.20 
522500.00 7667500.00 -2564.47 
527500.00 7667500.00 -2647.69 
532500.00 7667500.00 -2854.80 
537500.00 7667500.00 -2858.68 
542500.00 7667500.00 -2843.04 
547500.00 7667500.00 -2858.66 
552500.00 7667500.00 -2937.55 
557500.00 7667500.00 -3019.59 
562500.00 7667500.00 -3244.46 
567500.00 7667500.00 -3224.61 
572500.00 7667500.00 -3213.82 
577500.00 7667500.00 -3234.35 
402500.00 7672500.00 -1566.14 
407500.00 7672500.00 -1626.69 
412500.00 7672500.00 -1661.65 
417500.00 7672500.00 -1708.79 
422500.00 7672500.00 -1754.81 
427500.00 7672500.00 -1816.55 
432500.00 7672500.00 -1878.58 
437500.00 7672500.00 -1933.58 
442500.00 7672500.00 -1984.45 
447500.00 7672500.00 -2020.45 
452500.00 7672500.00 -2095.45 
457500.00 7672500.00 -2148.69 
462500.00 7672500.00 -2173.29 
467500.00 7672500.00 -2189.22 
472500.00 7672500.00 -2259.73 
477500.00 7672500.00 -2289.54 
482500.00 7672500.00 -2299.66 
487500.00 7672500.00 -2362.85 
492500.00 7672500.00 -2388.71 
497500.00 7672500.00 -2344.71 
502500.00 7672500.00 -2427.80 
507500.00 7672500.00 -2460.57 
512500.00 7672500.00 -2501.44 
517500.00 7672500.00 -2570.55 
522500.00 7672500.00 -2625.03 
527500.00 7672500.00 -2818.36 
532500.00 7672500.00 -2860.36 
537500.00 7672500.00 -2864.94 
542500.00 7672500.00 -2868.25 
547500.00 7672500.00 -2838.04 
552500.00 7672500.00 -2916.11 
557500.00 7672500.00 -3004.67 
562500.00 7672500.00 -3202.14 
567500.00 7672500.00 -3186.94 
572500.00 7672500.00 -3164.58 
577500.00 7672500.00 -3194.65 
402500.00 7677500.00 -1546.76 
407500.00 7677500.00 -1642.70 
412500.00 7677500.00 -1706.45 
417500.00 7677500.00 -1749.64 
422500.00 7677500.00 -1795.79 
427500.00 7677500.00 -1842.75 
432500.00 7677500.00 -1886.73 
437500.00 7677500.00 -1936.97 
442500.00 7677500.00 -1982.95 
447500.00 7677500.00 -2036.43 
452500.00 7677500.00 -2090.20 
457500.00 7677500.00 -2129.76 
462500.00 7677500.00 -2164.00 
467500.00 7677500.00 -2193.75 
472500.00 7677500.00 -2252.07 
477500.00 7677500.00 -2277.02 
482500.00 7677500.00 -2279.76 
487500.00 7677500.00 -2359.91 
492500.00 7677500.00 -2345.70 
497500.00 7677500.00 -2395.51 
502500.00 7677500.00 -2424.87 
507500.00 7677500.00 -2466.52 
512500.00 7677500.00 -2461.49 
517500.00 7677500.00 -2486.54 
522500.00 7677500.00 -2737.73 
527500.00 7677500.00 -2899.55 
532500.00 7677500.00 -2882.08 
537500.00 7677500.00 -2871.60 
542500.00 7677500.00 -2873.74 
547500.00 7677500.00 -2883.17 
552500.00 7677500.00 -2963.50 
557500.00 7677500.00 -3035.81 
562500.00 7677500.00 -3168.31 
567500.00 7677500.00 -3149.84 
572500.00 7677500.00 -3124.61 
577500.00 7677500.00 -3153.35 
402500.00 7682500.00 -1495.85 
407500.00 7682500.00 -1610.67 
412500.00 7682500.00 -1675.97 
417500.00 7682500.00 -1757.23 
422500.00 7682500.00 -1821.37 
427500.00 7682500.00 -1878.21 
432500.00 7682500.00 -1914.83 
437500.00 7682500.00 -1956.79 
442500.00 7682500.00 -2001.25 
447500.00 7682500.00 -2038.51 
452500.00 7682500.00 -2077.66 
457500.00 7682500.00 -2116.44 
462500.00 7682500.00 -2147.01 
467500.00 7682500.00 -2179.03 
472500.00 7682500.00 -2223.45 
477500.00 7682500.00 -2255.18 
482500.00 7682500.00 -2266.69 
487500.00 7682500.00 -2343.60 
492500.00 7682500.00 -2336.86 
497500.00 7682500.00 -2399.70 
502500.00 7682500.00 -2419.46 
507500.00 7682500.00 -2499.22 
512500.00 7682500.00 -2585.71 
517500.00 7682500.00 -2585.57 
522500.00 7682500.00 -2864.13 
527500.00 7682500.00 -2730.15 
532500.00 7682500.00 -2859.13 
537500.00 7682500.00 -2878.63 
542500.00 7682500.00 -2873.74 
547500.00 7682500.00 -2863.18 
552500.00 7682500.00 -2904.59 
557500.00 7682500.00 -3052.50 
562500.00 7682500.00 -3119.27 
567500.00 7682500.00 -3100.00 
572500.00 7682500.00 -3081.44 
577500.00 7682500.00 -3109.68 
402500.00 7687500.00 -1410.43 
407500.00 7687500.00 -1540.06 
412500.00 7687500.00 -1643.91 
417500.00 7687500.00 -1729.66 
422500.00 7687500.00 -1807.80 
427500.00 7687500.00 -1882.77 
432500.00 7687500.00 -1927.30 
437500.00 7687500.00 -1961.35 
442500.00 7687500.00 -1996.96 
447500.00 7687500.00 -2037.99 
452500.00 7687500.00 -2075.38 
457500.00 7687500.00 -2113.72 
462500.00 7687500.00 -2140.98 
467500.00 7687500.00 -2171.54 
472500.00 7687500.00 -2214.56 
477500.00 7687500.00 -2264.87 
482500.00 7687500.00 -2290.74 
487500.00 7687500.00 -2327.24 
492500.00 7687500.00 -2358.96 
497500.00 7687500.00 -2377.83 
502500.00 7687500.00 -2421.48 
507500.00 7687500.00 -2536.50 
512500.00 7687500.00 -2635.55 
517500.00 7687500.00 -2537.25 
522500.00 7687500.00 -2840.78 
527500.00 7687500.00 -2809.32 
532500.00 7687500.00 -2746.36 
537500.00 7687500.00 -2879.43 
542500.00 7687500.00 -2873.69 
547500.00 7687500.00 -2871.56 
552500.00 7687500.00 -2892.23 
557500.00 7687500.00 -3026.65 
562500.00 7687500.00 -3055.10 
567500.00 7687500.00 -3040.60 
572500.00 7687500.00 -3042.90 
577500.00 7687500.00 -3066.55 
402500.00 7692500.00 -1320.22 
407500.00 7692500.00 -1487.57 
412500.00 7692500.00 -1607.47 
417500.00 7692500.00 -1722.33 
422500.00 7692500.00 -1798.86 
427500.00 7692500.00 -1859.10 
432500.00 7692500.00 -1905.32 
437500.00 7692500.00 -1943.68 
442500.00 7692500.00 -1981.09 
447500.00 7692500.00 -2032.57 
452500.00 7692500.00 -2076.36 
457500.00 7692500.00 -2125.28 
462500.00 7692500.00 -2159.82 
467500.00 7692500.00 -2190.88 
472500.00 7692500.00 -2227.06 
477500.00 7692500.00 -2261.68 
482500.00 7692500.00 -2284.92 
487500.00 7692500.00 -2316.62 
492500.00 7692500.00 -2351.49 
497500.00 7692500.00 -2391.97 
502500.00 7692500.00 -2443.70 
507500.00 7692500.00 -2497.31 
512500.00 7692500.00 -2508.44 
517500.00 7692500.00 -2523.69 
522500.00 7692500.00 -2868.92 
527500.00 7692500.00 -2717.90 
532500.00 7692500.00 -2678.20 
537500.00 7692500.00 -2877.72 
542500.00 7692500.00 -2871.59 
547500.00 7692500.00 -2873.42 
552500.00 7692500.00 -2903.24 
557500.00 7692500.00 -2937.11 
562500.00 7692500.00 -2970.72 
567500.00 7692500.00 -2986.84 
572500.00 7692500.00 -3024.94 
577500.00 7692500.00 -3055.46 
402500.00 7697500.00 -1136.60 
407500.00 7697500.00 -1414.36 
412500.00 7697500.00 -1585.10 
417500.00 7697500.00 -1706.24 
422500.00 7697500.00 -1769.31 
427500.00 7697500.00 -1829.90 
432500.00 7697500.00 -1868.49 
437500.00 7697500.00 -1912.31 
442500.00 7697500.00 -1962.03 
447500.00 7697500.00 -2023.71 
452500.00 7697500.00 -2073.36 
457500.00 7697500.00 -2116.57 
462500.00 7697500.00 -2148.95 
467500.00 7697500.00 -2175.45 
472500.00 7697500.00 -2219.33 
477500.00 7697500.00 -2253.45 
482500.00 7697500.00 -2279.59 
487500.00 7697500.00 -2320.73 
492500.00 7697500.00 -2353.06 
497500.00 7697500.00 -2408.15 
502500.00 7697500.00 -2478.15 
507500.00 7697500.00 -2525.77 
512500.00 7697500.00 -2528.88 
517500.00 7697500.00 -2460.12 
522500.00 7697500.00 -2383.00 
527500.00 7697500.00 -2675.82 
532500.00 7697500.00 -2826.78 
537500.00 7697500.00 -2852.94 
542500.00 7697500.00 -2855.93 
547500.00 7697500.00 -2863.50 
552500.00 7697500.00 -2863.90 
557500.00 7697500.00 -2893.84 
562500.00 7697500.00 -2921.31 
567500.00 7697500.00 -2945.64 
572500.00 7697500.00 -2993.33 
577500.00 7697500.00 -3039.16 
402500.00 7702500.00 -842.69 
407500.00 7702500.00 -1311.52 
412500.00 7702500.00 -1520.63 
417500.00 7702500.00 -1643.40 
422500.00 7702500.00 -1714.33 
427500.00 7702500.00 -1790.01 
432500.00 7702500.00 -1841.71 
437500.00 7702500.00 -1911.92 
442500.00 7702500.00 -1977.89 
447500.00 7702500.00 -2021.10 
452500.00 7702500.00 -2065.15 
457500.00 7702500.00 -2101.53 
462500.00 7702500.00 -2142.40 
467500.00 7702500.00 -2180.84 
472500.00 7702500.00 -2210.34 
477500.00 7702500.00 -2239.42 
482500.00 7702500.00 -2269.80 
487500.00 7702500.00 -2301.87 
492500.00 7702500.00 -2350.37 
497500.00 7702500.00 -2416.37 
502500.00 7702500.00 -2498.99 
507500.00 7702500.00 -2533.66 
512500.00 7702500.00 -2512.16 
517500.00 7702500.00 -2454.00 
522500.00 7702500.00 -2387.76 
527500.00 7702500.00 -2424.08 
532500.00 7702500.00 -2782.29 
537500.00 7702500.00 -2815.93 
542500.00 7702500.00 -2815.21 
547500.00 7702500.00 -2844.85 
552500.00 7702500.00 -2839.24 
557500.00 7702500.00 -2860.65 
562500.00 7702500.00 -2878.46 
567500.00 7702500.00 -2912.30 
572500.00 7702500.00 -2958.74 
577500.00 7702500.00 -3025.54 
402500.00 7707500.00 -388.44 
407500.00 7707500.00 -1374.45 
412500.00 7707500.00 -1438.85 
417500.00 7707500.00 -1587.46 
422500.00 7707500.00 -1673.65 
427500.00 7707500.00 -1757.24 
432500.00 7707500.00 -1837.43 
437500.00 7707500.00 -1909.63 
442500.00 7707500.00 -1973.57 
447500.00 7707500.00 -2017.52 
452500.00 7707500.00 -2052.13 
457500.00 7707500.00 -2081.46 
462500.00 7707500.00 -2113.76 
467500.00 7707500.00 -2173.56 
472500.00 7707500.00 -2199.13 
477500.00 7707500.00 -2198.00 
482500.00 7707500.00 -2260.57 
487500.00 7707500.00 -2280.11 
492500.00 7707500.00 -2369.10 
497500.00 7707500.00 -2418.41 
502500.00 7707500.00 -2473.77 
507500.00 7707500.00 -2437.22 
512500.00 7707500.00 -2394.92 
517500.00 7707500.00 -2475.31 
522500.00 7707500.00 -2465.94 
527500.00 7707500.00 -2409.20 
532500.00 7707500.00 -2515.68 
537500.00 7707500.00 -2768.94 
542500.00 7707500.00 -2753.95 
547500.00 7707500.00 -2802.83 
552500.00 7707500.00 -2812.54 
557500.00 7707500.00 -2827.76 
562500.00 7707500.00 -2849.13 
567500.00 7707500.00 -2887.31 
572500.00 7707500.00 -2938.30 
577500.00 7707500.00 -3013.91 
402500.00 7712500.00 -199.29 
407500.00 7712500.00 -974.14 
412500.00 7712500.00 -1328.50 
417500.00 7712500.00 -1513.03 
422500.00 7712500.00 -1626.53 
427500.00 7712500.00 -1737.55 
432500.00 7712500.00 -1810.17 
437500.00 7712500.00 -1885.57 
442500.00 7712500.00 -1945.73 
447500.00 7712500.00 -1995.94 
452500.00 7712500.00 -2043.15 
457500.00 7712500.00 -2085.07 
462500.00 7712500.00 -2121.90 
467500.00 7712500.00 -2166.26 
472500.00 7712500.00 -2183.95 
477500.00 7712500.00 -2177.87 
482500.00 7712500.00 -2231.67 
487500.00 7712500.00 -2286.27 
492500.00 7712500.00 -2354.75 
497500.00 7712500.00 -2376.34 
502500.00 7712500.00 -2450.22 
507500.00 7712500.00 -2476.13 
512500.00 7712500.00 -2487.53 
517500.00 7712500.00 -2489.56 
522500.00 7712500.00 -2464.46 
527500.00 7712500.00 -2428.75 
532500.00 7712500.00 -2468.12 
537500.00 7712500.00 -2612.11 
542500.00 7712500.00 -2709.94 
547500.00 7712500.00 -2735.12 
552500.00 7712500.00 -2773.69 
557500.00 7712500.00 -2726.07 
562500.00 7712500.00 -2817.17 
567500.00 7712500.00 -2855.95 
572500.00 7712500.00 -2904.87 
577500.00 7712500.00 -2960.83 
402500.00 7717500.00 -127.96 
407500.00 7717500.00 -750.19 
412500.00 7717500.00 -1235.27 
417500.00 7717500.00 -1473.65 
422500.00 7717500.00 -1598.65 
427500.00 7717500.00 -1693.99 
432500.00 7717500.00 -1776.20 
437500.00 7717500.00 -1850.07 
442500.00 7717500.00 -1923.35 
447500.00 7717500.00 -2001.91 
452500.00 7717500.00 -2057.46 
457500.00 7717500.00 -2094.54 
462500.00 7717500.00 -2129.13 
467500.00 7717500.00 -2155.00 
472500.00 7717500.00 -2161.43 
477500.00 7717500.00 -2172.37 
482500.00 7717500.00 -2218.94 
487500.00 7717500.00 -2277.60 
492500.00 7717500.00 -2314.37 
497500.00 7717500.00 -2381.84 
502500.00 7717500.00 -2433.34 
507500.00 7717500.00 -2452.94 
512500.00 7717500.00 -2453.17 
517500.00 7717500.00 -2492.84 
522500.00 7717500.00 -2445.45 
527500.00 7717500.00 -2429.22 
532500.00 7717500.00 -2408.95 
537500.00 7717500.00 -2463.67 
542500.00 7717500.00 -2659.24 
547500.00 7717500.00 -2746.49 
552500.00 7717500.00 -2694.43 
557500.00 7717500.00 -2536.52 
562500.00 7717500.00 -2774.82 
567500.00 7717500.00 -2822.76 
572500.00 7717500.00 -2825.48 
577500.00 7717500.00 -2829.77 
402500.00 7722500.00 -97.69 
407500.00 7722500.00 -571.38 
412500.00 7722500.00 -1168.63 
417500.00 7722500.00 -1455.52 
422500.00 7722500.00 -1581.69 
427500.00 7722500.00 -1666.78 
432500.00 7722500.00 -1763.10 
437500.00 7722500.00 -1861.45 
442500.00 7722500.00 -1932.11 
447500.00 7722500.00 -1983.68 
452500.00 7722500.00 -2019.04 
457500.00 7722500.00 -2052.11 
462500.00 7722500.00 -2092.49 
467500.00 7722500.00 -2126.26 
472500.00 7722500.00 -2140.01 
477500.00 7722500.00 -2130.78 
482500.00 7722500.00 -2202.32 
487500.00 7722500.00 -2268.74 
492500.00 7722500.00 -2287.38 
497500.00 7722500.00 -2358.21 
502500.00 7722500.00 -2404.00 
507500.00 7722500.00 -2446.09 
512500.00 7722500.00 -2473.39 
517500.00 7722500.00 -2503.05 
522500.00 7722500.00 -2535.08 
527500.00 7722500.00 -2600.51 
532500.00 7722500.00 -2612.81 
537500.00 7722500.00 -2693.59 
542500.00 7722500.00 -2757.76 
547500.00 7722500.00 -2632.33 
552500.00 7722500.00 -2461.59 
557500.00 7722500.00 -2525.26 
562500.00 7722500.00 -2736.56 
567500.00 7722500.00 -2777.73 
572500.00 7722500.00 -2764.49 
577500.00 7722500.00 -2694.54 
402500.00 7727500.00 -73.03 
407500.00 7727500.00 -416.94 
412500.00 7727500.00 -1034.77 
417500.00 7727500.00 -1392.71 
422500.00 7727500.00 -1538.27 
427500.00 7727500.00 -1648.87 
432500.00 7727500.00 -1758.59 
437500.00 7727500.00 -1815.89 
442500.00 7727500.00 -1864.10 
447500.00 7727500.00 -1921.16 
452500.00 7727500.00 -1968.50 
457500.00 7727500.00 -2026.50 
462500.00 7727500.00 -2073.55 
467500.00 7727500.00 -2117.31 
472500.00 7727500.00 -2138.87 
477500.00 7727500.00 -2128.33 
482500.00 7727500.00 -2212.56 
487500.00 7727500.00 -2257.86 
492500.00 7727500.00 -2267.82 
497500.00 7727500.00 -2356.40 
502500.00 7727500.00 -2414.24 
507500.00 7727500.00 -2409.98 
512500.00 7727500.00 -2439.56 
517500.00 7727500.00 -2474.21 
522500.00 7727500.00 -2489.14 
527500.00 7727500.00 -2439.92 
532500.00 7727500.00 -2408.30 
537500.00 7727500.00 -2352.44 
542500.00 7727500.00 -2463.42 
547500.00 7727500.00 -2565.12 
552500.00 7727500.00 -2474.29 
557500.00 7727500.00 -2603.51 
562500.00 7727500.00 -2691.03 
567500.00 7727500.00 -2712.23 
572500.00 7727500.00 -2691.80 
577500.00 7727500.00 -2584.15 
402500.00 7732500.00 -54.18 
407500.00 7732500.00 -253.03 
412500.00 7732500.00 -909.99 
417500.00 7732500.00 -1296.30 
422500.00 7732500.00 -1478.05 
427500.00 7732500.00 -1605.91 
432500.00 7732500.00 -1682.33 
437500.00 7732500.00 -1741.03 
442500.00 7732500.00 -1819.63 
447500.00 7732500.00 -1906.71 
452500.00 7732500.00 -1963.56 
457500.00 7732500.00 -2018.37 
462500.00 7732500.00 -2053.56 
467500.00 7732500.00 -2094.60 
472500.00 7732500.00 -2129.07 
477500.00 7732500.00 -2153.00 
482500.00 7732500.00 -2186.35 
487500.00 7732500.00 -2208.14 
492500.00 7732500.00 -2312.56 
497500.00 7732500.00 -2340.94 
502500.00 7732500.00 -2330.87 
507500.00 7732500.00 -2343.83 
512500.00 7732500.00 -2438.77 
517500.00 7732500.00 -2408.32 
522500.00 7732500.00 -2389.44 
527500.00 7732500.00 -2355.62 
532500.00 7732500.00 -2252.65 
537500.00 7732500.00 -2181.80 
542500.00 7732500.00 -2428.99 
547500.00 7732500.00 -2425.84 
552500.00 7732500.00 -2387.10 
557500.00 7732500.00 -2518.77 
562500.00 7732500.00 -2615.10 
567500.00 7732500.00 -2619.79 
572500.00 7732500.00 -2541.36 
577500.00 7732500.00 -2351.04 
402500.00 7737500.00 -51.07 
407500.00 7737500.00 -96.81 
412500.00 7737500.00 -740.01 
417500.00 7737500.00 -1206.29 
422500.00 7737500.00 -1405.82 
427500.00 7737500.00 -1546.65 
432500.00 7737500.00 -1630.88 
437500.00 7737500.00 -1720.61 
442500.00 7737500.00 -1797.13 
447500.00 7737500.00 -1873.44 
452500.00 7737500.00 -1935.60 
457500.00 7737500.00 -1984.19 
462500.00 7737500.00 -2021.01 
467500.00 7737500.00 -2064.76 
472500.00 7737500.00 -2113.92 
477500.00 7737500.00 -2151.52 
482500.00 7737500.00 -2180.45 
487500.00 7737500.00 -2243.37 
492500.00 7737500.00 -2235.92 
497500.00 7737500.00 -2229.06 
502500.00 7737500.00 -2235.94 
507500.00 7737500.00 -2405.68 
512500.00 7737500.00 -2289.09 
517500.00 7737500.00 -2154.31 
522500.00 7737500.00 -2193.47 
527500.00 7737500.00 -2254.88 
532500.00 7737500.00 -2196.36 
537500.00 7737500.00 -2124.44 
542500.00 7737500.00 -2304.04 
547500.00 7737500.00 -2228.38 
552500.00 7737500.00 -2279.14 
557500.00 7737500.00 -2265.42 
562500.00 7737500.00 -2332.35 
567500.00 7737500.00 -2424.05 
572500.00 7737500.00 -2431.74 
577500.00 7737500.00 -2235.41 
402500.00 7742500.00 -43.58 
407500.00 7742500.00 -75.07 
412500.00 7742500.00 -506.98 
417500.00 7742500.00 -1106.54 
422500.00 7742500.00 -1339.41 
427500.00 7742500.00 -1503.30 
432500.00 7742500.00 -1602.71 
437500.00 7742500.00 -1670.77 
442500.00 7742500.00 -1730.69 
447500.00 7742500.00 -1815.17 
452500.00 7742500.00 -1901.27 
457500.00 7742500.00 -1952.43 
462500.00 7742500.00 -2003.69 
467500.00 7742500.00 -2054.33 
472500.00 7742500.00 -2092.94 
477500.00 7742500.00 -2126.49 
482500.00 7742500.00 -2163.17 
487500.00 7742500.00 -2189.48 
492500.00 7742500.00 -2175.60 
497500.00 7742500.00 -2191.27 
502500.00 7742500.00 -2261.49 
507500.00 7742500.00 -2371.96 
512500.00 7742500.00 -2087.36 
517500.00 7742500.00 -2145.96 
522500.00 7742500.00 -2117.57 
527500.00 7742500.00 -2154.25 
532500.00 7742500.00 -2216.14 
537500.00 7742500.00 -2059.34 
542500.00 7742500.00 -2049.81 
547500.00 7742500.00 -2138.53 
552500.00 7742500.00 -2184.18 
557500.00 7742500.00 -2108.69 
562500.00 7742500.00 -2068.02 
567500.00 7742500.00 -2191.32 
572500.00 7742500.00 -2335.67 
577500.00 7742500.00 -2150.82 
402500.00 7747500.00 -72.76 
407500.00 7747500.00 -73.72 
412500.00 7747500.00 -345.84 
417500.00 7747500.00 -1006.51 
422500.00 7747500.00 -1263.50 
427500.00 7747500.00 -1448.88 
432500.00 7747500.00 -1549.40 
437500.00 7747500.00 -1612.84 
442500.00 7747500.00 -1688.71 
447500.00 7747500.00 -1788.88 
452500.00 7747500.00 -1866.27 
457500.00 7747500.00 -1916.91 
462500.00 7747500.00 -1981.00 
467500.00 7747500.00 -2031.65 
472500.00 7747500.00 -2058.73 
477500.00 7747500.00 -2090.52 
482500.00 7747500.00 -2125.54 
487500.00 7747500.00 -2126.22 
492500.00 7747500.00 -2125.73 
497500.00 7747500.00 -2121.35 
502500.00 7747500.00 -2274.31 
507500.00 7747500.00 -2184.18 
512500.00 7747500.00 -2029.39 
517500.00 7747500.00 -2100.84 
522500.00 7747500.00 -2121.36 
527500.00 7747500.00 -2073.50 
532500.00 7747500.00 -2154.25 
537500.00 7747500.00 -2006.84 
542500.00 7747500.00 -2040.56 
547500.00 7747500.00 -2118.55 
552500.00 7747500.00 -2120.39 
557500.00 7747500.00 -2048.35 
562500.00 7747500.00 -1998.25 
567500.00 7747500.00 -2004.61 
572500.00 7747500.00 -2238.18 
577500.00 7747500.00 -2194.82 
402500.00 7752500.00 -62.99 
407500.00 7752500.00 -47.36 
412500.00 7752500.00 -175.16 
417500.00 7752500.00 -910.83 
422500.00 7752500.00 -1218.06 
427500.00 7752500.00 -1407.05 
432500.00 7752500.00 -1506.06 
437500.00 7752500.00 -1586.84 
442500.00 7752500.00 -1662.26 
447500.00 7752500.00 -1749.78 
452500.00 7752500.00 -1821.88 
457500.00 7752500.00 -1887.76 
462500.00 7752500.00 -1946.52 
467500.00 7752500.00 -1992.02 
472500.00 7752500.00 -2030.06 
477500.00 7752500.00 -2037.58 
482500.00 7752500.00 -2097.60 
487500.00 7752500.00 -2091.78 
492500.00 7752500.00 -2042.62 
497500.00 7752500.00 -2102.10 
502500.00 7752500.00 -2271.38 
507500.00 7752500.00 -2098.76 
512500.00 7752500.00 -2060.48 
517500.00 7752500.00 -2064.38 
522500.00 7752500.00 -2084.80 
527500.00 7752500.00 -2010.96 
532500.00 7752500.00 -2027.76 
537500.00 7752500.00 -1965.19 
542500.00 7752500.00 -2026.05 
547500.00 7752500.00 -2066.05 
552500.00 7752500.00 -2035.84 
557500.00 7752500.00 -2057.48 
562500.00 7752500.00 -2015.70 
567500.00 7752500.00 -1946.54 
572500.00 7752500.00 -2075.05 
577500.00 7752500.00 -2180.99 
402500.00 7757500.00 -37.53 
407500.00 7757500.00 -42.54 
412500.00 7757500.00 -110.90 
417500.00 7757500.00 -793.73 
422500.00 7757500.00 -1181.44 
427500.00 7757500.00 -1370.10 
432500.00 7757500.00 -1458.74 
437500.00 7757500.00 -1540.73 
442500.00 7757500.00 -1622.34 
447500.00 7757500.00 -1703.72 
452500.00 7757500.00 -1784.98 
457500.00 7757500.00 -1861.53 
462500.00 7757500.00 -1909.85 
467500.00 7757500.00 -1956.87 
472500.00 7757500.00 -2001.18 
477500.00 7757500.00 -2028.72 
482500.00 7757500.00 -2055.29 
487500.00 7757500.00 -2048.88 
492500.00 7757500.00 -2035.61 
497500.00 7757500.00 -2032.17 
502500.00 7757500.00 -2142.02 
507500.00 7757500.00 -2194.44 
512500.00 7757500.00 -2057.89 
517500.00 7757500.00 -2002.44 
522500.00 7757500.00 -1972.77 
527500.00 7757500.00 -1930.67 
532500.00 7757500.00 -1929.94 
537500.00 7757500.00 -1989.98 
542500.00 7757500.00 -2046.80 
547500.00 7757500.00 -2026.28 
552500.00 7757500.00 -1950.69 
557500.00 7757500.00 -1918.07 
562500.00 7757500.00 -1973.13 
567500.00 7757500.00 -2006.90 
572500.00 7757500.00 -1998.06 
577500.00 7757500.00 -2123.91 
402500.00 7762500.00 -36.98 
407500.00 7762500.00 -41.77 
412500.00 7762500.00 -72.57 
417500.00 7762500.00 -706.70 
422500.00 7762500.00 -1167.24 
427500.00 7762500.00 -1341.92 
432500.00 7762500.00 -1428.99 
437500.00 7762500.00 -1519.47 
442500.00 7762500.00 -1605.16 
447500.00 7762500.00 -1688.89 
452500.00 7762500.00 -1767.91 
457500.00 7762500.00 -1833.36 
462500.00 7762500.00 -1883.31 
467500.00 7762500.00 -1933.58 
472500.00 7762500.00 -1975.97 
477500.00 7762500.00 -1997.52 
482500.00 7762500.00 -2010.41 
487500.00 7762500.00 -2006.33 
492500.00 7762500.00 -1996.67 
497500.00 7762500.00 -2001.86 
502500.00 7762500.00 -2072.79 
507500.00 7762500.00 -2191.91 
512500.00 7762500.00 -2051.25 
517500.00 7762500.00 -1869.12 
522500.00 7762500.00 -1871.88 
527500.00 7762500.00 -1845.68 
532500.00 7762500.00 -1841.89 
537500.00 7762500.00 -1931.78 
542500.00 7762500.00 -1981.22 
547500.00 7762500.00 -1984.56 
552500.00 7762500.00 -1941.45 
557500.00 7762500.00 -1830.99 
562500.00 7762500.00 -1826.82 
567500.00 7762500.00 -1892.67 
572500.00 7762500.00 -2009.21 
577500.00 7762500.00 -2141.30 
402500.00 7767500.00 -36.56 
407500.00 7767500.00 -38.31 
412500.00 7767500.00 -61.10 
417500.00 7767500.00 -666.71 
422500.00 7767500.00 -1150.30 
427500.00 7767500.00 -1331.38 
432500.00 7767500.00 -1441.16 
437500.00 7767500.00 -1541.50 
442500.00 7767500.00 -1624.51 
447500.00 7767500.00 -1697.95 
452500.00 7767500.00 -1740.81 
457500.00 7767500.00 -1793.50 
462500.00 7767500.00 -1849.62 
467500.00 7767500.00 -1907.34 
472500.00 7767500.00 -1924.86 
477500.00 7767500.00 -1936.98 
482500.00 7767500.00 -1964.13 
487500.00 7767500.00 -1957.36 
492500.00 7767500.00 -1954.03 
497500.00 7767500.00 -1998.25 
502500.00 7767500.00 -2128.45 
507500.00 7767500.00 -2105.36 
512500.00 7767500.00 -1976.49 
517500.00 7767500.00 -1867.64 
522500.00 7767500.00 -1813.79 
527500.00 7767500.00 -1766.68 
532500.00 7767500.00 -1756.14 
537500.00 7767500.00 -1767.63 
542500.00 7767500.00 -1783.15 
547500.00 7767500.00 -1879.45 
552500.00 7767500.00 -1887.46 
557500.00 7767500.00 -1779.68 
562500.00 7767500.00 -1729.36 
567500.00 7767500.00 -1687.38 
572500.00 7767500.00 -1789.05 
577500.00 7767500.00 -1921.18 
402500.00 7772500.00 -37.34 
407500.00 7772500.00 -40.23 
412500.00 7772500.00 -58.56 
417500.00 7772500.00 -545.74 
422500.00 7772500.00 -1054.23 
427500.00 7772500.00 -1282.13 
432500.00 7772500.00 -1417.87 
437500.00 7772500.00 -1523.10 
442500.00 7772500.00 -1596.15 
447500.00 7772500.00 -1651.50 
452500.00 7772500.00 -1674.45 
457500.00 7772500.00 -1731.09 
462500.00 7772500.00 -1805.46 
467500.00 7772500.00 -1850.81 
472500.00 7772500.00 -1867.12 
477500.00 7772500.00 -1902.16 
482500.00 7772500.00 -1923.36 
487500.00 7772500.00 -1922.96 
492500.00 7772500.00 -1950.01 
497500.00 7772500.00 -2049.61 
502500.00 7772500.00 -2063.61 
507500.00 7772500.00 -1992.12 
512500.00 7772500.00 -1939.75 
517500.00 7772500.00 -1873.31 
522500.00 7772500.00 -1787.70 
527500.00 7772500.00 -1730.43 
532500.00 7772500.00 -1684.44 
537500.00 7772500.00 -1691.51 
542500.00 7772500.00 -1740.00 
547500.00 7772500.00 -1809.51 
552500.00 7772500.00 -1835.15 
557500.00 7772500.00 -1733.91 
562500.00 7772500.00 -1482.41 
567500.00 7772500.00 -1208.51 
572500.00 7772500.00 -1178.57 
577500.00 7772500.00 -1165.12 
402500.00 7777500.00 -30.55 
407500.00 7777500.00 -45.80 
412500.00 7777500.00 -58.37 
417500.00 7777500.00 -353.74 
422500.00 7777500.00 -883.28 
427500.00 7777500.00 -1150.57 
432500.00 7777500.00 -1299.94 
437500.00 7777500.00 -1420.16 
442500.00 7777500.00 -1516.58 
447500.00 7777500.00 -1559.56 
452500.00 7777500.00 -1588.78 
457500.00 7777500.00 -1668.63 
462500.00 7777500.00 -1752.65 
467500.00 7777500.00 -1776.86 
472500.00 7777500.00 -1807.75 
477500.00 7777500.00 -1853.60 
482500.00 7777500.00 -1876.26 
487500.00 7777500.00 -1894.05 
492500.00 7777500.00 -1939.60 
497500.00 7777500.00 -1993.93 
502500.00 7777500.00 -1876.46 
507500.00 7777500.00 -1901.83 
512500.00 7777500.00 -1885.26 
517500.00 7777500.00 -1863.90 
522500.00 7777500.00 -1773.15 
527500.00 7777500.00 -1679.06 
532500.00 7777500.00 -1648.13 
537500.00 7777500.00 -1687.98 
542500.00 7777500.00 -1689.58 
547500.00 7777500.00 -1550.38 
552500.00 7777500.00 -1464.14 
557500.00 7777500.00 -1297.49 
562500.00 7777500.00 -1177.68 
567500.00 7777500.00 -927.07 
572500.00 7777500.00 -603.19 
577500.00 7777500.00 -312.67 
402500.00 7782500.00 -75.75 
407500.00 7782500.00 -47.63 
412500.00 7782500.00 -53.21 
417500.00 7782500.00 -144.88 
422500.00 7782500.00 -658.03 
427500.00 7782500.00 -1027.43 
432500.00 7782500.00 -1196.92 
437500.00 7782500.00 -1330.08 
442500.00 7782500.00 -1437.37 
447500.00 7782500.00 -1458.12 
452500.00 7782500.00 -1516.19 
457500.00 7782500.00 -1623.61 
462500.00 7782500.00 -1688.77 
467500.00 7782500.00 -1697.60 
472500.00 7782500.00 -1740.24 
477500.00 7782500.00 -1786.16 
482500.00 7782500.00 -1821.99 
487500.00 7782500.00 -1857.70 
492500.00 7782500.00 -1888.49 
497500.00 7782500.00 -1898.28 
502500.00 7782500.00 -1808.11 
507500.00 7782500.00 -1806.21 
512500.00 7782500.00 -1827.26 
517500.00 7782500.00 -1818.92 
522500.00 7782500.00 -1739.75 
527500.00 7782500.00 -1676.98 
532500.00 7782500.00 -1649.65 
537500.00 7782500.00 -1596.17 
542500.00 7782500.00 -1467.23 
547500.00 7782500.00 -1293.38 
552500.00 7782500.00 -1187.74 
557500.00 7782500.00 -1095.91 
562500.00 7782500.00 -984.02 
567500.00 7782500.00 -672.22 
572500.00 7782500.00 -261.25 
577500.00 7782500.00 -48.28 
402500.00 7787500.00 -114.29 
407500.00 7787500.00 -62.22 
412500.00 7787500.00 -51.51 
417500.00 7787500.00 -62.74 
422500.00 7787500.00 -362.26 
427500.00 7787500.00 -888.14 
432500.00 7787500.00 -1085.57 
437500.00 7787500.00 -1233.22 
442500.00 7787500.00 -1343.09 
447500.00 7787500.00 -1342.07 
452500.00 7787500.00 -1429.77 
457500.00 7787500.00 -1552.90 
462500.00 7787500.00 -1588.42 
467500.00 7787500.00 -1615.91 
472500.00 7787500.00 -1662.07 
477500.00 7787500.00 -1708.56 
482500.00 7787500.00 -1766.03 
487500.00 7787500.00 -1800.00 
492500.00 7787500.00 -1822.73 
497500.00 7787500.00 -1787.81 
502500.00 7787500.00 -1723.03 
507500.00 7787500.00 -1722.11 
512500.00 7787500.00 -1733.24 
517500.00 7787500.00 -1759.10 
522500.00 7787500.00 -1689.06 
527500.00 7787500.00 -1634.72 
532500.00 7787500.00 -1622.95 
537500.00 7787500.00 -1449.75 
542500.00 7787500.00 -1273.77 
547500.00 7787500.00 -1144.76 
552500.00 7787500.00 -1063.66 
557500.00 7787500.00 -978.42 
562500.00 7787500.00 -838.07 
567500.00 7787500.00 -450.76 
572500.00 7787500.00 -86.78 
577500.00 7787500.00 -53.98 
402500.00 7792500.00 -61.74 
407500.00 7792500.00 -63.81 
412500.00 7792500.00 -54.22 
417500.00 7792500.00 -60.10 
422500.00 7792500.00 -147.21 
427500.00 7792500.00 -651.34 
432500.00 7792500.00 -935.84 
437500.00 7792500.00 -1105.11 
442500.00 7792500.00 -1205.84 
447500.00 7792500.00 -1243.67 
452500.00 7792500.00 -1353.36 
457500.00 7792500.00 -1445.04 
462500.00 7792500.00 -1478.16 
467500.00 7792500.00 -1530.42 
472500.00 7792500.00 -1583.16 
477500.00 7792500.00 -1647.01 
482500.00 7792500.00 -1710.06 
487500.00 7792500.00 -1739.64 
492500.00 7792500.00 -1733.89 
497500.00 7792500.00 -1730.38 
502500.00 7792500.00 -1662.16 
507500.00 7792500.00 -1652.32 
512500.00 7792500.00 -1648.40 
517500.00 7792500.00 -1704.83 
522500.00 7792500.00 -1628.63 
527500.00 7792500.00 -1556.33 
532500.00 7792500.00 -1503.35 
537500.00 7792500.00 -1314.37 
542500.00 7792500.00 -1172.50 
547500.00 7792500.00 -1073.99 
552500.00 7792500.00 -988.68 
557500.00 7792500.00 -874.16 
562500.00 7792500.00 -710.12 
567500.00 7792500.00 -245.30 
572500.00 7792500.00 -42.45 
577500.00 7792500.00 -66.54 
402500.00 7797500.00 -53.16 
407500.00 7797500.00 -58.90 
412500.00 7797500.00 -36.61 
417500.00 7797500.00 -52.53 
422500.00 7797500.00 -83.92 
427500.00 7797500.00 -271.29 
432500.00 7797500.00 -679.86 
437500.00 7797500.00 -925.64 
442500.00 7797500.00 -1050.63 
447500.00 7797500.00 -1138.28 
452500.00 7797500.00 -1237.91 
457500.00 7797500.00 -1327.69 
462500.00 7797500.00 -1379.15 
467500.00 7797500.00 -1422.81 
472500.00 7797500.00 -1479.95 
477500.00 7797500.00 -1552.42 
482500.00 7797500.00 -1619.93 
487500.00 7797500.00 -1643.58 
492500.00 7797500.00 -1627.57 
497500.00 7797500.00 -1670.86 
502500.00 7797500.00 -1625.04 
507500.00 7797500.00 -1580.78 
512500.00 7797500.00 -1588.65 
517500.00 7797500.00 -1576.96 
522500.00 7797500.00 -1533.05 
527500.00 7797500.00 -1452.11 
532500.00 7797500.00 -1358.56 
537500.00 7797500.00 -1208.75 
542500.00 7797500.00 -1095.90 
547500.00 7797500.00 -996.68 
552500.00 7797500.00 -902.79 
557500.00 7797500.00 -778.13 
562500.00 7797500.00 -590.12 
567500.00 7797500.00 -185.69 
572500.00 7797500.00 -56.71 
577500.00 7797500.00 -69.35 
402500.00 7802500.00 -47.43 
407500.00 7802500.00 -57.41 
412500.00 7802500.00 -29.48 
417500.00 7802500.00 -46.35 
422500.00 7802500.00 -58.92 
427500.00 7802500.00 -75.37 
432500.00 7802500.00 -301.42 
437500.00 7802500.00 -656.92 
442500.00 7802500.00 -844.62 
447500.00 7802500.00 -1002.63 
452500.00 7802500.00 -1113.34 
457500.00 7802500.00 -1217.81 
462500.00 7802500.00 -1274.77 
467500.00 7802500.00 -1326.03 
472500.00 7802500.00 -1388.20 
477500.00 7802500.00 -1447.59 
482500.00 7802500.00 -1519.50 
487500.00 7802500.00 -1547.78 
492500.00 7802500.00 -1541.90 
497500.00 7802500.00 -1569.17 
502500.00 7802500.00 -1620.88 
507500.00 7802500.00 -1493.19 
512500.00 7802500.00 -1500.70 
517500.00 7802500.00 -1474.65 
522500.00 7802500.00 -1388.13 
527500.00 7802500.00 -1375.57 
532500.00 7802500.00 -1271.52 
537500.00 7802500.00 -1122.74 
542500.00 7802500.00 -1033.54 
547500.00 7802500.00 -938.52 
552500.00 7802500.00 -835.51 
557500.00 7802500.00 -703.52 
562500.00 7802500.00 -461.89 
567500.00 7802500.00 -111.25 
572500.00 7802500.00 -72.77 
577500.00 7802500.00 -54.96 
