# Petrel Points with attributes
# Unit in X and Y direction: m
# Unit in depth: m
VERSION 1
BEGIN HEADER
X
Y
Z
END HEADER
402500.00 7652500.00 -3964.92 
407500.00 7652500.00 -4506.85 
412500.00 7652500.00 -4631.93 
417500.00 7652500.00 -4394.36 
422500.00 7652500.00 -4369.58 
427500.00 7652500.00 -4354.81 
432500.00 7652500.00 -4478.85 
437500.00 7652500.00 -5064.28 
442500.00 7652500.00 -4728.57 
447500.00 7652500.00 -5112.33 
452500.00 7652500.00 -5194.14 
457500.00 7652500.00 -5150.84 
462500.00 7652500.00 -5420.06 
467500.00 7652500.00 -4085.04 
472500.00 7652500.00 -2977.78 
477500.00 7652500.00 -3953.85 
482500.00 7652500.00 -4832.09 
487500.00 7652500.00 -5821.54 
492500.00 7652500.00 -5810.35 
497500.00 7652500.00 -4330.90 
502500.00 7652500.00 -5183.18 
507500.00 7652500.00 -3917.46 
512500.00 7652500.00 -4016.71 
517500.00 7652500.00 -5549.45 
522500.00 7652500.00 -6541.31 
527500.00 7652500.00 -6515.86 
532500.00 7652500.00 -6725.88 
537500.00 7652500.00 -5320.62 
542500.00 7652500.00 -4073.71 
547500.00 7652500.00 -3568.31 
552500.00 7652500.00 -5341.26 
557500.00 7652500.00 -6725.69 
562500.00 7652500.00 -6684.08 
567500.00 7652500.00 -6454.21 
572500.00 7652500.00 -6314.79 
577500.00 7652500.00 -6154.26 
402500.00 7657500.00 -3929.66 
407500.00 7657500.00 -4293.82 
412500.00 7657500.00 -4897.30 
417500.00 7657500.00 -4601.32 
422500.00 7657500.00 -4291.47 
427500.00 7657500.00 -4232.82 
432500.00 7657500.00 -4426.93 
437500.00 7657500.00 -4608.97 
442500.00 7657500.00 -4656.88 
447500.00 7657500.00 -5068.88 
452500.00 7657500.00 -4664.08 
457500.00 7657500.00 -4483.23 
462500.00 7657500.00 -4514.88 
467500.00 7657500.00 -4456.53 
472500.00 7657500.00 -2998.90 
477500.00 7657500.00 -3849.83 
482500.00 7657500.00 -6016.44 
487500.00 7657500.00 -4984.86 
492500.00 7657500.00 -4036.20 
497500.00 7657500.00 -3799.78 
502500.00 7657500.00 -4791.35 
507500.00 7657500.00 -3564.11 
512500.00 7657500.00 -3270.17 
517500.00 7657500.00 -5065.04 
522500.00 7657500.00 -6592.62 
527500.00 7657500.00 -6470.54 
532500.00 7657500.00 -5842.13 
537500.00 7657500.00 -5565.49 
542500.00 7657500.00 -4378.56 
547500.00 7657500.00 -4215.16 
552500.00 7657500.00 -5588.08 
557500.00 7657500.00 -7041.10 
562500.00 7657500.00 -7093.98 
567500.00 7657500.00 -6906.38 
572500.00 7657500.00 -6706.48 
577500.00 7657500.00 -6682.02 
402500.00 7662500.00 -4071.02 
407500.00 7662500.00 -4126.19 
412500.00 7662500.00 -4680.46 
417500.00 7662500.00 -4592.77 
422500.00 7662500.00 -4287.06 
427500.00 7662500.00 -4297.38 
432500.00 7662500.00 -4442.68 
437500.00 7662500.00 -4473.62 
442500.00 7662500.00 -4586.49 
447500.00 7662500.00 -4112.32 
452500.00 7662500.00 -4197.50 
457500.00 7662500.00 -5281.91 
462500.00 7662500.00 -4800.13 
467500.00 7662500.00 -4539.83 
472500.00 7662500.00 -3811.33 
477500.00 7662500.00 -4122.88 
482500.00 7662500.00 -5414.34 
487500.00 7662500.00 -3837.62 
492500.00 7662500.00 -4825.09 
497500.00 7662500.00 -4661.83 
502500.00 7662500.00 -6696.06 
507500.00 7662500.00 -4692.15 
512500.00 7662500.00 -3299.92 
517500.00 7662500.00 -4332.34 
522500.00 7662500.00 -7014.48 
527500.00 7662500.00 -5545.58 
532500.00 7662500.00 -6642.38 
537500.00 7662500.00 -5072.58 
542500.00 7662500.00 -4120.31 
547500.00 7662500.00 -4578.98 
552500.00 7662500.00 -4676.71 
557500.00 7662500.00 -6787.46 
562500.00 7662500.00 -7553.76 
567500.00 7662500.00 -7264.42 
572500.00 7662500.00 -7034.37 
577500.00 7662500.00 -7197.48 
402500.00 7667500.00 -3871.96 
407500.00 7667500.00 -4116.03 
412500.00 7667500.00 -4416.06 
417500.00 7667500.00 -4480.65 
422500.00 7667500.00 -4456.98 
427500.00 7667500.00 -4354.24 
432500.00 7667500.00 -4008.22 
437500.00 7667500.00 -4424.87 
442500.00 7667500.00 -4666.34 
447500.00 7667500.00 -4226.33 
452500.00 7667500.00 -4635.10 
457500.00 7667500.00 -5694.36 
462500.00 7667500.00 -5146.90 
467500.00 7667500.00 -5072.78 
472500.00 7667500.00 -5865.36 
477500.00 7667500.00 -4323.98 
482500.00 7667500.00 -5532.40 
487500.00 7667500.00 -4928.51 
492500.00 7667500.00 -5022.08 
497500.00 7667500.00 -5142.36 
502500.00 7667500.00 -7769.82 
507500.00 7667500.00 -5693.02 
512500.00 7667500.00 -3654.03 
517500.00 7667500.00 -4300.90 
522500.00 7667500.00 -6104.04 
527500.00 7667500.00 -5179.70 
532500.00 7667500.00 -7416.60 
537500.00 7667500.00 -7129.93 
542500.00 7667500.00 -5020.92 
547500.00 7667500.00 -5035.18 
552500.00 7667500.00 -5138.83 
557500.00 7667500.00 -6358.19 
562500.00 7667500.00 -7258.17 
567500.00 7667500.00 -7109.82 
572500.00 7667500.00 -6795.66 
577500.00 7667500.00 -6823.82 
402500.00 7672500.00 -3377.12 
407500.00 7672500.00 -3533.58 
412500.00 7672500.00 -4095.33 
417500.00 7672500.00 -4542.77 
422500.00 7672500.00 -4440.86 
427500.00 7672500.00 -4338.61 
432500.00 7672500.00 -4418.10 
437500.00 7672500.00 -4590.22 
442500.00 7672500.00 -4568.89 
447500.00 7672500.00 -4100.83 
452500.00 7672500.00 -4849.32 
457500.00 7672500.00 -5473.15 
462500.00 7672500.00 -5506.20 
467500.00 7672500.00 -4638.26 
472500.00 7672500.00 -5820.99 
477500.00 7672500.00 -5196.24 
482500.00 7672500.00 -5472.68 
487500.00 7672500.00 -6363.75 
492500.00 7672500.00 -4948.76 
497500.00 7672500.00 -6107.84 
502500.00 7672500.00 -6980.70 
507500.00 7672500.00 -4947.18 
512500.00 7672500.00 -3959.01 
517500.00 7672500.00 -4877.02 
522500.00 7672500.00 -5399.69 
527500.00 7672500.00 -5225.12 
532500.00 7672500.00 -7354.68 
537500.00 7672500.00 -7430.97 
542500.00 7672500.00 -5123.45 
547500.00 7672500.00 -4685.88 
552500.00 7672500.00 -5565.00 
557500.00 7672500.00 -6031.58 
562500.00 7672500.00 -6504.25 
567500.00 7672500.00 -6430.38 
572500.00 7672500.00 -6492.79 
577500.00 7672500.00 -6635.59 
402500.00 7677500.00 -3237.15 
407500.00 7677500.00 -3379.45 
412500.00 7677500.00 -3833.62 
417500.00 7677500.00 -4434.36 
422500.00 7677500.00 -4534.17 
427500.00 7677500.00 -4399.46 
432500.00 7677500.00 -4301.91 
437500.00 7677500.00 -4402.94 
442500.00 7677500.00 -4614.25 
447500.00 7677500.00 -4584.84 
452500.00 7677500.00 -5134.63 
457500.00 7677500.00 -5470.84 
462500.00 7677500.00 -5526.65 
467500.00 7677500.00 -4459.22 
472500.00 7677500.00 -5735.68 
477500.00 7677500.00 -5341.88 
482500.00 7677500.00 -4715.30 
487500.00 7677500.00 -6393.14 
492500.00 7677500.00 -4846.24 
497500.00 7677500.00 -7044.84 
502500.00 7677500.00 -5394.36 
507500.00 7677500.00 -4085.49 
512500.00 7677500.00 -3801.94 
517500.00 7677500.00 -4252.02 
522500.00 7677500.00 -6242.64 
527500.00 7677500.00 -6359.11 
532500.00 7677500.00 -7668.42 
537500.00 7677500.00 -7601.10 
542500.00 7677500.00 -5892.20 
547500.00 7677500.00 -4971.77 
552500.00 7677500.00 -5310.36 
557500.00 7677500.00 -6255.52 
562500.00 7677500.00 -6882.64 
567500.00 7677500.00 -6699.85 
572500.00 7677500.00 -6505.29 
577500.00 7677500.00 -7082.70 
402500.00 7682500.00 -3046.86 
407500.00 7682500.00 -3244.72 
412500.00 7682500.00 -3583.23 
417500.00 7682500.00 -4086.07 
422500.00 7682500.00 -4395.92 
427500.00 7682500.00 -4327.07 
432500.00 7682500.00 -4246.95 
437500.00 7682500.00 -4322.11 
442500.00 7682500.00 -4765.81 
447500.00 7682500.00 -5076.40 
452500.00 7682500.00 -4704.03 
457500.00 7682500.00 -4688.47 
462500.00 7682500.00 -5348.49 
467500.00 7682500.00 -4482.85 
472500.00 7682500.00 -5204.69 
477500.00 7682500.00 -5425.69 
482500.00 7682500.00 -4541.51 
487500.00 7682500.00 -6178.78 
492500.00 7682500.00 -5032.77 
497500.00 7682500.00 -6904.33 
502500.00 7682500.00 -6233.59 
507500.00 7682500.00 -7060.44 
512500.00 7682500.00 -5205.31 
517500.00 7682500.00 -5424.81 
522500.00 7682500.00 -6240.03 
527500.00 7682500.00 -5404.47 
532500.00 7682500.00 -7359.83 
537500.00 7682500.00 -7799.48 
542500.00 7682500.00 -6791.69 
547500.00 7682500.00 -5919.36 
552500.00 7682500.00 -7054.59 
557500.00 7682500.00 -6843.78 
562500.00 7682500.00 -6796.77 
567500.00 7682500.00 -6742.45 
572500.00 7682500.00 -6927.53 
577500.00 7682500.00 -7338.45 
402500.00 7687500.00 -2883.83 
407500.00 7687500.00 -3093.02 
412500.00 7687500.00 -3468.28 
417500.00 7687500.00 -3847.47 
422500.00 7687500.00 -4295.90 
427500.00 7687500.00 -4292.84 
432500.00 7687500.00 -4286.31 
437500.00 7687500.00 -4384.72 
442500.00 7687500.00 -4672.06 
447500.00 7687500.00 -4784.84 
452500.00 7687500.00 -4719.57 
457500.00 7687500.00 -4674.93 
462500.00 7687500.00 -4950.09 
467500.00 7687500.00 -4382.38 
472500.00 7687500.00 -5324.75 
477500.00 7687500.00 -5486.90 
482500.00 7687500.00 -5663.81 
487500.00 7687500.00 -6032.74 
492500.00 7687500.00 -6113.77 
497500.00 7687500.00 -5840.58 
502500.00 7687500.00 -7372.64 
507500.00 7687500.00 -7032.18 
512500.00 7687500.00 -5915.28 
517500.00 7687500.00 -4994.42 
522500.00 7687500.00 -6333.23 
527500.00 7687500.00 -5602.30 
532500.00 7687500.00 -6512.33 
537500.00 7687500.00 -7687.91 
542500.00 7687500.00 -7235.30 
547500.00 7687500.00 -5404.14 
552500.00 7687500.00 -4717.88 
557500.00 7687500.00 -4842.20 
562500.00 7687500.00 -6313.31 
567500.00 7687500.00 -6702.31 
572500.00 7687500.00 -7331.29 
577500.00 7687500.00 -7400.86 
402500.00 7692500.00 -2603.94 
407500.00 7692500.00 -2874.59 
412500.00 7692500.00 -3181.97 
417500.00 7692500.00 -3426.07 
422500.00 7692500.00 -4211.27 
427500.00 7692500.00 -4316.18 
432500.00 7692500.00 -4120.24 
437500.00 7692500.00 -4196.75 
442500.00 7692500.00 -4599.71 
447500.00 7692500.00 -4637.18 
452500.00 7692500.00 -4449.75 
457500.00 7692500.00 -4571.26 
462500.00 7692500.00 -4420.98 
467500.00 7692500.00 -4364.21 
472500.00 7692500.00 -4699.32 
477500.00 7692500.00 -4958.18 
482500.00 7692500.00 -6054.98 
487500.00 7692500.00 -5155.15 
492500.00 7692500.00 -5940.88 
497500.00 7692500.00 -5900.81 
502500.00 7692500.00 -7200.49 
507500.00 7692500.00 -5656.45 
512500.00 7692500.00 -4460.67 
517500.00 7692500.00 -3580.59 
522500.00 7692500.00 -4781.37 
527500.00 7692500.00 -5169.93 
532500.00 7692500.00 -5150.95 
537500.00 7692500.00 -7112.54 
542500.00 7692500.00 -7396.26 
547500.00 7692500.00 -5948.77 
552500.00 7692500.00 -5485.11 
557500.00 7692500.00 -5881.71 
562500.00 7692500.00 -6311.92 
567500.00 7692500.00 -6603.88 
572500.00 7692500.00 -7194.49 
577500.00 7692500.00 -7638.22 
402500.00 7697500.00 -2263.67 
407500.00 7697500.00 -2674.66 
412500.00 7697500.00 -3012.54 
417500.00 7697500.00 -3276.49 
422500.00 7697500.00 -3846.26 
427500.00 7697500.00 -4253.36 
432500.00 7697500.00 -4128.20 
437500.00 7697500.00 -4120.97 
442500.00 7697500.00 -4366.94 
447500.00 7697500.00 -4730.74 
452500.00 7697500.00 -4640.81 
457500.00 7697500.00 -4610.48 
462500.00 7697500.00 -5034.23 
467500.00 7697500.00 -4958.85 
472500.00 7697500.00 -5099.15 
477500.00 7697500.00 -4794.23 
482500.00 7697500.00 -5807.54 
487500.00 7697500.00 -4897.74 
492500.00 7697500.00 -5713.95 
497500.00 7697500.00 -6157.84 
502500.00 7697500.00 -6673.73 
507500.00 7697500.00 -7106.50 
512500.00 7697500.00 -6244.09 
517500.00 7697500.00 -4474.10 
522500.00 7697500.00 -3887.04 
527500.00 7697500.00 -4418.69 
532500.00 7697500.00 -4976.74 
537500.00 7697500.00 -6622.60 
542500.00 7697500.00 -7299.56 
547500.00 7697500.00 -6079.76 
552500.00 7697500.00 -5141.71 
557500.00 7697500.00 -6182.15 
562500.00 7697500.00 -6241.40 
567500.00 7697500.00 -6515.91 
572500.00 7697500.00 -7312.41 
577500.00 7697500.00 -7742.16 
402500.00 7702500.00 -1993.63 
407500.00 7702500.00 -2511.20 
412500.00 7702500.00 -2918.99 
417500.00 7702500.00 -3146.40 
422500.00 7702500.00 -3642.02 
427500.00 7702500.00 -4311.06 
432500.00 7702500.00 -4448.89 
437500.00 7702500.00 -4318.75 
442500.00 7702500.00 -4422.42 
447500.00 7702500.00 -4669.25 
452500.00 7702500.00 -4825.14 
457500.00 7702500.00 -4907.08 
462500.00 7702500.00 -5092.88 
467500.00 7702500.00 -5189.36 
472500.00 7702500.00 -5199.09 
477500.00 7702500.00 -5515.96 
482500.00 7702500.00 -6137.27 
487500.00 7702500.00 -5482.55 
492500.00 7702500.00 -5682.21 
497500.00 7702500.00 -6611.11 
502500.00 7702500.00 -6325.71 
507500.00 7702500.00 -6895.28 
512500.00 7702500.00 -5591.76 
517500.00 7702500.00 -4292.35 
522500.00 7702500.00 -3819.48 
527500.00 7702500.00 -4915.12 
532500.00 7702500.00 -6875.39 
537500.00 7702500.00 -6886.43 
542500.00 7702500.00 -7520.35 
547500.00 7702500.00 -6887.89 
552500.00 7702500.00 -4010.94 
557500.00 7702500.00 -4675.33 
562500.00 7702500.00 -6108.23 
567500.00 7702500.00 -6571.96 
572500.00 7702500.00 -7243.13 
577500.00 7702500.00 -7567.40 
402500.00 7707500.00 -1574.26 
407500.00 7707500.00 -2476.02 
412500.00 7707500.00 -2853.66 
417500.00 7707500.00 -3078.86 
422500.00 7707500.00 -3533.67 
427500.00 7707500.00 -4110.00 
432500.00 7707500.00 -4522.06 
437500.00 7707500.00 -4520.82 
442500.00 7707500.00 -4591.72 
447500.00 7707500.00 -4675.36 
452500.00 7707500.00 -4720.68 
457500.00 7707500.00 -4862.43 
462500.00 7707500.00 -4261.07 
467500.00 7707500.00 -4995.54 
472500.00 7707500.00 -5247.48 
477500.00 7707500.00 -5869.02 
482500.00 7707500.00 -6283.83 
487500.00 7707500.00 -5518.32 
492500.00 7707500.00 -6096.54 
497500.00 7707500.00 -6596.37 
502500.00 7707500.00 -6228.61 
507500.00 7707500.00 -4910.96 
512500.00 7707500.00 -5175.86 
517500.00 7707500.00 -5308.33 
522500.00 7707500.00 -4627.39 
527500.00 7707500.00 -5709.89 
532500.00 7707500.00 -6151.12 
537500.00 7707500.00 -6420.12 
542500.00 7707500.00 -7513.16 
547500.00 7707500.00 -6882.33 
552500.00 7707500.00 -4251.99 
557500.00 7707500.00 -4275.19 
562500.00 7707500.00 -5978.39 
567500.00 7707500.00 -6592.05 
572500.00 7707500.00 -6896.00 
577500.00 7707500.00 -7103.18 
402500.00 7712500.00 -1473.09 
407500.00 7712500.00 -2277.93 
412500.00 7712500.00 -2668.56 
417500.00 7712500.00 -2850.33 
422500.00 7712500.00 -3194.64 
427500.00 7712500.00 -3684.92 
432500.00 7712500.00 -4574.23 
437500.00 7712500.00 -4769.20 
442500.00 7712500.00 -4841.26 
447500.00 7712500.00 -4732.09 
452500.00 7712500.00 -4665.50 
457500.00 7712500.00 -4957.89 
462500.00 7712500.00 -4647.31 
467500.00 7712500.00 -5219.14 
472500.00 7712500.00 -5467.96 
477500.00 7712500.00 -4791.77 
482500.00 7712500.00 -6010.70 
487500.00 7712500.00 -5745.87 
492500.00 7712500.00 -6162.80 
497500.00 7712500.00 -5823.30 
502500.00 7712500.00 -6890.68 
507500.00 7712500.00 -6579.51 
512500.00 7712500.00 -5904.02 
517500.00 7712500.00 -6680.62 
522500.00 7712500.00 -6146.80 
527500.00 7712500.00 -6880.01 
532500.00 7712500.00 -7040.50 
537500.00 7712500.00 -5930.52 
542500.00 7712500.00 -7501.40 
547500.00 7712500.00 -7040.41 
552500.00 7712500.00 -4317.02 
557500.00 7712500.00 -3698.15 
562500.00 7712500.00 -6550.99 
567500.00 7712500.00 -6803.76 
572500.00 7712500.00 -6749.67 
577500.00 7712500.00 -6928.41 
402500.00 7717500.00 -1383.75 
407500.00 7717500.00 -1979.58 
412500.00 7717500.00 -2410.59 
417500.00 7717500.00 -2503.86 
422500.00 7717500.00 -2922.84 
427500.00 7717500.00 -3493.73 
432500.00 7717500.00 -4471.79 
437500.00 7717500.00 -4710.56 
442500.00 7717500.00 -4760.74 
447500.00 7717500.00 -4741.46 
452500.00 7717500.00 -4737.81 
457500.00 7717500.00 -4820.44 
462500.00 7717500.00 -4959.02 
467500.00 7717500.00 -4892.84 
472500.00 7717500.00 -5606.59 
477500.00 7717500.00 -4870.22 
482500.00 7717500.00 -5790.47 
487500.00 7717500.00 -6219.79 
492500.00 7717500.00 -5478.34 
497500.00 7717500.00 -6421.03 
502500.00 7717500.00 -6753.22 
507500.00 7717500.00 -7255.25 
512500.00 7717500.00 -5591.40 
517500.00 7717500.00 -6638.30 
522500.00 7717500.00 -5534.08 
527500.00 7717500.00 -6565.55 
532500.00 7717500.00 -8048.72 
537500.00 7717500.00 -6661.20 
542500.00 7717500.00 -6111.68 
547500.00 7717500.00 -6894.23 
552500.00 7717500.00 -4588.68 
557500.00 7717500.00 -3711.83 
562500.00 7717500.00 -6821.15 
567500.00 7717500.00 -6979.07 
572500.00 7717500.00 -6838.81 
577500.00 7717500.00 -6965.98 
402500.00 7722500.00 -1196.27 
407500.00 7722500.00 -1741.96 
412500.00 7722500.00 -2125.06 
417500.00 7722500.00 -2571.73 
422500.00 7722500.00 -3040.19 
427500.00 7722500.00 -3413.35 
432500.00 7722500.00 -4294.26 
437500.00 7722500.00 -4331.64 
442500.00 7722500.00 -4722.16 
447500.00 7722500.00 -4654.42 
452500.00 7722500.00 -4762.85 
457500.00 7722500.00 -4556.94 
462500.00 7722500.00 -5157.44 
467500.00 7722500.00 -5124.15 
472500.00 7722500.00 -5936.98 
477500.00 7722500.00 -4537.68 
482500.00 7722500.00 -6271.60 
487500.00 7722500.00 -6817.03 
492500.00 7722500.00 -5892.99 
497500.00 7722500.00 -7104.57 
502500.00 7722500.00 -7455.56 
507500.00 7722500.00 -7835.37 
512500.00 7722500.00 -6948.90 
517500.00 7722500.00 -8016.76 
522500.00 7722500.00 -7544.34 
527500.00 7722500.00 -6045.38 
532500.00 7722500.00 -7842.79 
537500.00 7722500.00 -7843.15 
542500.00 7722500.00 -5391.44 
547500.00 7722500.00 -4433.20 
552500.00 7722500.00 -5441.16 
557500.00 7722500.00 -5748.43 
562500.00 7722500.00 -6988.14 
567500.00 7722500.00 -6816.36 
572500.00 7722500.00 -6769.54 
577500.00 7722500.00 -7131.52 
402500.00 7727500.00 -1117.40 
407500.00 7727500.00 -1564.37 
412500.00 7727500.00 -2078.43 
417500.00 7727500.00 -2526.32 
422500.00 7727500.00 -2889.72 
427500.00 7727500.00 -3366.96 
432500.00 7727500.00 -4322.81 
437500.00 7727500.00 -4361.97 
442500.00 7727500.00 -4783.75 
447500.00 7727500.00 -4953.80 
452500.00 7727500.00 -4756.14 
457500.00 7727500.00 -4674.87 
462500.00 7727500.00 -5159.78 
467500.00 7727500.00 -5410.23 
472500.00 7727500.00 -6064.79 
477500.00 7727500.00 -4965.97 
482500.00 7727500.00 -6423.14 
487500.00 7727500.00 -6983.96 
492500.00 7727500.00 -6341.14 
497500.00 7727500.00 -6869.04 
502500.00 7727500.00 -7895.65 
507500.00 7727500.00 -7279.88 
512500.00 7727500.00 -7299.06 
517500.00 7727500.00 -8171.96 
522500.00 7727500.00 -6370.91 
527500.00 7727500.00 -5894.25 
532500.00 7727500.00 -7602.48 
537500.00 7727500.00 -7873.71 
542500.00 7727500.00 -5416.47 
547500.00 7727500.00 -4347.30 
552500.00 7727500.00 -6933.54 
557500.00 7727500.00 -7169.35 
562500.00 7727500.00 -6932.09 
567500.00 7727500.00 -6647.66 
572500.00 7727500.00 -6697.02 
577500.00 7727500.00 -7262.04 
402500.00 7732500.00 -1026.76 
407500.00 7732500.00 -1331.06 
412500.00 7732500.00 -1876.39 
417500.00 7732500.00 -2307.00 
422500.00 7732500.00 -2729.62 
427500.00 7732500.00 -3206.91 
432500.00 7732500.00 -4228.77 
437500.00 7732500.00 -4924.53 
442500.00 7732500.00 -5072.45 
447500.00 7732500.00 -5151.57 
452500.00 7732500.00 -5008.33 
457500.00 7732500.00 -4883.62 
462500.00 7732500.00 -4950.00 
467500.00 7732500.00 -5517.25 
472500.00 7732500.00 -5538.32 
477500.00 7732500.00 -5278.46 
482500.00 7732500.00 -6419.98 
487500.00 7732500.00 -5859.16 
492500.00 7732500.00 -6546.34 
497500.00 7732500.00 -6756.07 
502500.00 7732500.00 -6182.88 
507500.00 7732500.00 -6247.51 
512500.00 7732500.00 -7828.79 
517500.00 7732500.00 -4895.82 
522500.00 7732500.00 -6715.74 
527500.00 7732500.00 -6119.07 
532500.00 7732500.00 -7141.59 
537500.00 7732500.00 -7955.31 
542500.00 7732500.00 -8219.25 
547500.00 7732500.00 -7613.71 
552500.00 7732500.00 -7384.32 
557500.00 7732500.00 -7265.68 
562500.00 7732500.00 -7186.27 
567500.00 7732500.00 -6722.96 
572500.00 7732500.00 -7040.90 
577500.00 7732500.00 -7430.65 
402500.00 7737500.00 -999.69 
407500.00 7737500.00 -1182.20 
412500.00 7737500.00 -1797.68 
417500.00 7737500.00 -2316.90 
422500.00 7737500.00 -2720.44 
427500.00 7737500.00 -3008.74 
432500.00 7737500.00 -4144.99 
437500.00 7737500.00 -5183.14 
442500.00 7737500.00 -5138.34 
447500.00 7737500.00 -5271.11 
452500.00 7737500.00 -5107.73 
457500.00 7737500.00 -4940.98 
462500.00 7737500.00 -4979.93 
467500.00 7737500.00 -5536.77 
472500.00 7737500.00 -5616.22 
477500.00 7737500.00 -5615.37 
482500.00 7737500.00 -6473.97 
487500.00 7737500.00 -5578.07 
492500.00 7737500.00 -6342.84 
497500.00 7737500.00 -6532.69 
502500.00 7737500.00 -5764.20 
507500.00 7737500.00 -7188.39 
512500.00 7737500.00 -7214.75 
517500.00 7737500.00 -4768.48 
522500.00 7737500.00 -6593.63 
527500.00 7737500.00 -6559.98 
532500.00 7737500.00 -7101.85 
537500.00 7737500.00 -7677.73 
542500.00 7737500.00 -7620.28 
547500.00 7737500.00 -7585.60 
552500.00 7737500.00 -7111.23 
557500.00 7737500.00 -7197.04 
562500.00 7737500.00 -7557.37 
567500.00 7737500.00 -7454.52 
572500.00 7737500.00 -7869.65 
577500.00 7737500.00 -7886.81 
402500.00 7742500.00 -1067.79 
407500.00 7742500.00 -1164.38 
412500.00 7742500.00 -1684.07 
417500.00 7742500.00 -2274.37 
422500.00 7742500.00 -2768.06 
427500.00 7742500.00 -3077.33 
432500.00 7742500.00 -3710.65 
437500.00 7742500.00 -4674.36 
442500.00 7742500.00 -5307.16 
447500.00 7742500.00 -5554.24 
452500.00 7742500.00 -5096.38 
457500.00 7742500.00 -5076.63 
462500.00 7742500.00 -5359.43 
467500.00 7742500.00 -5621.37 
472500.00 7742500.00 -5957.04 
477500.00 7742500.00 -6167.04 
482500.00 7742500.00 -6551.42 
487500.00 7742500.00 -5897.32 
492500.00 7742500.00 -6056.23 
497500.00 7742500.00 -6314.08 
502500.00 7742500.00 -6394.83 
507500.00 7742500.00 -7039.21 
512500.00 7742500.00 -7112.80 
517500.00 7742500.00 -6537.62 
522500.00 7742500.00 -6177.51 
527500.00 7742500.00 -6275.00 
532500.00 7742500.00 -7347.83 
537500.00 7742500.00 -7913.73 
542500.00 7742500.00 -8023.50 
547500.00 7742500.00 -7684.31 
552500.00 7742500.00 -7169.78 
557500.00 7742500.00 -6982.87 
562500.00 7742500.00 -7685.59 
567500.00 7742500.00 -8236.76 
572500.00 7742500.00 -8978.42 
577500.00 7742500.00 -9073.20 
402500.00 7747500.00 -1133.19 
407500.00 7747500.00 -1221.27 
412500.00 7747500.00 -1489.93 
417500.00 7747500.00 -2117.50 
422500.00 7747500.00 -2737.21 
427500.00 7747500.00 -3156.94 
432500.00 7747500.00 -3911.91 
437500.00 7747500.00 -4702.79 
442500.00 7747500.00 -5439.03 
447500.00 7747500.00 -5529.14 
452500.00 7747500.00 -5247.11 
457500.00 7747500.00 -5269.31 
462500.00 7747500.00 -5524.27 
467500.00 7747500.00 -5640.11 
472500.00 7747500.00 -6226.20 
477500.00 7747500.00 -6101.24 
482500.00 7747500.00 -6510.84 
487500.00 7747500.00 -6128.66 
492500.00 7747500.00 -5695.68 
497500.00 7747500.00 -6004.75 
502500.00 7747500.00 -6717.00 
507500.00 7747500.00 -7146.13 
512500.00 7747500.00 -7484.15 
517500.00 7747500.00 -6949.47 
522500.00 7747500.00 -7552.71 
527500.00 7747500.00 -6788.79 
532500.00 7747500.00 -6180.34 
537500.00 7747500.00 -5733.14 
542500.00 7747500.00 -8149.33 
547500.00 7747500.00 -7045.45 
552500.00 7747500.00 -7166.95 
557500.00 7747500.00 -6911.34 
562500.00 7747500.00 -7521.58 
567500.00 7747500.00 -7994.35 
572500.00 7747500.00 -9203.50 
577500.00 7747500.00 -9310.70 
402500.00 7752500.00 -1078.75 
407500.00 7752500.00 -1157.45 
412500.00 7752500.00 -1339.37 
417500.00 7752500.00 -2074.60 
422500.00 7752500.00 -2557.90 
427500.00 7752500.00 -3102.58 
432500.00 7752500.00 -4062.25 
437500.00 7752500.00 -4843.04 
442500.00 7752500.00 -5528.66 
447500.00 7752500.00 -5636.48 
452500.00 7752500.00 -5494.93 
457500.00 7752500.00 -5366.99 
462500.00 7752500.00 -5421.12 
467500.00 7752500.00 -5608.04 
472500.00 7752500.00 -6313.89 
477500.00 7752500.00 -5255.72 
482500.00 7752500.00 -6585.25 
487500.00 7752500.00 -6786.93 
492500.00 7752500.00 -5205.35 
497500.00 7752500.00 -5766.43 
502500.00 7752500.00 -6309.34 
507500.00 7752500.00 -7169.07 
512500.00 7752500.00 -7728.69 
517500.00 7752500.00 -7635.04 
522500.00 7752500.00 -7473.44 
527500.00 7752500.00 -7950.64 
532500.00 7752500.00 -7883.75 
537500.00 7752500.00 -6795.83 
542500.00 7752500.00 -7854.60 
547500.00 7752500.00 -7455.65 
552500.00 7752500.00 -8180.64 
557500.00 7752500.00 -7713.97 
562500.00 7752500.00 -7927.18 
567500.00 7752500.00 -8409.91 
572500.00 7752500.00 -9161.40 
577500.00 7752500.00 -7497.77 
402500.00 7757500.00 -966.85 
407500.00 7757500.00 -1156.32 
412500.00 7757500.00 -1252.61 
417500.00 7757500.00 -1812.39 
422500.00 7757500.00 -2434.19 
427500.00 7757500.00 -3038.03 
432500.00 7757500.00 -3984.16 
437500.00 7757500.00 -4683.49 
442500.00 7757500.00 -5245.66 
447500.00 7757500.00 -5800.79 
452500.00 7757500.00 -5575.93 
457500.00 7757500.00 -5513.06 
462500.00 7757500.00 -5643.51 
467500.00 7757500.00 -5800.80 
472500.00 7757500.00 -6239.64 
477500.00 7757500.00 -5748.18 
482500.00 7757500.00 -6678.86 
487500.00 7757500.00 -6722.76 
492500.00 7757500.00 -6154.33 
497500.00 7757500.00 -6412.88 
502500.00 7757500.00 -5877.70 
507500.00 7757500.00 -6882.65 
512500.00 7757500.00 -6737.74 
517500.00 7757500.00 -7032.11 
522500.00 7757500.00 -7710.24 
527500.00 7757500.00 -8220.04 
532500.00 7757500.00 -7995.74 
537500.00 7757500.00 -7431.05 
542500.00 7757500.00 -4713.46 
547500.00 7757500.00 -5235.55 
552500.00 7757500.00 -8372.25 
557500.00 7757500.00 -7695.09 
562500.00 7757500.00 -8265.51 
567500.00 7757500.00 -8911.14 
572500.00 7757500.00 -8905.61 
577500.00 7757500.00 -8953.67 
402500.00 7762500.00 -832.03 
407500.00 7762500.00 -995.39 
412500.00 7762500.00 -1250.94 
417500.00 7762500.00 -2046.38 
422500.00 7762500.00 -2544.78 
427500.00 7762500.00 -3084.34 
432500.00 7762500.00 -3963.49 
437500.00 7762500.00 -4516.77 
442500.00 7762500.00 -4986.01 
447500.00 7762500.00 -5448.32 
452500.00 7762500.00 -5527.83 
457500.00 7762500.00 -5780.00 
462500.00 7762500.00 -5923.29 
467500.00 7762500.00 -5848.04 
472500.00 7762500.00 -6325.37 
477500.00 7762500.00 -5624.04 
482500.00 7762500.00 -6511.09 
487500.00 7762500.00 -6671.82 
492500.00 7762500.00 -6666.75 
497500.00 7762500.00 -6659.35 
502500.00 7762500.00 -5635.09 
507500.00 7762500.00 -6207.35 
512500.00 7762500.00 -6952.76 
517500.00 7762500.00 -7321.23 
522500.00 7762500.00 -7590.29 
527500.00 7762500.00 -7702.39 
532500.00 7762500.00 -7274.73 
537500.00 7762500.00 -7155.18 
542500.00 7762500.00 -7548.85 
547500.00 7762500.00 -7784.39 
552500.00 7762500.00 -8388.87 
557500.00 7762500.00 -7768.91 
562500.00 7762500.00 -7768.33 
567500.00 7762500.00 -8380.00 
572500.00 7762500.00 -8769.86 
577500.00 7762500.00 -8895.97 
402500.00 7767500.00 -834.97 
407500.00 7767500.00 -1041.35 
412500.00 7767500.00 -1238.11 
417500.00 7767500.00 -2071.00 
422500.00 7767500.00 -2591.09 
427500.00 7767500.00 -3037.27 
432500.00 7767500.00 -3968.22 
437500.00 7767500.00 -4504.45 
442500.00 7767500.00 -4998.19 
447500.00 7767500.00 -5339.98 
452500.00 7767500.00 -5573.27 
457500.00 7767500.00 -5959.48 
462500.00 7767500.00 -5871.36 
467500.00 7767500.00 -5911.10 
472500.00 7767500.00 -6146.24 
477500.00 7767500.00 -5809.18 
482500.00 7767500.00 -6357.53 
487500.00 7767500.00 -6390.13 
492500.00 7767500.00 -6318.06 
497500.00 7767500.00 -6305.72 
502500.00 7767500.00 -7206.09 
507500.00 7767500.00 -7088.71 
512500.00 7767500.00 -6976.14 
517500.00 7767500.00 -7038.51 
522500.00 7767500.00 -7895.17 
527500.00 7767500.00 -7848.29 
532500.00 7767500.00 -7478.13 
537500.00 7767500.00 -7353.84 
542500.00 7767500.00 -8124.75 
547500.00 7767500.00 -8165.01 
552500.00 7767500.00 -8064.54 
557500.00 7767500.00 -8130.62 
562500.00 7767500.00 -7948.08 
567500.00 7767500.00 -8594.04 
572500.00 7767500.00 -9095.49 
577500.00 7767500.00 -9252.53 
402500.00 7772500.00 -745.68 
407500.00 7772500.00 -1032.98 
412500.00 7772500.00 -1406.57 
417500.00 7772500.00 -2146.91 
422500.00 7772500.00 -2830.68 
427500.00 7772500.00 -3092.19 
432500.00 7772500.00 -3771.64 
437500.00 7772500.00 -4478.97 
442500.00 7772500.00 -4858.13 
447500.00 7772500.00 -5159.57 
452500.00 7772500.00 -5537.64 
457500.00 7772500.00 -5786.97 
462500.00 7772500.00 -5782.66 
467500.00 7772500.00 -6001.62 
472500.00 7772500.00 -6014.71 
477500.00 7772500.00 -6402.90 
482500.00 7772500.00 -6086.74 
487500.00 7772500.00 -5863.34 
492500.00 7772500.00 -7130.70 
497500.00 7772500.00 -7356.59 
502500.00 7772500.00 -7626.97 
507500.00 7772500.00 -7596.32 
512500.00 7772500.00 -7645.29 
517500.00 7772500.00 -6954.89 
522500.00 7772500.00 -7360.64 
527500.00 7772500.00 -7333.99 
532500.00 7772500.00 -7769.19 
537500.00 7772500.00 -8168.85 
542500.00 7772500.00 -8959.71 
547500.00 7772500.00 -8971.25 
552500.00 7772500.00 -9428.31 
557500.00 7772500.00 -9067.41 
562500.00 7772500.00 -9034.86 
567500.00 7772500.00 -9067.21 
572500.00 7772500.00 -9023.29 
577500.00 7772500.00 -9264.57 
402500.00 7777500.00 -734.90 
407500.00 7777500.00 -1021.14 
412500.00 7777500.00 -1490.43 
417500.00 7777500.00 -2024.86 
422500.00 7777500.00 -2829.20 
427500.00 7777500.00 -3158.25 
432500.00 7777500.00 -3756.51 
437500.00 7777500.00 -4241.07 
442500.00 7777500.00 -4625.39 
447500.00 7777500.00 -4968.31 
452500.00 7777500.00 -5484.06 
457500.00 7777500.00 -5868.79 
462500.00 7777500.00 -5846.98 
467500.00 7777500.00 -5753.64 
472500.00 7777500.00 -6117.96 
477500.00 7777500.00 -6261.54 
482500.00 7777500.00 -5891.90 
487500.00 7777500.00 -5897.14 
492500.00 7777500.00 -7387.54 
497500.00 7777500.00 -7695.24 
502500.00 7777500.00 -7323.59 
507500.00 7777500.00 -7512.35 
512500.00 7777500.00 -7744.70 
517500.00 7777500.00 -7274.37 
522500.00 7777500.00 -7744.36 
527500.00 7777500.00 -7746.26 
532500.00 7777500.00 -8852.58 
537500.00 7777500.00 -9656.37 
542500.00 7777500.00 -8898.21 
547500.00 7777500.00 -8538.67 
552500.00 7777500.00 -9305.55 
557500.00 7777500.00 -9177.98 
562500.00 7777500.00 -9529.86 
567500.00 7777500.00 -9753.11 
572500.00 7777500.00 -9124.65 
577500.00 7777500.00 -8964.75 
402500.00 7782500.00 -792.93 
407500.00 7782500.00 -1095.84 
412500.00 7782500.00 -1582.44 
417500.00 7782500.00 -2061.03 
422500.00 7782500.00 -2878.76 
427500.00 7782500.00 -3325.82 
432500.00 7782500.00 -3864.61 
437500.00 7782500.00 -4096.20 
442500.00 7782500.00 -4285.02 
447500.00 7782500.00 -4659.45 
452500.00 7782500.00 -5277.01 
457500.00 7782500.00 -5779.15 
462500.00 7782500.00 -5871.35 
467500.00 7782500.00 -5762.84 
472500.00 7782500.00 -6225.91 
477500.00 7782500.00 -5790.20 
482500.00 7782500.00 -5362.39 
487500.00 7782500.00 -7216.67 
492500.00 7782500.00 -7787.02 
497500.00 7782500.00 -7559.91 
502500.00 7782500.00 -6457.22 
507500.00 7782500.00 -7532.75 
512500.00 7782500.00 -7898.82 
517500.00 7782500.00 -7880.12 
522500.00 7782500.00 -7481.20 
527500.00 7782500.00 -8029.82 
532500.00 7782500.00 -9648.91 
537500.00 7782500.00 -9252.14 
542500.00 7782500.00 -7842.39 
547500.00 7782500.00 -7319.38 
552500.00 7782500.00 -9264.88 
557500.00 7782500.00 -9429.38 
562500.00 7782500.00 -9260.24 
567500.00 7782500.00 -9478.64 
572500.00 7782500.00 -9367.82 
577500.00 7782500.00 -9157.80 
402500.00 7787500.00 -873.19 
407500.00 7787500.00 -1102.31 
412500.00 7787500.00 -1612.47 
417500.00 7787500.00 -1966.61 
422500.00 7787500.00 -2670.46 
427500.00 7787500.00 -3271.06 
432500.00 7787500.00 -3855.83 
437500.00 7787500.00 -4212.07 
442500.00 7787500.00 -4250.76 
447500.00 7787500.00 -4607.40 
452500.00 7787500.00 -5446.03 
457500.00 7787500.00 -5934.86 
462500.00 7787500.00 -6062.68 
467500.00 7787500.00 -5838.27 
472500.00 7787500.00 -6361.11 
477500.00 7787500.00 -6516.97 
482500.00 7787500.00 -6075.62 
487500.00 7787500.00 -7066.44 
492500.00 7787500.00 -8049.89 
497500.00 7787500.00 -7073.42 
502500.00 7787500.00 -5466.91 
507500.00 7787500.00 -7619.92 
512500.00 7787500.00 -7997.68 
517500.00 7787500.00 -8140.82 
522500.00 7787500.00 -5627.16 
527500.00 7787500.00 -7817.08 
532500.00 7787500.00 -10058.18 
537500.00 7787500.00 -8776.71 
542500.00 7787500.00 -8178.88 
547500.00 7787500.00 -8035.99 
552500.00 7787500.00 -8937.79 
557500.00 7787500.00 -9168.20 
562500.00 7787500.00 -9130.13 
567500.00 7787500.00 -9128.60 
572500.00 7787500.00 -9255.41 
577500.00 7787500.00 -9189.91 
402500.00 7792500.00 -975.30 
407500.00 7792500.00 -1076.77 
412500.00 7792500.00 -1460.10 
417500.00 7792500.00 -1906.36 
422500.00 7792500.00 -2586.23 
427500.00 7792500.00 -3176.12 
432500.00 7792500.00 -3809.48 
437500.00 7792500.00 -4305.22 
442500.00 7792500.00 -4634.27 
447500.00 7792500.00 -4691.04 
452500.00 7792500.00 -5295.09 
457500.00 7792500.00 -5675.33 
462500.00 7792500.00 -5804.34 
467500.00 7792500.00 -6141.46 
472500.00 7792500.00 -6097.60 
477500.00 7792500.00 -6301.90 
482500.00 7792500.00 -6527.70 
487500.00 7792500.00 -6726.24 
492500.00 7792500.00 -6387.49 
497500.00 7792500.00 -7047.06 
502500.00 7792500.00 -7697.97 
507500.00 7792500.00 -7952.69 
512500.00 7792500.00 -8078.21 
517500.00 7792500.00 -7939.85 
522500.00 7792500.00 -6994.54 
527500.00 7792500.00 -8056.58 
532500.00 7792500.00 -8886.06 
537500.00 7792500.00 -8530.82 
542500.00 7792500.00 -8705.63 
547500.00 7792500.00 -8761.78 
552500.00 7792500.00 -8844.49 
557500.00 7792500.00 -8949.88 
562500.00 7792500.00 -9204.35 
567500.00 7792500.00 -9145.40 
572500.00 7792500.00 -9177.87 
577500.00 7792500.00 -9169.07 
402500.00 7797500.00 -926.05 
407500.00 7797500.00 -950.45 
412500.00 7797500.00 -1347.75 
417500.00 7797500.00 -1855.82 
422500.00 7797500.00 -2360.14 
427500.00 7797500.00 -2835.20 
432500.00 7797500.00 -4035.50 
437500.00 7797500.00 -4573.69 
442500.00 7797500.00 -4866.70 
447500.00 7797500.00 -4870.88 
452500.00 7797500.00 -5315.86 
457500.00 7797500.00 -5671.50 
462500.00 7797500.00 -6011.02 
467500.00 7797500.00 -6294.54 
472500.00 7797500.00 -5874.73 
477500.00 7797500.00 -6290.92 
482500.00 7797500.00 -6747.11 
487500.00 7797500.00 -7138.11 
492500.00 7797500.00 -5944.57 
497500.00 7797500.00 -6472.17 
502500.00 7797500.00 -7238.66 
507500.00 7797500.00 -7234.01 
512500.00 7797500.00 -7682.82 
517500.00 7797500.00 -7676.01 
522500.00 7797500.00 -7731.99 
527500.00 7797500.00 -7881.17 
532500.00 7797500.00 -8300.74 
537500.00 7797500.00 -8490.69 
542500.00 7797500.00 -8623.98 
547500.00 7797500.00 -8676.06 
552500.00 7797500.00 -8831.63 
557500.00 7797500.00 -8909.57 
562500.00 7797500.00 -9112.37 
567500.00 7797500.00 -9101.22 
572500.00 7797500.00 -9165.97 
577500.00 7797500.00 -9156.08 
402500.00 7802500.00 -807.91 
407500.00 7802500.00 -791.20 
412500.00 7802500.00 -1228.23 
417500.00 7802500.00 -1792.27 
422500.00 7802500.00 -2566.69 
427500.00 7802500.00 -3015.54 
432500.00 7802500.00 -3926.34 
437500.00 7802500.00 -4574.49 
442500.00 7802500.00 -4896.60 
447500.00 7802500.00 -5145.95 
452500.00 7802500.00 -5470.19 
457500.00 7802500.00 -5724.50 
462500.00 7802500.00 -6275.69 
467500.00 7802500.00 -6335.72 
472500.00 7802500.00 -6347.81 
477500.00 7802500.00 -5647.26 
482500.00 7802500.00 -5222.56 
487500.00 7802500.00 -6650.10 
492500.00 7802500.00 -6036.99 
497500.00 7802500.00 -4592.23 
502500.00 7802500.00 -6427.54 
507500.00 7802500.00 -6755.60 
512500.00 7802500.00 -7205.42 
517500.00 7802500.00 -7513.81 
522500.00 7802500.00 -7801.28 
527500.00 7802500.00 -7939.92 
532500.00 7802500.00 -8163.62 
537500.00 7802500.00 -8276.10 
542500.00 7802500.00 -8525.46 
547500.00 7802500.00 -8595.73 
552500.00 7802500.00 -8723.83 
557500.00 7802500.00 -8762.70 
562500.00 7802500.00 -8904.30 
567500.00 7802500.00 -8796.78 
572500.00 7802500.00 -8866.08 
577500.00 7802500.00 -8806.25 
