# Petrel Points with attributes
# Unit in X and Y direction: m
# Unit in depth: m
VERSION 1
BEGIN HEADER
X
Y
Z
END HEADER
402500.00 7652500.00 -4321.21 
407500.00 7652500.00 -4814.58 
412500.00 7652500.00 -4969.77 
417500.00 7652500.00 -4849.75 
422500.00 7652500.00 -4869.66 
427500.00 7652500.00 -4769.93 
432500.00 7652500.00 -4803.29 
437500.00 7652500.00 -5393.40 
442500.00 7652500.00 -5086.23 
447500.00 7652500.00 -5418.70 
452500.00 7652500.00 -5430.28 
457500.00 7652500.00 -5342.83 
462500.00 7652500.00 -5558.67 
467500.00 7652500.00 -4225.63 
472500.00 7652500.00 -3164.20 
477500.00 7652500.00 -4094.40 
482500.00 7652500.00 -4975.73 
487500.00 7652500.00 -6003.59 
492500.00 7652500.00 -6058.13 
497500.00 7652500.00 -4589.44 
502500.00 7652500.00 -5354.63 
507500.00 7652500.00 -4095.94 
512500.00 7652500.00 -4224.59 
517500.00 7652500.00 -5700.82 
522500.00 7652500.00 -6726.47 
527500.00 7652500.00 -6699.74 
532500.00 7652500.00 -6877.49 
537500.00 7652500.00 -5469.42 
542500.00 7652500.00 -4260.48 
547500.00 7652500.00 -3767.25 
552500.00 7652500.00 -5472.92 
557500.00 7652500.00 -6819.23 
562500.00 7652500.00 -6760.91 
567500.00 7652500.00 -6518.06 
572500.00 7652500.00 -6370.35 
577500.00 7652500.00 -6208.83 
402500.00 7657500.00 -4296.98 
407500.00 7657500.00 -4581.05 
412500.00 7657500.00 -5200.51 
417500.00 7657500.00 -5058.59 
422500.00 7657500.00 -4824.26 
427500.00 7657500.00 -4744.19 
432500.00 7657500.00 -4892.86 
437500.00 7657500.00 -5077.94 
442500.00 7657500.00 -5146.30 
447500.00 7657500.00 -5387.02 
452500.00 7657500.00 -4830.00 
457500.00 7657500.00 -4637.30 
462500.00 7657500.00 -4663.57 
467500.00 7657500.00 -4609.39 
472500.00 7657500.00 -3197.48 
477500.00 7657500.00 -4065.24 
482500.00 7657500.00 -6242.50 
487500.00 7657500.00 -5206.24 
492500.00 7657500.00 -4259.58 
497500.00 7657500.00 -3991.49 
502500.00 7657500.00 -4942.82 
507500.00 7657500.00 -3742.74 
512500.00 7657500.00 -3499.84 
517500.00 7657500.00 -5220.93 
522500.00 7657500.00 -6746.01 
527500.00 7657500.00 -6642.96 
532500.00 7657500.00 -6005.28 
537500.00 7657500.00 -5700.57 
542500.00 7657500.00 -4555.11 
547500.00 7657500.00 -4393.45 
552500.00 7657500.00 -5718.17 
557500.00 7657500.00 -7133.82 
562500.00 7657500.00 -7167.24 
567500.00 7657500.00 -6966.92 
572500.00 7657500.00 -6760.45 
577500.00 7657500.00 -6734.15 
402500.00 7662500.00 -4392.42 
407500.00 7662500.00 -4390.05 
412500.00 7662500.00 -4976.06 
417500.00 7662500.00 -5051.68 
422500.00 7662500.00 -4840.40 
427500.00 7662500.00 -4842.15 
432500.00 7662500.00 -4883.34 
437500.00 7662500.00 -4911.07 
442500.00 7662500.00 -5106.15 
447500.00 7662500.00 -4430.42 
452500.00 7662500.00 -4314.13 
457500.00 7662500.00 -5425.93 
462500.00 7662500.00 -4951.97 
467500.00 7662500.00 -4685.38 
472500.00 7662500.00 -3990.08 
477500.00 7662500.00 -4347.93 
482500.00 7662500.00 -5664.49 
487500.00 7662500.00 -4071.11 
492500.00 7662500.00 -4992.16 
497500.00 7662500.00 -4822.21 
502500.00 7662500.00 -6866.93 
507500.00 7662500.00 -4897.74 
512500.00 7662500.00 -3539.65 
517500.00 7662500.00 -4473.56 
522500.00 7662500.00 -7138.98 
527500.00 7662500.00 -5708.15 
532500.00 7662500.00 -6799.26 
537500.00 7662500.00 -5213.73 
542500.00 7662500.00 -4306.42 
547500.00 7662500.00 -4757.79 
552500.00 7662500.00 -4820.15 
557500.00 7662500.00 -6883.23 
562500.00 7662500.00 -7626.70 
567500.00 7662500.00 -7324.46 
572500.00 7662500.00 -7088.23 
577500.00 7662500.00 -7250.52 
402500.00 7667500.00 -4108.61 
407500.00 7667500.00 -4333.40 
412500.00 7667500.00 -4720.42 
417500.00 7667500.00 -4966.86 
422500.00 7667500.00 -5060.19 
427500.00 7667500.00 -4898.06 
432500.00 7667500.00 -4405.91 
437500.00 7667500.00 -4816.45 
442500.00 7667500.00 -5172.46 
447500.00 7667500.00 -4563.28 
452500.00 7667500.00 -4766.64 
457500.00 7667500.00 -5863.43 
462500.00 7667500.00 -5284.24 
467500.00 7667500.00 -5188.21 
472500.00 7667500.00 -6023.94 
477500.00 7667500.00 -4515.81 
482500.00 7667500.00 -5716.53 
487500.00 7667500.00 -5100.70 
492500.00 7667500.00 -5176.87 
497500.00 7667500.00 -5320.55 
502500.00 7667500.00 -7982.65 
507500.00 7667500.00 -5876.10 
512500.00 7667500.00 -3838.83 
517500.00 7667500.00 -4434.64 
522500.00 7667500.00 -6209.53 
527500.00 7667500.00 -5321.46 
532500.00 7667500.00 -7561.43 
537500.00 7667500.00 -7263.37 
542500.00 7667500.00 -5198.74 
547500.00 7667500.00 -5206.99 
552500.00 7667500.00 -5284.29 
557500.00 7667500.00 -6459.45 
562500.00 7667500.00 -7333.92 
567500.00 7667500.00 -7172.04 
572500.00 7667500.00 -6851.56 
577500.00 7667500.00 -6878.47 
402500.00 7672500.00 -3510.45 
407500.00 7672500.00 -3706.35 
412500.00 7672500.00 -4372.53 
417500.00 7672500.00 -4969.95 
422500.00 7672500.00 -5010.83 
427500.00 7672500.00 -4956.40 
432500.00 7672500.00 -4981.59 
437500.00 7672500.00 -5149.49 
442500.00 7672500.00 -5146.42 
447500.00 7672500.00 -4461.28 
452500.00 7672500.00 -5006.31 
457500.00 7672500.00 -5653.66 
462500.00 7672500.00 -5659.86 
467500.00 7672500.00 -4766.44 
472500.00 7672500.00 -5997.10 
477500.00 7672500.00 -5395.77 
482500.00 7672500.00 -5647.19 
487500.00 7672500.00 -6513.04 
492500.00 7672500.00 -5086.83 
497500.00 7672500.00 -6262.92 
502500.00 7672500.00 -7168.12 
507500.00 7672500.00 -5105.49 
512500.00 7672500.00 -4075.20 
517500.00 7672500.00 -5003.29 
522500.00 7672500.00 -5501.84 
527500.00 7672500.00 -5357.66 
532500.00 7672500.00 -7495.71 
537500.00 7672500.00 -7558.00 
542500.00 7672500.00 -5296.30 
547500.00 7672500.00 -4861.59 
552500.00 7672500.00 -5715.40 
557500.00 7672500.00 -6141.18 
562500.00 7672500.00 -6586.56 
567500.00 7672500.00 -6497.70 
572500.00 7672500.00 -6552.24 
577500.00 7672500.00 -6693.73 
402500.00 7677500.00 -3310.07 
407500.00 7677500.00 -3526.18 
412500.00 7677500.00 -4074.95 
417500.00 7677500.00 -4751.26 
422500.00 7677500.00 -4982.23 
427500.00 7677500.00 -4982.65 
432500.00 7677500.00 -4922.12 
437500.00 7677500.00 -4957.88 
442500.00 7677500.00 -5129.27 
447500.00 7677500.00 -5035.88 
452500.00 7677500.00 -5487.89 
457500.00 7677500.00 -5737.96 
462500.00 7677500.00 -5722.99 
467500.00 7677500.00 -4631.21 
472500.00 7677500.00 -5948.73 
477500.00 7677500.00 -5577.52 
482500.00 7677500.00 -4911.21 
487500.00 7677500.00 -6540.85 
492500.00 7677500.00 -4944.98 
497500.00 7677500.00 -7134.40 
502500.00 7677500.00 -5528.78 
507500.00 7677500.00 -4230.77 
512500.00 7677500.00 -3862.74 
517500.00 7677500.00 -4410.83 
522500.00 7677500.00 -6356.33 
527500.00 7677500.00 -6461.64 
532500.00 7677500.00 -7794.81 
537500.00 7677500.00 -7734.08 
542500.00 7677500.00 -6035.40 
547500.00 7677500.00 -5143.76 
552500.00 7677500.00 -5471.15 
557500.00 7677500.00 -6373.17 
562500.00 7677500.00 -6970.15 
567500.00 7677500.00 -6771.12 
572500.00 7677500.00 -6568.50 
577500.00 7677500.00 -7143.83 
402500.00 7682500.00 -3169.39 
407500.00 7682500.00 -3408.40 
412500.00 7682500.00 -3799.67 
417500.00 7682500.00 -4331.39 
422500.00 7682500.00 -4760.76 
427500.00 7682500.00 -4847.94 
432500.00 7682500.00 -4819.08 
437500.00 7682500.00 -4824.94 
442500.00 7682500.00 -5203.00 
447500.00 7682500.00 -5549.00 
452500.00 7682500.00 -5200.02 
457500.00 7682500.00 -5006.90 
462500.00 7682500.00 -5539.71 
467500.00 7682500.00 -4647.45 
472500.00 7682500.00 -5395.63 
477500.00 7682500.00 -5641.69 
482500.00 7682500.00 -4732.87 
487500.00 7682500.00 -6336.06 
492500.00 7682500.00 -5150.80 
497500.00 7682500.00 -7003.46 
502500.00 7682500.00 -6343.63 
507500.00 7682500.00 -7152.93 
512500.00 7682500.00 -5295.25 
517500.00 7682500.00 -5645.56 
522500.00 7682500.00 -6384.63 
527500.00 7682500.00 -5454.85 
532500.00 7682500.00 -7464.96 
537500.00 7682500.00 -7930.63 
542500.00 7682500.00 -6927.00 
547500.00 7682500.00 -6088.21 
552500.00 7682500.00 -7214.17 
557500.00 7682500.00 -6971.29 
562500.00 7682500.00 -6892.38 
567500.00 7682500.00 -6819.05 
572500.00 7682500.00 -6993.92 
577500.00 7682500.00 -7401.60 
402500.00 7687500.00 -3018.73 
407500.00 7687500.00 -3228.66 
412500.00 7687500.00 -3589.49 
417500.00 7687500.00 -3996.86 
422500.00 7687500.00 -4588.27 
427500.00 7687500.00 -4796.39 
432500.00 7687500.00 -4866.16 
437500.00 7687500.00 -4910.80 
442500.00 7687500.00 -5074.81 
447500.00 7687500.00 -5120.01 
452500.00 7687500.00 -5201.11 
457500.00 7687500.00 -5144.32 
462500.00 7687500.00 -5190.22 
467500.00 7687500.00 -4535.55 
472500.00 7687500.00 -5436.29 
477500.00 7687500.00 -5575.36 
482500.00 7687500.00 -5780.19 
487500.00 7687500.00 -6130.14 
492500.00 7687500.00 -6209.80 
497500.00 7687500.00 -5927.17 
502500.00 7687500.00 -7454.65 
507500.00 7687500.00 -7084.71 
512500.00 7687500.00 -6048.50 
517500.00 7687500.00 -5198.96 
522500.00 7687500.00 -6458.61 
527500.00 7687500.00 -5670.77 
532500.00 7687500.00 -6625.20 
537500.00 7687500.00 -7810.85 
542500.00 7687500.00 -7366.48 
547500.00 7687500.00 -5561.04 
552500.00 7687500.00 -4886.81 
557500.00 7687500.00 -4996.93 
562500.00 7687500.00 -6419.99 
567500.00 7687500.00 -6785.47 
572500.00 7687500.00 -7402.63 
577500.00 7687500.00 -7469.41 
402500.00 7692500.00 -2678.00 
407500.00 7692500.00 -2943.89 
412500.00 7692500.00 -3238.25 
417500.00 7692500.00 -3502.16 
422500.00 7692500.00 -4424.01 
427500.00 7692500.00 -4770.03 
432500.00 7692500.00 -4694.82 
437500.00 7692500.00 -4744.72 
442500.00 7692500.00 -5065.75 
447500.00 7692500.00 -4988.46 
452500.00 7692500.00 -4860.71 
457500.00 7692500.00 -5074.23 
462500.00 7692500.00 -4723.18 
467500.00 7692500.00 -4514.81 
472500.00 7692500.00 -4814.49 
477500.00 7692500.00 -5054.12 
482500.00 7692500.00 -6188.59 
487500.00 7692500.00 -5261.01 
492500.00 7692500.00 -6025.26 
497500.00 7692500.00 -5973.86 
502500.00 7692500.00 -7254.03 
507500.00 7692500.00 -5703.68 
512500.00 7692500.00 -4591.91 
517500.00 7692500.00 -3765.03 
522500.00 7692500.00 -4879.77 
527500.00 7692500.00 -5218.70 
532500.00 7692500.00 -5238.84 
537500.00 7692500.00 -7223.74 
542500.00 7692500.00 -7522.17 
547500.00 7692500.00 -6086.42 
552500.00 7692500.00 -5638.79 
557500.00 7692500.00 -6035.99 
562500.00 7692500.00 -6428.39 
567500.00 7692500.00 -6694.37 
572500.00 7692500.00 -7271.79 
577500.00 7692500.00 -7712.99 
402500.00 7697500.00 -2270.01 
407500.00 7697500.00 -2704.14 
412500.00 7697500.00 -3066.29 
417500.00 7697500.00 -3338.04 
422500.00 7697500.00 -3965.88 
427500.00 7697500.00 -4536.03 
432500.00 7697500.00 -4601.48 
437500.00 7697500.00 -4684.29 
442500.00 7697500.00 -4955.00 
447500.00 7697500.00 -5188.88 
452500.00 7697500.00 -5056.97 
457500.00 7697500.00 -5074.83 
462500.00 7697500.00 -5321.69 
467500.00 7697500.00 -5163.60 
472500.00 7697500.00 -5294.70 
477500.00 7697500.00 -4930.01 
482500.00 7697500.00 -5929.78 
487500.00 7697500.00 -4987.81 
492500.00 7697500.00 -5790.52 
497500.00 7697500.00 -6237.61 
502500.00 7697500.00 -6776.41 
507500.00 7697500.00 -7192.53 
512500.00 7697500.00 -6323.34 
517500.00 7697500.00 -4598.26 
522500.00 7697500.00 -4007.34 
527500.00 7697500.00 -4476.31 
532500.00 7697500.00 -5024.53 
537500.00 7697500.00 -6727.23 
542500.00 7697500.00 -7416.99 
547500.00 7697500.00 -6218.84 
552500.00 7697500.00 -5303.12 
557500.00 7697500.00 -6340.40 
562500.00 7697500.00 -6365.91 
567500.00 7697500.00 -6613.38 
572500.00 7697500.00 -7394.95 
577500.00 7697500.00 -7821.00 
402500.00 7702500.00 -2000.81 
407500.00 7702500.00 -2563.07 
412500.00 7702500.00 -3013.99 
417500.00 7702500.00 -3243.07 
422500.00 7702500.00 -3743.72 
427500.00 7702500.00 -4496.61 
432500.00 7702500.00 -4823.36 
437500.00 7702500.00 -4841.70 
442500.00 7702500.00 -4940.25 
447500.00 7702500.00 -5074.57 
452500.00 7702500.00 -5233.11 
457500.00 7702500.00 -5250.60 
462500.00 7702500.00 -5251.16 
467500.00 7702500.00 -5461.00 
472500.00 7702500.00 -5556.79 
477500.00 7702500.00 -5681.95 
482500.00 7702500.00 -6210.63 
487500.00 7702500.00 -5547.64 
492500.00 7702500.00 -5767.70 
497500.00 7702500.00 -6722.92 
502500.00 7702500.00 -6465.66 
507500.00 7702500.00 -7008.66 
512500.00 7702500.00 -5607.06 
517500.00 7702500.00 -4386.99 
522500.00 7702500.00 -4006.38 
527500.00 7702500.00 -5036.60 
532500.00 7702500.00 -6936.58 
537500.00 7702500.00 -6976.20 
542500.00 7702500.00 -7641.34 
547500.00 7702500.00 -7019.97 
552500.00 7702500.00 -4189.74 
557500.00 7702500.00 -4847.96 
562500.00 7702500.00 -6236.79 
567500.00 7702500.00 -6675.03 
572500.00 7702500.00 -7330.60 
577500.00 7702500.00 -7650.66 
402500.00 7707500.00 -1676.02 
407500.00 7707500.00 -2601.78 
412500.00 7707500.00 -3001.59 
417500.00 7707500.00 -3237.45 
422500.00 7707500.00 -3704.40 
427500.00 7707500.00 -4336.29 
432500.00 7707500.00 -4868.93 
437500.00 7707500.00 -5006.09 
442500.00 7707500.00 -5095.90 
447500.00 7707500.00 -5058.87 
452500.00 7707500.00 -5104.17 
457500.00 7707500.00 -5102.29 
462500.00 7707500.00 -4327.86 
467500.00 7707500.00 -5245.40 
472500.00 7707500.00 -5631.62 
477500.00 7707500.00 -6093.37 
482500.00 7707500.00 -6403.04 
487500.00 7707500.00 -5616.20 
492500.00 7707500.00 -6202.29 
497500.00 7707500.00 -6723.36 
502500.00 7707500.00 -6377.76 
507500.00 7707500.00 -5049.13 
512500.00 7707500.00 -5287.96 
517500.00 7707500.00 -5403.65 
522500.00 7707500.00 -4817.51 
527500.00 7707500.00 -5872.45 
532500.00 7707500.00 -6237.71 
537500.00 7707500.00 -6497.20 
542500.00 7707500.00 -7629.92 
547500.00 7707500.00 -7020.64 
552500.00 7707500.00 -4418.98 
557500.00 7707500.00 -4433.55 
562500.00 7707500.00 -6109.79 
567500.00 7707500.00 -6700.10 
572500.00 7707500.00 -6987.92 
577500.00 7707500.00 -7189.27 
402500.00 7712500.00 -1638.31 
407500.00 7712500.00 -2444.98 
412500.00 7712500.00 -2865.03 
417500.00 7712500.00 -3131.41 
422500.00 7712500.00 -3517.56 
427500.00 7712500.00 -3996.72 
432500.00 7712500.00 -4905.92 
437500.00 7712500.00 -5231.88 
442500.00 7712500.00 -5363.87 
447500.00 7712500.00 -5165.51 
452500.00 7712500.00 -5078.35 
457500.00 7712500.00 -5243.94 
462500.00 7712500.00 -4813.67 
467500.00 7712500.00 -5436.45 
472500.00 7712500.00 -5699.41 
477500.00 7712500.00 -4944.40 
482500.00 7712500.00 -6147.30 
487500.00 7712500.00 -5897.38 
492500.00 7712500.00 -6286.11 
497500.00 7712500.00 -5963.42 
502500.00 7712500.00 -7067.50 
507500.00 7712500.00 -6755.52 
512500.00 7712500.00 -6077.82 
517500.00 7712500.00 -6777.66 
522500.00 7712500.00 -6230.43 
527500.00 7712500.00 -7011.25 
532500.00 7712500.00 -7121.14 
537500.00 7712500.00 -6006.65 
542500.00 7712500.00 -7605.94 
547500.00 7712500.00 -7167.77 
552500.00 7712500.00 -4467.92 
557500.00 7712500.00 -3864.61 
562500.00 7712500.00 -6688.05 
567500.00 7712500.00 -6915.76 
572500.00 7712500.00 -6845.18 
577500.00 7712500.00 -7018.65 
402500.00 7717500.00 -1543.85 
407500.00 7717500.00 -2155.59 
412500.00 7717500.00 -2666.47 
417500.00 7717500.00 -2933.00 
422500.00 7717500.00 -3388.01 
427500.00 7717500.00 -3927.00 
432500.00 7717500.00 -4873.41 
437500.00 7717500.00 -5114.92 
442500.00 7717500.00 -5216.85 
447500.00 7717500.00 -5209.48 
452500.00 7717500.00 -5161.33 
457500.00 7717500.00 -5134.69 
462500.00 7717500.00 -5188.65 
467500.00 7717500.00 -5132.09 
472500.00 7717500.00 -5799.99 
477500.00 7717500.00 -4977.16 
482500.00 7717500.00 -5940.34 
487500.00 7717500.00 -6408.02 
492500.00 7717500.00 -5584.01 
497500.00 7717500.00 -6534.35 
502500.00 7717500.00 -6948.94 
507500.00 7717500.00 -7460.21 
512500.00 7717500.00 -5781.45 
517500.00 7717500.00 -6729.76 
522500.00 7717500.00 -5585.95 
527500.00 7717500.00 -6747.64 
532500.00 7717500.00 -8128.58 
537500.00 7717500.00 -6727.16 
542500.00 7717500.00 -6211.95 
547500.00 7717500.00 -7021.88 
552500.00 7717500.00 -4722.23 
557500.00 7717500.00 -3864.81 
562500.00 7717500.00 -6957.06 
567500.00 7717500.00 -7094.83 
572500.00 7717500.00 -6934.98 
577500.00 7717500.00 -7054.54 
402500.00 7722500.00 -1337.84 
407500.00 7722500.00 -1920.82 
412500.00 7722500.00 -2379.16 
417500.00 7722500.00 -2882.89 
422500.00 7722500.00 -3415.35 
427500.00 7722500.00 -3875.22 
432500.00 7722500.00 -4749.14 
437500.00 7722500.00 -4762.10 
442500.00 7722500.00 -5132.06 
447500.00 7722500.00 -5130.25 
452500.00 7722500.00 -5227.29 
457500.00 7722500.00 -4884.67 
462500.00 7722500.00 -5393.71 
467500.00 7722500.00 -5370.25 
472500.00 7722500.00 -6148.97 
477500.00 7722500.00 -4688.72 
482500.00 7722500.00 -6446.70 
487500.00 7722500.00 -7012.44 
492500.00 7722500.00 -5985.15 
497500.00 7722500.00 -7219.11 
502500.00 7722500.00 -7643.07 
507500.00 7722500.00 -8022.93 
512500.00 7722500.00 -7122.23 
517500.00 7722500.00 -8158.87 
522500.00 7722500.00 -7678.70 
527500.00 7722500.00 -6229.94 
532500.00 7722500.00 -7938.21 
537500.00 7722500.00 -7901.60 
542500.00 7722500.00 -5489.54 
547500.00 7722500.00 -4575.33 
552500.00 7722500.00 -5566.30 
557500.00 7722500.00 -5878.93 
562500.00 7722500.00 -7125.03 
567500.00 7722500.00 -6931.89 
572500.00 7722500.00 -6863.81 
577500.00 7722500.00 -7218.99 
402500.00 7727500.00 -1140.20 
407500.00 7727500.00 -1673.25 
412500.00 7727500.00 -2207.14 
417500.00 7727500.00 -2645.25 
422500.00 7727500.00 -3119.13 
427500.00 7727500.00 -3764.25 
432500.00 7727500.00 -4752.08 
437500.00 7727500.00 -4782.17 
442500.00 7727500.00 -5132.50 
447500.00 7727500.00 -5308.23 
452500.00 7727500.00 -5156.68 
457500.00 7727500.00 -4985.40 
462500.00 7727500.00 -5400.02 
467500.00 7727500.00 -5651.43 
472500.00 7727500.00 -6233.01 
477500.00 7727500.00 -5073.74 
482500.00 7727500.00 -6561.30 
487500.00 7727500.00 -7143.09 
492500.00 7727500.00 -6481.28 
497500.00 7727500.00 -7028.63 
502500.00 7727500.00 -8058.14 
507500.00 7727500.00 -7424.66 
512500.00 7727500.00 -7453.16 
517500.00 7727500.00 -8317.61 
522500.00 7727500.00 -6508.69 
527500.00 7727500.00 -6045.20 
532500.00 7727500.00 -7698.73 
537500.00 7727500.00 -7915.06 
542500.00 7727500.00 -5505.81 
547500.00 7727500.00 -4499.10 
552500.00 7727500.00 -7070.17 
557500.00 7727500.00 -7304.21 
562500.00 7727500.00 -7070.58 
567500.00 7727500.00 -6757.68 
572500.00 7727500.00 -6785.19 
577500.00 7727500.00 -7341.53 
402500.00 7732500.00 -1026.76 
407500.00 7732500.00 -1382.89 
412500.00 7732500.00 -1965.37 
417500.00 7732500.00 -2375.25 
422500.00 7732500.00 -2903.70 
427500.00 7732500.00 -3549.39 
432500.00 7732500.00 -4584.33 
437500.00 7732500.00 -5180.71 
442500.00 7732500.00 -5293.85 
447500.00 7732500.00 -5374.35 
452500.00 7732500.00 -5270.68 
457500.00 7732500.00 -5131.45 
462500.00 7732500.00 -5194.22 
467500.00 7732500.00 -5745.33 
472500.00 7732500.00 -5651.01 
477500.00 7732500.00 -5333.98 
482500.00 7732500.00 -6484.44 
487500.00 7732500.00 -5952.83 
492500.00 7732500.00 -6712.07 
497500.00 7732500.00 -6964.56 
502500.00 7732500.00 -6415.32 
507500.00 7732500.00 -6444.66 
512500.00 7732500.00 -7976.87 
517500.00 7732500.00 -5024.88 
522500.00 7732500.00 -6840.40 
527500.00 7732500.00 -6249.90 
532500.00 7732500.00 -7200.73 
537500.00 7732500.00 -7983.33 
542500.00 7732500.00 -8306.16 
547500.00 7732500.00 -7747.42 
552500.00 7732500.00 -7514.67 
557500.00 7732500.00 -7400.42 
562500.00 7732500.00 -7320.47 
567500.00 7732500.00 -6823.42 
572500.00 7732500.00 -7120.15 
577500.00 7732500.00 -7502.92 
402500.00 7737500.00 -1008.07 
407500.00 7737500.00 -1307.87 
412500.00 7737500.00 -1934.84 
417500.00 7737500.00 -2418.25 
422500.00 7737500.00 -2873.28 
427500.00 7737500.00 -3296.95 
432500.00 7737500.00 -4469.06 
437500.00 7737500.00 -5433.91 
442500.00 7737500.00 -5326.33 
447500.00 7737500.00 -5454.11 
452500.00 7737500.00 -5323.17 
457500.00 7737500.00 -5150.06 
462500.00 7737500.00 -5236.97 
467500.00 7737500.00 -5764.47 
472500.00 7737500.00 -5675.55 
477500.00 7737500.00 -5655.29 
482500.00 7737500.00 -6545.09 
487500.00 7737500.00 -5665.46 
492500.00 7737500.00 -6512.92 
497500.00 7737500.00 -6751.41 
502500.00 7737500.00 -6065.60 
507500.00 7737500.00 -7447.68 
512500.00 7737500.00 -7354.66 
517500.00 7737500.00 -4864.35 
522500.00 7737500.00 -6701.97 
527500.00 7737500.00 -6676.89 
532500.00 7737500.00 -7155.66 
537500.00 7737500.00 -7722.85 
542500.00 7737500.00 -7716.35 
547500.00 7737500.00 -7710.05 
552500.00 7737500.00 -7225.61 
557500.00 7737500.00 -7322.10 
562500.00 7737500.00 -7672.60 
567500.00 7737500.00 -7542.22 
572500.00 7737500.00 -7939.00 
577500.00 7737500.00 -7950.54 
402500.00 7742500.00 -1302.18 
407500.00 7742500.00 -1389.50 
412500.00 7742500.00 -1868.10 
417500.00 7742500.00 -2409.91 
422500.00 7742500.00 -2904.13 
427500.00 7742500.00 -3273.23 
432500.00 7742500.00 -3955.01 
437500.00 7742500.00 -4923.01 
442500.00 7742500.00 -5481.95 
447500.00 7742500.00 -5742.90 
452500.00 7742500.00 -5326.92 
457500.00 7742500.00 -5282.00 
462500.00 7742500.00 -5654.87 
467500.00 7742500.00 -5888.73 
472500.00 7742500.00 -6019.69 
477500.00 7742500.00 -6205.59 
482500.00 7742500.00 -6635.40 
487500.00 7742500.00 -6002.80 
492500.00 7742500.00 -6253.33 
497500.00 7742500.00 -6496.81 
502500.00 7742500.00 -6577.88 
507500.00 7742500.00 -7239.81 
512500.00 7742500.00 -7250.61 
517500.00 7742500.00 -6651.22 
522500.00 7742500.00 -6268.65 
527500.00 7742500.00 -6391.56 
532500.00 7742500.00 -7425.89 
537500.00 7742500.00 -7981.44 
542500.00 7742500.00 -8125.74 
547500.00 7742500.00 -7810.96 
552500.00 7742500.00 -7289.15 
557500.00 7742500.00 -7108.17 
562500.00 7742500.00 -7794.33 
567500.00 7742500.00 -8313.37 
572500.00 7742500.00 -9040.97 
577500.00 7742500.00 -9136.33 
402500.00 7747500.00 -1412.39 
407500.00 7747500.00 -1462.52 
412500.00 7747500.00 -1689.89 
417500.00 7747500.00 -2266.50 
422500.00 7747500.00 -2885.37 
427500.00 7747500.00 -3342.83 
432500.00 7747500.00 -4083.29 
437500.00 7747500.00 -4871.13 
442500.00 7747500.00 -5593.27 
447500.00 7747500.00 -5694.04 
452500.00 7747500.00 -5456.99 
457500.00 7747500.00 -5460.25 
462500.00 7747500.00 -5791.44 
467500.00 7747500.00 -5938.57 
472500.00 7747500.00 -6337.95 
477500.00 7747500.00 -6123.83 
482500.00 7747500.00 -6595.60 
487500.00 7747500.00 -6274.50 
492500.00 7747500.00 -5949.39 
497500.00 7747500.00 -6205.08 
502500.00 7747500.00 -6814.03 
507500.00 7747500.00 -7321.04 
512500.00 7747500.00 -7659.29 
517500.00 7747500.00 -7114.41 
522500.00 7747500.00 -7684.78 
527500.00 7747500.00 -6909.13 
532500.00 7747500.00 -6268.27 
537500.00 7747500.00 -5809.00 
542500.00 7747500.00 -8258.71 
547500.00 7747500.00 -7178.35 
552500.00 7747500.00 -7296.50 
557500.00 7747500.00 -7038.95 
562500.00 7747500.00 -7617.39 
567500.00 7747500.00 -8064.05 
572500.00 7747500.00 -9267.82 
577500.00 7747500.00 -9388.31 
402500.00 7752500.00 -1318.79 
407500.00 7752500.00 -1380.29 
412500.00 7752500.00 -1528.95 
417500.00 7752500.00 -2206.85 
422500.00 7752500.00 -2734.74 
427500.00 7752500.00 -3380.70 
432500.00 7752500.00 -4299.88 
437500.00 7752500.00 -5000.14 
442500.00 7752500.00 -5675.59 
447500.00 7752500.00 -5777.20 
452500.00 7752500.00 -5658.79 
457500.00 7752500.00 -5502.27 
462500.00 7752500.00 -5635.80 
467500.00 7752500.00 -5864.49 
472500.00 7752500.00 -6386.35 
477500.00 7752500.00 -5269.75 
482500.00 7752500.00 -6690.68 
487500.00 7752500.00 -6949.60 
492500.00 7752500.00 -5447.80 
497500.00 7752500.00 -5982.11 
502500.00 7752500.00 -6454.08 
507500.00 7752500.00 -7374.37 
512500.00 7752500.00 -7909.96 
517500.00 7752500.00 -7795.60 
522500.00 7752500.00 -7598.77 
527500.00 7752500.00 -8085.07 
532500.00 7752500.00 -7963.74 
537500.00 7752500.00 -6880.22 
542500.00 7752500.00 -7959.15 
547500.00 7752500.00 -7588.30 
552500.00 7752500.00 -8309.00 
557500.00 7752500.00 -7826.46 
562500.00 7752500.00 -8010.44 
567500.00 7752500.00 -8477.71 
572500.00 7752500.00 -9240.25 
577500.00 7752500.00 -7591.12 
402500.00 7757500.00 -1166.96 
407500.00 7757500.00 -1354.30 
412500.00 7757500.00 -1433.54 
417500.00 7757500.00 -1941.84 
422500.00 7757500.00 -2620.58 
427500.00 7757500.00 -3348.45 
432500.00 7757500.00 -4294.93 
437500.00 7757500.00 -4888.78 
442500.00 7757500.00 -5385.69 
447500.00 7757500.00 -5932.90 
452500.00 7757500.00 -5747.59 
457500.00 7757500.00 -5608.59 
462500.00 7757500.00 -5808.35 
467500.00 7757500.00 -6009.09 
472500.00 7757500.00 -6291.22 
477500.00 7757500.00 -5824.18 
482500.00 7757500.00 -6843.71 
487500.00 7757500.00 -6862.21 
492500.00 7757500.00 -6342.32 
497500.00 7757500.00 -6582.19 
502500.00 7757500.00 -6000.58 
507500.00 7757500.00 -7054.22 
512500.00 7757500.00 -6888.10 
517500.00 7757500.00 -7135.68 
522500.00 7757500.00 -7821.38 
527500.00 7757500.00 -8327.06 
532500.00 7757500.00 -8068.85 
537500.00 7757500.00 -7530.93 
542500.00 7757500.00 -4830.79 
547500.00 7757500.00 -5375.20 
552500.00 7757500.00 -8495.87 
557500.00 7757500.00 -7793.96 
562500.00 7757500.00 -8336.29 
567500.00 7757500.00 -8979.42 
572500.00 7757500.00 -9000.64 
577500.00 7757500.00 -8953.67 
402500.00 7762500.00 -1019.35 
407500.00 7762500.00 -1179.04 
412500.00 7762500.00 -1427.97 
417500.00 7762500.00 -2185.97 
422500.00 7762500.00 -2682.96 
427500.00 7762500.00 -3318.48 
432500.00 7762500.00 -4249.10 
437500.00 7762500.00 -4712.79 
442500.00 7762500.00 -5112.74 
447500.00 7762500.00 -5609.65 
452500.00 7762500.00 -5720.74 
457500.00 7762500.00 -5871.33 
462500.00 7762500.00 -6046.72 
467500.00 7762500.00 -6044.41 
472500.00 7762500.00 -6403.26 
477500.00 7762500.00 -5715.13 
482500.00 7762500.00 -6650.68 
487500.00 7762500.00 -6756.87 
492500.00 7762500.00 -6776.69 
497500.00 7762500.00 -6747.96 
502500.00 7762500.00 -5715.05 
507500.00 7762500.00 -6333.79 
512500.00 7762500.00 -7090.87 
517500.00 7762500.00 -7452.18 
522500.00 7762500.00 -7665.58 
527500.00 7762500.00 -7758.98 
532500.00 7762500.00 -7357.83 
537500.00 7762500.00 -7277.19 
542500.00 7762500.00 -7665.57 
547500.00 7762500.00 -7913.85 
552500.00 7762500.00 -8502.11 
557500.00 7762500.00 -7854.30 
562500.00 7762500.00 -7826.88 
567500.00 7762500.00 -8436.36 
572500.00 7762500.00 -8849.45 
577500.00 7762500.00 -8895.97 
402500.00 7767500.00 -1012.00 
407500.00 7767500.00 -1209.85 
412500.00 7767500.00 -1419.88 
417500.00 7767500.00 -2233.56 
422500.00 7767500.00 -2728.33 
427500.00 7767500.00 -3242.46 
432500.00 7767500.00 -4239.59 
437500.00 7767500.00 -4698.94 
442500.00 7767500.00 -5129.41 
447500.00 7767500.00 -5490.80 
452500.00 7767500.00 -5735.72 
457500.00 7767500.00 -6072.63 
462500.00 7767500.00 -5983.28 
467500.00 7767500.00 -6096.73 
472500.00 7767500.00 -6270.79 
477500.00 7767500.00 -5883.19 
482500.00 7767500.00 -6487.14 
487500.00 7767500.00 -6541.19 
492500.00 7767500.00 -6391.50 
497500.00 7767500.00 -6379.50 
502500.00 7767500.00 -7361.10 
507500.00 7767500.00 -7227.92 
512500.00 7767500.00 -7095.24 
517500.00 7767500.00 -7077.51 
522500.00 7767500.00 -7929.39 
527500.00 7767500.00 -7916.05 
532500.00 7767500.00 -7584.05 
537500.00 7767500.00 -7489.22 
542500.00 7767500.00 -8248.90 
547500.00 7767500.00 -8270.32 
552500.00 7767500.00 -8153.90 
557500.00 7767500.00 -8198.97 
562500.00 7767500.00 -7992.89 
567500.00 7767500.00 -8630.46 
572500.00 7767500.00 -9140.25 
577500.00 7767500.00 -9314.59 
402500.00 7772500.00 -877.41 
407500.00 7772500.00 -1211.03 
412500.00 7772500.00 -1601.61 
417500.00 7772500.00 -2302.37 
422500.00 7772500.00 -2966.42 
427500.00 7772500.00 -3318.92 
432500.00 7772500.00 -4067.07 
437500.00 7772500.00 -4673.57 
442500.00 7772500.00 -4976.20 
447500.00 7772500.00 -5280.93 
452500.00 7772500.00 -5691.25 
457500.00 7772500.00 -5936.65 
462500.00 7772500.00 -5913.14 
467500.00 7772500.00 -6152.42 
472500.00 7772500.00 -6169.63 
477500.00 7772500.00 -6492.24 
482500.00 7772500.00 -6254.65 
487500.00 7772500.00 -6071.81 
492500.00 7772500.00 -7209.33 
497500.00 7772500.00 -7453.04 
502500.00 7772500.00 -7718.52 
507500.00 7772500.00 -7707.44 
512500.00 7772500.00 -7696.22 
517500.00 7772500.00 -6988.77 
522500.00 7772500.00 -7433.68 
527500.00 7772500.00 -7438.73 
532500.00 7772500.00 -7890.90 
537500.00 7772500.00 -8297.75 
542500.00 7772500.00 -9066.02 
547500.00 7772500.00 -9051.50 
552500.00 7772500.00 -9495.73 
557500.00 7772500.00 -9117.07 
562500.00 7772500.00 -9065.71 
567500.00 7772500.00 -9088.44 
572500.00 7772500.00 -9044.73 
577500.00 7772500.00 -9307.12 
402500.00 7777500.00 -818.92 
407500.00 7777500.00 -1229.91 
412500.00 7777500.00 -1710.93 
417500.00 7777500.00 -2219.25 
422500.00 7777500.00 -3007.65 
427500.00 7777500.00 -3411.47 
432500.00 7777500.00 -4046.85 
437500.00 7777500.00 -4424.92 
442500.00 7777500.00 -4772.10 
447500.00 7777500.00 -5136.24 
452500.00 7777500.00 -5657.15 
457500.00 7777500.00 -6016.47 
462500.00 7777500.00 -5964.00 
467500.00 7777500.00 -5839.64 
472500.00 7777500.00 -6215.71 
477500.00 7777500.00 -6448.02 
482500.00 7777500.00 -6150.78 
487500.00 7777500.00 -6043.86 
492500.00 7777500.00 -7393.61 
497500.00 7777500.00 -7763.13 
502500.00 7777500.00 -7365.14 
507500.00 7777500.00 -7553.85 
512500.00 7777500.00 -7802.24 
517500.00 7777500.00 -7359.70 
522500.00 7777500.00 -7854.93 
527500.00 7777500.00 -7868.30 
532500.00 7777500.00 -8971.45 
537500.00 7777500.00 -9759.29 
542500.00 7777500.00 -8964.92 
547500.00 7777500.00 -8608.45 
552500.00 7777500.00 -9359.29 
557500.00 7777500.00 -9214.43 
562500.00 7777500.00 -9550.85 
567500.00 7777500.00 -9766.95 
572500.00 7777500.00 -9143.79 
577500.00 7777500.00 -8995.43 
402500.00 7782500.00 -966.70 
407500.00 7782500.00 -1350.17 
412500.00 7782500.00 -1818.78 
417500.00 7782500.00 -2259.98 
422500.00 7782500.00 -3052.77 
427500.00 7782500.00 -3563.59 
432500.00 7782500.00 -4133.97 
437500.00 7782500.00 -4276.31 
442500.00 7782500.00 -4460.44 
447500.00 7782500.00 -4877.76 
452500.00 7782500.00 -5468.70 
457500.00 7782500.00 -5919.00 
462500.00 7782500.00 -5987.50 
467500.00 7782500.00 -5826.56 
472500.00 7782500.00 -6278.77 
477500.00 7782500.00 -6160.20 
482500.00 7782500.00 -5803.27 
487500.00 7782500.00 -7283.54 
492500.00 7782500.00 -7787.02 
497500.00 7782500.00 -7559.91 
502500.00 7782500.00 -6523.77 
507500.00 7782500.00 -7617.11 
512500.00 7782500.00 -8002.65 
517500.00 7782500.00 -8002.12 
522500.00 7782500.00 -7611.73 
527500.00 7782500.00 -8153.08 
532500.00 7782500.00 -9752.94 
537500.00 7782500.00 -9337.52 
542500.00 7782500.00 -7902.49 
547500.00 7782500.00 -7373.38 
552500.00 7782500.00 -9305.55 
557500.00 7782500.00 -9456.86 
562500.00 7782500.00 -9273.50 
567500.00 7782500.00 -9491.21 
572500.00 7782500.00 -9407.83 
577500.00 7782500.00 -9201.78 
402500.00 7787500.00 -1186.27 
407500.00 7787500.00 -1445.96 
412500.00 7787500.00 -1939.99 
417500.00 7787500.00 -2228.90 
422500.00 7787500.00 -2857.21 
427500.00 7787500.00 -3432.67 
432500.00 7787500.00 -4050.24 
437500.00 7787500.00 -4383.69 
442500.00 7787500.00 -4421.15 
447500.00 7787500.00 -4775.26 
452500.00 7787500.00 -5600.27 
457500.00 7787500.00 -6060.18 
462500.00 7787500.00 -6180.33 
467500.00 7787500.00 -5934.19 
472500.00 7787500.00 -6414.80 
477500.00 7787500.00 -6811.61 
482500.00 7787500.00 -6492.45 
487500.00 7787500.00 -7239.21 
492500.00 7787500.00 -8062.15 
497500.00 7787500.00 -7073.42 
502500.00 7787500.00 -5553.71 
507500.00 7787500.00 -7741.19 
512500.00 7787500.00 -8129.97 
517500.00 7787500.00 -8278.42 
522500.00 7787500.00 -5762.56 
527500.00 7787500.00 -7933.19 
532500.00 7787500.00 -10147.65 
537500.00 7787500.00 -8844.58 
542500.00 7787500.00 -8233.46 
547500.00 7787500.00 -8084.43 
552500.00 7787500.00 -8979.10 
557500.00 7787500.00 -9197.00 
562500.00 7787500.00 -9147.84 
567500.00 7787500.00 -9175.20 
572500.00 7787500.00 -9317.26 
577500.00 7787500.00 -9231.36 
402500.00 7792500.00 -1298.39 
407500.00 7792500.00 -1440.15 
412500.00 7792500.00 -1859.05 
417500.00 7792500.00 -2236.35 
422500.00 7792500.00 -2796.24 
427500.00 7792500.00 -3310.96 
432500.00 7792500.00 -4011.31 
437500.00 7792500.00 -4506.55 
442500.00 7792500.00 -4811.24 
447500.00 7792500.00 -4821.33 
452500.00 7792500.00 -5410.03 
457500.00 7792500.00 -5817.00 
462500.00 7792500.00 -5945.08 
467500.00 7792500.00 -6252.58 
472500.00 7792500.00 -6170.90 
477500.00 7792500.00 -6442.24 
482500.00 7792500.00 -6762.37 
487500.00 7792500.00 -7052.70 
492500.00 7792500.00 -6623.43 
497500.00 7792500.00 -7113.31 
502500.00 7792500.00 -7789.39 
507500.00 7792500.00 -8085.76 
512500.00 7792500.00 -8218.36 
517500.00 7792500.00 -8076.35 
522500.00 7792500.00 -7127.21 
527500.00 7792500.00 -8165.34 
532500.00 7792500.00 -8965.56 
537500.00 7792500.00 -8588.72 
542500.00 7792500.00 -8754.22 
547500.00 7792500.00 -8816.37 
552500.00 7792500.00 -8904.04 
557500.00 7792500.00 -8998.98 
562500.00 7792500.00 -9249.14 
567500.00 7792500.00 -9200.01 
572500.00 7792500.00 -9230.12 
577500.00 7792500.00 -9201.33 
402500.00 7797500.00 -1227.37 
407500.00 7797500.00 -1321.19 
412500.00 7797500.00 -1791.98 
417500.00 7797500.00 -2243.15 
422500.00 7797500.00 -2624.60 
427500.00 7797500.00 -3036.44 
432500.00 7797500.00 -4269.90 
437500.00 7797500.00 -4774.32 
442500.00 7797500.00 -5059.18 
447500.00 7797500.00 -5044.93 
452500.00 7797500.00 -5429.88 
457500.00 7797500.00 -5783.89 
462500.00 7797500.00 -6079.65 
467500.00 7797500.00 -6372.70 
472500.00 7797500.00 -6055.94 
477500.00 7797500.00 -6595.76 
482500.00 7797500.00 -6980.99 
487500.00 7797500.00 -7396.02 
492500.00 7797500.00 -6262.67 
497500.00 7797500.00 -6517.36 
502500.00 7797500.00 -7325.05 
507500.00 7797500.00 -7366.75 
512500.00 7797500.00 -7808.57 
517500.00 7797500.00 -7813.25 
522500.00 7797500.00 -7858.66 
527500.00 7797500.00 -7978.97 
532500.00 7797500.00 -8366.40 
537500.00 7797500.00 -8536.57 
542500.00 7797500.00 -8674.13 
547500.00 7797500.00 -8746.34 
552500.00 7797500.00 -8882.07 
557500.00 7797500.00 -8965.32 
562500.00 7797500.00 -9154.66 
567500.00 7797500.00 -9140.57 
572500.00 7797500.00 -9213.62 
577500.00 7797500.00 -9201.89 
402500.00 7802500.00 -1121.19 
407500.00 7802500.00 -1167.38 
412500.00 7802500.00 -1670.44 
417500.00 7802500.00 -2168.32 
422500.00 7802500.00 -2848.29 
427500.00 7802500.00 -3285.95 
432500.00 7802500.00 -4198.71 
437500.00 7802500.00 -4799.38 
442500.00 7802500.00 -5125.82 
447500.00 7802500.00 -5388.69 
452500.00 7802500.00 -5613.34 
457500.00 7802500.00 -5783.53 
462500.00 7802500.00 -6275.69 
467500.00 7802500.00 -6345.38 
472500.00 7802500.00 -6541.36 
477500.00 7802500.00 -6019.39 
482500.00 7802500.00 -5537.78 
487500.00 7802500.00 -6888.28 
492500.00 7802500.00 -6296.63 
497500.00 7802500.00 -4613.11 
502500.00 7802500.00 -6511.43 
507500.00 7802500.00 -6880.75 
512500.00 7802500.00 -7312.87 
517500.00 7802500.00 -7631.47 
522500.00 7802500.00 -7900.65 
527500.00 7802500.00 -8010.07 
532500.00 7802500.00 -8204.63 
537500.00 7802500.00 -8304.81 
542500.00 7802500.00 -8569.11 
547500.00 7802500.00 -8654.28 
552500.00 7802500.00 -8723.83 
557500.00 7802500.00 -8785.99 
562500.00 7802500.00 -8958.20 
567500.00 7802500.00 -8849.69 
572500.00 7802500.00 -8923.43 
577500.00 7802500.00 -8849.47 
