# Petrel Points with attributes
# Unit in X and Y direction: m
# Unit in depth: m
VERSION 1
BEGIN HEADER
X
Y
Z
END HEADER
402500.00 7652500.00 -4556.69 
407500.00 7652500.00 -5039.46 
412500.00 7652500.00 -5223.03 
417500.00 7652500.00 -5178.31 
422500.00 7652500.00 -5261.43 
427500.00 7652500.00 -5179.76 
432500.00 7652500.00 -5204.22 
437500.00 7652500.00 -5805.60 
442500.00 7652500.00 -5540.29 
447500.00 7652500.00 -5875.61 
452500.00 7652500.00 -5869.55 
457500.00 7652500.00 -5783.25 
462500.00 7652500.00 -5970.95 
467500.00 7652500.00 -4549.14 
472500.00 7652500.00 -3471.59 
477500.00 7652500.00 -4492.91 
482500.00 7652500.00 -5427.28 
487500.00 7652500.00 -6391.96 
492500.00 7652500.00 -6364.16 
497500.00 7652500.00 -4883.92 
502500.00 7652500.00 -5641.70 
507500.00 7652500.00 -4376.35 
512500.00 7652500.00 -4516.92 
517500.00 7652500.00 -6020.65 
522500.00 7652500.00 -6929.04 
527500.00 7652500.00 -6848.56 
532500.00 7652500.00 -7049.79 
537500.00 7652500.00 -5745.41 
542500.00 7652500.00 -4573.15 
547500.00 7652500.00 -4099.61 
552500.00 7652500.00 -5740.61 
557500.00 7652500.00 -7061.25 
562500.00 7652500.00 -6994.12 
567500.00 7652500.00 -6738.96 
572500.00 7652500.00 -6579.65 
577500.00 7652500.00 -6416.87 
402500.00 7657500.00 -4544.61 
407500.00 7657500.00 -4821.30 
412500.00 7657500.00 -5450.18 
417500.00 7657500.00 -5362.39 
422500.00 7657500.00 -5191.81 
427500.00 7657500.00 -5150.82 
432500.00 7657500.00 -5284.31 
437500.00 7657500.00 -5478.47 
442500.00 7657500.00 -5573.54 
447500.00 7657500.00 -5808.20 
452500.00 7657500.00 -5243.67 
457500.00 7657500.00 -5081.51 
462500.00 7657500.00 -5095.94 
467500.00 7657500.00 -4950.39 
472500.00 7657500.00 -3479.15 
477500.00 7657500.00 -4375.17 
482500.00 7657500.00 -6596.53 
487500.00 7657500.00 -5551.66 
492500.00 7657500.00 -4571.10 
497500.00 7657500.00 -4305.24 
502500.00 7657500.00 -5241.73 
507500.00 7657500.00 -4023.38 
512500.00 7657500.00 -3778.83 
517500.00 7657500.00 -5561.41 
522500.00 7657500.00 -6985.67 
527500.00 7657500.00 -6798.03 
532500.00 7657500.00 -6169.96 
537500.00 7657500.00 -5972.48 
542500.00 7657500.00 -4860.82 
547500.00 7657500.00 -4705.81 
552500.00 7657500.00 -5984.44 
557500.00 7657500.00 -7375.24 
562500.00 7657500.00 -7395.01 
567500.00 7657500.00 -7182.50 
572500.00 7657500.00 -6967.66 
577500.00 7657500.00 -6938.26 
402500.00 7662500.00 -4649.13 
407500.00 7662500.00 -4646.58 
412500.00 7662500.00 -5229.14 
417500.00 7662500.00 -5326.61 
422500.00 7662500.00 -5173.13 
427500.00 7662500.00 -5233.00 
432500.00 7662500.00 -5291.87 
437500.00 7662500.00 -5308.40 
442500.00 7662500.00 -5520.02 
447500.00 7662500.00 -4836.51 
452500.00 7662500.00 -4709.82 
457500.00 7662500.00 -5843.48 
462500.00 7662500.00 -5387.03 
467500.00 7662500.00 -5058.63 
472500.00 7662500.00 -4268.67 
477500.00 7662500.00 -4605.83 
482500.00 7662500.00 -5956.45 
487500.00 7662500.00 -4389.52 
492500.00 7662500.00 -5265.39 
497500.00 7662500.00 -5099.05 
502500.00 7662500.00 -7146.63 
507500.00 7662500.00 -5152.41 
512500.00 7662500.00 -3791.65 
517500.00 7662500.00 -4807.32 
522500.00 7662500.00 -7406.66 
527500.00 7662500.00 -5880.87 
532500.00 7662500.00 -6967.42 
537500.00 7662500.00 -5492.51 
542500.00 7662500.00 -4619.11 
547500.00 7662500.00 -5062.64 
552500.00 7662500.00 -5103.46 
557500.00 7662500.00 -7128.27 
562500.00 7662500.00 -7855.12 
567500.00 7662500.00 -7540.93 
572500.00 7662500.00 -7296.37 
577500.00 7662500.00 -7457.01 
402500.00 7667500.00 -4383.63 
407500.00 7667500.00 -4605.49 
412500.00 7667500.00 -4983.36 
417500.00 7667500.00 -5231.01 
422500.00 7667500.00 -5362.75 
427500.00 7667500.00 -5248.06 
432500.00 7667500.00 -4775.08 
437500.00 7667500.00 -5202.02 
442500.00 7667500.00 -5582.16 
447500.00 7667500.00 -4946.68 
452500.00 7667500.00 -5146.47 
457500.00 7667500.00 -6274.41 
462500.00 7667500.00 -5719.08 
467500.00 7667500.00 -5583.83 
472500.00 7667500.00 -6340.63 
477500.00 7667500.00 -4797.57 
482500.00 7667500.00 -5996.55 
487500.00 7667500.00 -5388.25 
492500.00 7667500.00 -5433.04 
497500.00 7667500.00 -5571.16 
502500.00 7667500.00 -8245.29 
507500.00 7667500.00 -6122.13 
512500.00 7667500.00 -4100.04 
517500.00 7667500.00 -4695.30 
522500.00 7667500.00 -6432.05 
527500.00 7667500.00 -5492.07 
532500.00 7667500.00 -7730.98 
537500.00 7667500.00 -7527.20 
542500.00 7667500.00 -5492.93 
547500.00 7667500.00 -5505.78 
552500.00 7667500.00 -5564.01 
557500.00 7667500.00 -6709.52 
562500.00 7667500.00 -7565.98 
567500.00 7667500.00 -7392.43 
572500.00 7667500.00 -7064.13 
577500.00 7667500.00 -7088.09 
402500.00 7672500.00 -3843.64 
407500.00 7672500.00 -4022.46 
412500.00 7672500.00 -4646.89 
417500.00 7672500.00 -5219.26 
422500.00 7672500.00 -5279.38 
427500.00 7672500.00 -5261.01 
432500.00 7672500.00 -5312.26 
437500.00 7672500.00 -5509.43 
442500.00 7672500.00 -5531.77 
447500.00 7672500.00 -4840.90 
452500.00 7672500.00 -5400.15 
457500.00 7672500.00 -6088.47 
462500.00 7672500.00 -6076.24 
467500.00 7672500.00 -5145.90 
472500.00 7672500.00 -6334.35 
477500.00 7672500.00 -5698.15 
482500.00 7672500.00 -5923.53 
487500.00 7672500.00 -6770.42 
492500.00 7672500.00 -5324.55 
497500.00 7672500.00 -6486.72 
502500.00 7672500.00 -7384.07 
507500.00 7672500.00 -5333.84 
512500.00 7672500.00 -4389.21 
517500.00 7672500.00 -5205.48 
522500.00 7672500.00 -5665.76 
527500.00 7672500.00 -5513.04 
532500.00 7672500.00 -7648.55 
537500.00 7672500.00 -7807.94 
542500.00 7672500.00 -5587.85 
547500.00 7672500.00 -5168.16 
552500.00 7672500.00 -5992.49 
557500.00 7672500.00 -6397.52 
562500.00 7672500.00 -6826.10 
567500.00 7672500.00 -6725.69 
572500.00 7672500.00 -6770.53 
577500.00 7672500.00 -6909.05 
402500.00 7677500.00 -3672.60 
407500.00 7677500.00 -3859.47 
412500.00 7677500.00 -4346.06 
417500.00 7677500.00 -4989.93 
422500.00 7677500.00 -5239.74 
427500.00 7677500.00 -5277.29 
432500.00 7677500.00 -5233.80 
437500.00 7677500.00 -5295.28 
442500.00 7677500.00 -5483.43 
447500.00 7677500.00 -5388.61 
452500.00 7677500.00 -5857.97 
457500.00 7677500.00 -6139.67 
462500.00 7677500.00 -6077.78 
467500.00 7677500.00 -4931.03 
472500.00 7677500.00 -6268.40 
477500.00 7677500.00 -5905.67 
482500.00 7677500.00 -5194.35 
487500.00 7677500.00 -6773.20 
492500.00 7677500.00 -5161.29 
497500.00 7677500.00 -7319.91 
502500.00 7677500.00 -5676.55 
507500.00 7677500.00 -4462.14 
512500.00 7677500.00 -4239.08 
517500.00 7677500.00 -4614.44 
522500.00 7677500.00 -6486.57 
527500.00 7677500.00 -6604.32 
532500.00 7677500.00 -7937.11 
537500.00 7677500.00 -7939.59 
542500.00 7677500.00 -6315.21 
547500.00 7677500.00 -5450.51 
552500.00 7677500.00 -5756.51 
557500.00 7677500.00 -6632.30 
562500.00 7677500.00 -7211.24 
567500.00 7677500.00 -7001.05 
572500.00 7677500.00 -6790.24 
577500.00 7677500.00 -7362.43 
402500.00 7682500.00 -3502.21 
407500.00 7682500.00 -3720.25 
412500.00 7682500.00 -4072.22 
417500.00 7682500.00 -4582.58 
422500.00 7682500.00 -5022.31 
427500.00 7682500.00 -5135.43 
432500.00 7682500.00 -5132.47 
437500.00 7682500.00 -5150.34 
442500.00 7682500.00 -5512.61 
447500.00 7682500.00 -5854.74 
452500.00 7682500.00 -5559.47 
457500.00 7682500.00 -5411.29 
462500.00 7682500.00 -5885.50 
467500.00 7682500.00 -4941.73 
472500.00 7682500.00 -5756.60 
477500.00 7682500.00 -6034.71 
482500.00 7682500.00 -5050.61 
487500.00 7682500.00 -6556.96 
492500.00 7682500.00 -5331.51 
497500.00 7682500.00 -7151.57 
502500.00 7682500.00 -6513.30 
507500.00 7682500.00 -7465.63 
512500.00 7682500.00 -5683.72 
517500.00 7682500.00 -5816.04 
522500.00 7682500.00 -6508.99 
527500.00 7682500.00 -5595.94 
532500.00 7682500.00 -7606.62 
537500.00 7682500.00 -8125.78 
542500.00 7682500.00 -7200.24 
547500.00 7682500.00 -6384.32 
552500.00 7682500.00 -7490.94 
557500.00 7682500.00 -7231.99 
562500.00 7682500.00 -7137.94 
567500.00 7682500.00 -7052.39 
572500.00 7682500.00 -7216.55 
577500.00 7682500.00 -7619.19 
402500.00 7687500.00 -3321.85 
407500.00 7687500.00 -3542.51 
412500.00 7687500.00 -3889.85 
417500.00 7687500.00 -4275.91 
422500.00 7687500.00 -4844.05 
427500.00 7687500.00 -5060.42 
432500.00 7687500.00 -5169.71 
437500.00 7687500.00 -5250.59 
442500.00 7687500.00 -5393.72 
447500.00 7687500.00 -5425.42 
452500.00 7687500.00 -5540.09 
457500.00 7687500.00 -5522.74 
462500.00 7687500.00 -5523.50 
467500.00 7687500.00 -4849.30 
472500.00 7687500.00 -5860.14 
477500.00 7687500.00 -6055.97 
482500.00 7687500.00 -6166.88 
487500.00 7687500.00 -6413.51 
492500.00 7687500.00 -6420.33 
497500.00 7687500.00 -6115.21 
502500.00 7687500.00 -7722.18 
507500.00 7687500.00 -7514.64 
512500.00 7687500.00 -6379.02 
517500.00 7687500.00 -5355.64 
522500.00 7687500.00 -6591.48 
527500.00 7687500.00 -5803.96 
532500.00 7687500.00 -6768.16 
537500.00 7687500.00 -8011.47 
542500.00 7687500.00 -7637.28 
547500.00 7687500.00 -5864.46 
552500.00 7687500.00 -5191.71 
557500.00 7687500.00 -5283.83 
562500.00 7687500.00 -6672.56 
567500.00 7687500.00 -7022.56 
572500.00 7687500.00 -7628.15 
577500.00 7687500.00 -7692.31 
402500.00 7692500.00 -3015.82 
407500.00 7692500.00 -3290.09 
412500.00 7692500.00 -3576.49 
417500.00 7692500.00 -3812.16 
422500.00 7692500.00 -4682.04 
427500.00 7692500.00 -5023.59 
432500.00 7692500.00 -4997.33 
437500.00 7692500.00 -5096.14 
442500.00 7692500.00 -5400.12 
447500.00 7692500.00 -5283.53 
452500.00 7692500.00 -5181.38 
457500.00 7692500.00 -5429.60 
462500.00 7692500.00 -5049.64 
467500.00 7692500.00 -4838.33 
472500.00 7692500.00 -5220.26 
477500.00 7692500.00 -5485.67 
482500.00 7692500.00 -6527.59 
487500.00 7692500.00 -5502.48 
492500.00 7692500.00 -6202.87 
497500.00 7692500.00 -6156.30 
502500.00 7692500.00 -7541.42 
507500.00 7692500.00 -6144.24 
512500.00 7692500.00 -4922.55 
517500.00 7692500.00 -3935.54 
522500.00 7692500.00 -5009.28 
527500.00 7692500.00 -5335.31 
532500.00 7692500.00 -5384.32 
537500.00 7692500.00 -7421.17 
542500.00 7692500.00 -7790.98 
547500.00 7692500.00 -6381.07 
552500.00 7692500.00 -5938.98 
557500.00 7692500.00 -6314.33 
562500.00 7692500.00 -6685.94 
567500.00 7692500.00 -6936.07 
572500.00 7692500.00 -7501.61 
577500.00 7692500.00 -7941.72 
402500.00 7697500.00 -2679.18 
407500.00 7697500.00 -3077.34 
412500.00 7697500.00 -3400.01 
417500.00 7697500.00 -3655.67 
422500.00 7697500.00 -4256.82 
427500.00 7697500.00 -4807.75 
432500.00 7697500.00 -4910.40 
437500.00 7697500.00 -5034.94 
442500.00 7697500.00 -5299.15 
447500.00 7697500.00 -5486.33 
452500.00 7697500.00 -5364.37 
457500.00 7697500.00 -5444.56 
462500.00 7697500.00 -5707.07 
467500.00 7697500.00 -5535.11 
472500.00 7697500.00 -5682.21 
477500.00 7697500.00 -5318.37 
482500.00 7697500.00 -6234.11 
487500.00 7697500.00 -5190.56 
492500.00 7697500.00 -5921.19 
497500.00 7697500.00 -6364.79 
502500.00 7697500.00 -6960.46 
507500.00 7697500.00 -7523.38 
512500.00 7697500.00 -6644.89 
517500.00 7697500.00 -4787.88 
522500.00 7697500.00 -4127.95 
527500.00 7697500.00 -4559.68 
532500.00 7697500.00 -5165.74 
537500.00 7697500.00 -6889.41 
542500.00 7697500.00 -7671.04 
547500.00 7697500.00 -6497.04 
552500.00 7697500.00 -5602.77 
557500.00 7697500.00 -6623.67 
562500.00 7697500.00 -6629.52 
567500.00 7697500.00 -6859.72 
572500.00 7697500.00 -7628.00 
577500.00 7697500.00 -8051.68 
402500.00 7702500.00 -2406.85 
407500.00 7702500.00 -2914.79 
412500.00 7702500.00 -3307.57 
417500.00 7702500.00 -3529.30 
422500.00 7702500.00 -4017.24 
427500.00 7702500.00 -4741.24 
432500.00 7702500.00 -5086.52 
437500.00 7702500.00 -5140.90 
442500.00 7702500.00 -5263.44 
447500.00 7702500.00 -5400.88 
452500.00 7702500.00 -5578.77 
457500.00 7702500.00 -5677.39 
462500.00 7702500.00 -5713.56 
467500.00 7702500.00 -5843.28 
472500.00 7702500.00 -5902.53 
477500.00 7702500.00 -6040.51 
482500.00 7702500.00 -6513.16 
487500.00 7702500.00 -5750.90 
492500.00 7702500.00 -5906.76 
497500.00 7702500.00 -6827.38 
502500.00 7702500.00 -6574.79 
507500.00 7702500.00 -7227.34 
512500.00 7702500.00 -5965.67 
517500.00 7702500.00 -4649.79 
522500.00 7702500.00 -4139.42 
527500.00 7702500.00 -5112.52 
532500.00 7702500.00 -7054.10 
537500.00 7702500.00 -7119.38 
542500.00 7702500.00 -7824.71 
547500.00 7702500.00 -7253.09 
552500.00 7702500.00 -4481.64 
557500.00 7702500.00 -5152.42 
562500.00 7702500.00 -6506.46 
567500.00 7702500.00 -6925.26 
572500.00 7702500.00 -7567.12 
577500.00 7702500.00 -7885.40 
402500.00 7707500.00 -1978.32 
407500.00 7707500.00 -2880.12 
412500.00 7707500.00 -3247.17 
417500.00 7707500.00 -3484.26 
422500.00 7707500.00 -3939.82 
427500.00 7707500.00 -4542.13 
432500.00 7707500.00 -5064.94 
437500.00 7707500.00 -5229.68 
442500.00 7707500.00 -5369.30 
447500.00 7707500.00 -5409.10 
452500.00 7707500.00 -5486.67 
457500.00 7707500.00 -5529.27 
462500.00 7707500.00 -4783.08 
467500.00 7707500.00 -5589.70 
472500.00 7707500.00 -5906.17 
477500.00 7707500.00 -6363.79 
482500.00 7707500.00 -6638.31 
487500.00 7707500.00 -5810.59 
492500.00 7707500.00 -6369.39 
497500.00 7707500.00 -6851.50 
502500.00 7707500.00 -6464.29 
507500.00 7707500.00 -5194.07 
512500.00 7707500.00 -5560.41 
517500.00 7707500.00 -5721.64 
522500.00 7707500.00 -5045.07 
527500.00 7707500.00 -6039.75 
532500.00 7707500.00 -6371.80 
537500.00 7707500.00 -6633.04 
542500.00 7707500.00 -7772.57 
547500.00 7707500.00 -7171.04 
552500.00 7707500.00 -4644.92 
557500.00 7707500.00 -4742.72 
562500.00 7707500.00 -6384.53 
567500.00 7707500.00 -6953.75 
572500.00 7707500.00 -7227.98 
577500.00 7707500.00 -7425.60 
402500.00 7712500.00 -1875.74 
407500.00 7712500.00 -2683.36 
412500.00 7712500.00 -3101.62 
417500.00 7712500.00 -3364.96 
422500.00 7712500.00 -3740.38 
427500.00 7712500.00 -4198.87 
432500.00 7712500.00 -5078.79 
437500.00 7712500.00 -5425.28 
442500.00 7712500.00 -5625.15 
447500.00 7712500.00 -5503.68 
452500.00 7712500.00 -5427.58 
457500.00 7712500.00 -5602.30 
462500.00 7712500.00 -5189.21 
467500.00 7712500.00 -5778.12 
472500.00 7712500.00 -5982.42 
477500.00 7712500.00 -5160.80 
482500.00 7712500.00 -6325.27 
487500.00 7712500.00 -6091.02 
492500.00 7712500.00 -6510.85 
497500.00 7712500.00 -6144.62 
502500.00 7712500.00 -7159.60 
507500.00 7712500.00 -6827.64 
512500.00 7712500.00 -6229.15 
517500.00 7712500.00 -7089.57 
522500.00 7712500.00 -6569.00 
527500.00 7712500.00 -7316.89 
532500.00 7712500.00 -7306.77 
537500.00 7712500.00 -6135.92 
542500.00 7712500.00 -7744.92 
547500.00 7712500.00 -7309.79 
552500.00 7712500.00 -4669.16 
557500.00 7712500.00 -4184.23 
562500.00 7712500.00 -6962.04 
567500.00 7712500.00 -7171.35 
572500.00 7712500.00 -7087.80 
577500.00 7712500.00 -7261.24 
402500.00 7717500.00 -1787.73 
407500.00 7717500.00 -2406.90 
412500.00 7717500.00 -2918.28 
417500.00 7717500.00 -3179.80 
422500.00 7717500.00 -3622.08 
427500.00 7717500.00 -4135.48 
432500.00 7717500.00 -5056.47 
437500.00 7717500.00 -5318.75 
442500.00 7717500.00 -5474.19 
447500.00 7717500.00 -5524.05 
452500.00 7717500.00 -5495.20 
457500.00 7717500.00 -5485.87 
462500.00 7717500.00 -5568.89 
467500.00 7717500.00 -5505.57 
472500.00 7717500.00 -6082.02 
477500.00 7717500.00 -5158.93 
482500.00 7717500.00 -6095.75 
487500.00 7717500.00 -6633.49 
492500.00 7717500.00 -5892.43 
497500.00 7717500.00 -6801.19 
502500.00 7717500.00 -7100.33 
507500.00 7717500.00 -7523.11 
512500.00 7717500.00 -5867.52 
517500.00 7717500.00 -6984.31 
522500.00 7717500.00 -5937.86 
527500.00 7717500.00 -6982.19 
532500.00 7717500.00 -8307.44 
537500.00 7717500.00 -6851.73 
542500.00 7717500.00 -6352.33 
547500.00 7717500.00 -7163.00 
552500.00 7717500.00 -4915.34 
557500.00 7717500.00 -4175.30 
562500.00 7717500.00 -7232.03 
567500.00 7717500.00 -7350.93 
572500.00 7717500.00 -7177.53 
577500.00 7717500.00 -7293.07 
402500.00 7722500.00 -1602.96 
407500.00 7722500.00 -2181.28 
412500.00 7722500.00 -2655.40 
417500.00 7722500.00 -3165.07 
422500.00 7722500.00 -3680.06 
427500.00 7722500.00 -4117.07 
432500.00 7722500.00 -4967.54 
437500.00 7722500.00 -4975.11 
442500.00 7722500.00 -5380.37 
447500.00 7722500.00 -5413.27 
452500.00 7722500.00 -5555.84 
457500.00 7722500.00 -5249.33 
462500.00 7722500.00 -5798.29 
467500.00 7722500.00 -5761.12 
472500.00 7722500.00 -6408.52 
477500.00 7722500.00 -4845.51 
482500.00 7722500.00 -6591.31 
487500.00 7722500.00 -7237.10 
492500.00 7722500.00 -6308.74 
497500.00 7722500.00 -7495.15 
502500.00 7722500.00 -7805.29 
507500.00 7722500.00 -8106.68 
512500.00 7722500.00 -7200.96 
517500.00 7722500.00 -8310.22 
522500.00 7722500.00 -7929.87 
527500.00 7722500.00 -6443.39 
532500.00 7722500.00 -8088.10 
537500.00 7722500.00 -8021.93 
542500.00 7722500.00 -5637.68 
547500.00 7722500.00 -4730.87 
552500.00 7722500.00 -5759.44 
557500.00 7722500.00 -6164.87 
562500.00 7722500.00 -7399.69 
567500.00 7722500.00 -7187.39 
572500.00 7722500.00 -7105.37 
577500.00 7722500.00 -7459.35 
402500.00 7727500.00 -1548.58 
407500.00 7727500.00 -1985.40 
412500.00 7727500.00 -2518.18 
417500.00 7727500.00 -2980.27 
422500.00 7727500.00 -3424.33 
427500.00 7727500.00 -4042.97 
432500.00 7727500.00 -5025.04 
437500.00 7727500.00 -5040.95 
442500.00 7727500.00 -5382.15 
447500.00 7727500.00 -5580.15 
452500.00 7727500.00 -5489.27 
457500.00 7727500.00 -5375.98 
462500.00 7727500.00 -5820.87 
467500.00 7727500.00 -6036.79 
472500.00 7727500.00 -6509.51 
477500.00 7727500.00 -5295.81 
482500.00 7727500.00 -6744.62 
487500.00 7727500.00 -7330.41 
492500.00 7727500.00 -6714.50 
497500.00 7727500.00 -7228.22 
502500.00 7727500.00 -8199.03 
507500.00 7727500.00 -7557.97 
512500.00 7727500.00 -7567.20 
517500.00 7727500.00 -8419.71 
522500.00 7727500.00 -6700.69 
527500.00 7727500.00 -6173.10 
532500.00 7727500.00 -7776.19 
537500.00 7727500.00 -8047.84 
542500.00 7727500.00 -5667.67 
547500.00 7727500.00 -4672.94 
552500.00 7727500.00 -7283.01 
557500.00 7727500.00 -7589.48 
562500.00 7727500.00 -7342.46 
567500.00 7727500.00 -7010.34 
572500.00 7727500.00 -7022.92 
577500.00 7727500.00 -7573.18 
402500.00 7732500.00 -1520.32 
407500.00 7732500.00 -1754.13 
412500.00 7732500.00 -2288.80 
417500.00 7732500.00 -2722.96 
422500.00 7732500.00 -3209.51 
427500.00 7732500.00 -3829.48 
432500.00 7732500.00 -4862.98 
437500.00 7732500.00 -5450.12 
442500.00 7732500.00 -5560.05 
447500.00 7732500.00 -5656.52 
452500.00 7732500.00 -5616.73 
457500.00 7732500.00 -5564.34 
462500.00 7732500.00 -5655.00 
467500.00 7732500.00 -6137.55 
472500.00 7732500.00 -5968.25 
477500.00 7732500.00 -5631.21 
482500.00 7732500.00 -6731.29 
487500.00 7732500.00 -6139.29 
492500.00 7732500.00 -6879.95 
497500.00 7732500.00 -7091.39 
502500.00 7732500.00 -6508.14 
507500.00 7732500.00 -6605.78 
512500.00 7732500.00 -8130.87 
517500.00 7732500.00 -5159.94 
522500.00 7732500.00 -7021.01 
527500.00 7732500.00 -6304.83 
532500.00 7732500.00 -7257.97 
537500.00 7732500.00 -8122.66 
542500.00 7732500.00 -8466.99 
547500.00 7732500.00 -7918.40 
552500.00 7732500.00 -7745.09 
557500.00 7732500.00 -7684.83 
562500.00 7732500.00 -7586.25 
567500.00 7732500.00 -7069.87 
572500.00 7732500.00 -7349.75 
577500.00 7732500.00 -7726.86 
402500.00 7737500.00 -1451.01 
407500.00 7737500.00 -1594.58 
412500.00 7737500.00 -2195.94 
417500.00 7737500.00 -2713.72 
422500.00 7737500.00 -3155.90 
427500.00 7737500.00 -3572.44 
432500.00 7737500.00 -4737.91 
437500.00 7737500.00 -5704.25 
442500.00 7737500.00 -5617.38 
447500.00 7737500.00 -5747.60 
452500.00 7737500.00 -5648.71 
457500.00 7737500.00 -5556.41 
462500.00 7737500.00 -5671.90 
467500.00 7737500.00 -6138.15 
472500.00 7737500.00 -6001.15 
477500.00 7737500.00 -5983.73 
482500.00 7737500.00 -6805.41 
487500.00 7737500.00 -5820.03 
492500.00 7737500.00 -6626.79 
497500.00 7737500.00 -6850.16 
502500.00 7737500.00 -6146.83 
507500.00 7737500.00 -7612.53 
512500.00 7737500.00 -7563.99 
517500.00 7737500.00 -5091.80 
522500.00 7737500.00 -6945.70 
527500.00 7737500.00 -6786.32 
532500.00 7737500.00 -7245.14 
537500.00 7737500.00 -7858.86 
542500.00 7737500.00 -7863.50 
547500.00 7737500.00 -7861.91 
552500.00 7737500.00 -7449.32 
557500.00 7737500.00 -7599.93 
562500.00 7737500.00 -7930.36 
567500.00 7737500.00 -7777.92 
572500.00 7737500.00 -8155.25 
577500.00 7737500.00 -8158.40 
402500.00 7742500.00 -1527.38 
407500.00 7742500.00 -1584.43 
412500.00 7742500.00 -2070.46 
417500.00 7742500.00 -2658.04 
422500.00 7742500.00 -3173.93 
427500.00 7742500.00 -3596.91 
432500.00 7742500.00 -4288.62 
437500.00 7742500.00 -5224.25 
442500.00 7742500.00 -5780.16 
447500.00 7742500.00 -6030.86 
452500.00 7742500.00 -5617.34 
457500.00 7742500.00 -5623.81 
462500.00 7742500.00 -6013.35 
467500.00 7742500.00 -6209.78 
472500.00 7742500.00 -6316.52 
477500.00 7742500.00 -6510.38 
482500.00 7742500.00 -6878.69 
487500.00 7742500.00 -6113.62 
492500.00 7742500.00 -6342.37 
497500.00 7742500.00 -6623.69 
502500.00 7742500.00 -6740.85 
507500.00 7742500.00 -7447.04 
512500.00 7742500.00 -7478.91 
517500.00 7742500.00 -6908.46 
522500.00 7742500.00 -6560.56 
527500.00 7742500.00 -6567.98 
532500.00 7742500.00 -7555.45 
537500.00 7742500.00 -8113.96 
542500.00 7742500.00 -8265.21 
547500.00 7742500.00 -7955.28 
552500.00 7742500.00 -7510.37 
557500.00 7742500.00 -7380.25 
562500.00 7742500.00 -8041.93 
567500.00 7742500.00 -8533.98 
572500.00 7742500.00 -9237.05 
577500.00 7742500.00 -9319.30 
402500.00 7747500.00 -1582.28 
407500.00 7747500.00 -1629.78 
412500.00 7747500.00 -1873.04 
417500.00 7747500.00 -2500.80 
422500.00 7747500.00 -3183.85 
427500.00 7747500.00 -3686.13 
432500.00 7747500.00 -4427.97 
437500.00 7747500.00 -5179.43 
442500.00 7747500.00 -5872.08 
447500.00 7747500.00 -5977.18 
452500.00 7747500.00 -5739.02 
457500.00 7747500.00 -5758.60 
462500.00 7747500.00 -6098.82 
467500.00 7747500.00 -6223.60 
472500.00 7747500.00 -6597.46 
477500.00 7747500.00 -6385.01 
482500.00 7747500.00 -6811.28 
487500.00 7747500.00 -6378.32 
492500.00 7747500.00 -6020.87 
497500.00 7747500.00 -6366.53 
502500.00 7747500.00 -7024.73 
507500.00 7747500.00 -7495.24 
512500.00 7747500.00 -7816.13 
517500.00 7747500.00 -7311.97 
522500.00 7747500.00 -7957.52 
527500.00 7747500.00 -7108.58 
532500.00 7747500.00 -6397.30 
537500.00 7747500.00 -5943.40 
542500.00 7747500.00 -8406.60 
547500.00 7747500.00 -7356.80 
552500.00 7747500.00 -7540.45 
557500.00 7747500.00 -7307.62 
562500.00 7747500.00 -7853.52 
567500.00 7747500.00 -8267.73 
572500.00 7747500.00 -9440.36 
577500.00 7747500.00 -9540.10 
402500.00 7752500.00 -1496.60 
407500.00 7752500.00 -1553.38 
412500.00 7752500.00 -1725.55 
417500.00 7752500.00 -2490.37 
422500.00 7752500.00 -3061.09 
427500.00 7752500.00 -3697.73 
432500.00 7752500.00 -4581.59 
437500.00 7752500.00 -5255.02 
442500.00 7752500.00 -5906.83 
447500.00 7752500.00 -6037.34 
452500.00 7752500.00 -5929.03 
457500.00 7752500.00 -5776.64 
462500.00 7752500.00 -5927.10 
467500.00 7752500.00 -6146.08 
472500.00 7752500.00 -6627.50 
477500.00 7752500.00 -5497.83 
482500.00 7752500.00 -6891.41 
487500.00 7752500.00 -7074.56 
492500.00 7752500.00 -5536.97 
497500.00 7752500.00 -6135.66 
502500.00 7752500.00 -6616.17 
507500.00 7752500.00 -7470.29 
512500.00 7752500.00 -8016.60 
517500.00 7752500.00 -7995.10 
522500.00 7752500.00 -7892.81 
527500.00 7752500.00 -8252.52 
532500.00 7752500.00 -8073.75 
537500.00 7752500.00 -7019.35 
542500.00 7752500.00 -8173.02 
547500.00 7752500.00 -7840.90 
552500.00 7752500.00 -8577.75 
557500.00 7752500.00 -8085.78 
562500.00 7752500.00 -8232.26 
567500.00 7752500.00 -8659.38 
572500.00 7752500.00 -9387.46 
577500.00 7752500.00 -7758.40 
402500.00 7757500.00 -1380.20 
407500.00 7757500.00 -1542.57 
412500.00 7757500.00 -1655.33 
417500.00 7757500.00 -2254.29 
422500.00 7757500.00 -2969.05 
427500.00 7757500.00 -3677.30 
432500.00 7757500.00 -4564.05 
437500.00 7757500.00 -5119.64 
442500.00 7757500.00 -5588.57 
447500.00 7757500.00 -6159.05 
452500.00 7757500.00 -5991.54 
457500.00 7757500.00 -5857.29 
462500.00 7757500.00 -6090.35 
467500.00 7757500.00 -6283.89 
472500.00 7757500.00 -6508.87 
477500.00 7757500.00 -6024.05 
482500.00 7757500.00 -7036.16 
487500.00 7757500.00 -7022.00 
492500.00 7757500.00 -6481.67 
497500.00 7757500.00 -6770.29 
502500.00 7757500.00 -6188.13 
507500.00 7757500.00 -7176.25 
512500.00 7757500.00 -7044.97 
517500.00 7757500.00 -7395.82 
522500.00 7757500.00 -8052.02 
527500.00 7757500.00 -8436.67 
532500.00 7757500.00 -8191.00 
537500.00 7757500.00 -7681.09 
542500.00 7757500.00 -5090.08 
547500.00 7757500.00 -5649.04 
552500.00 7757500.00 -8761.59 
557500.00 7757500.00 -8041.34 
562500.00 7757500.00 -8545.03 
567500.00 7757500.00 -9139.05 
572500.00 7757500.00 -9132.71 
577500.00 7757500.00 -9289.30 
402500.00 7762500.00 -1285.37 
407500.00 7762500.00 -1391.75 
412500.00 7762500.00 -1635.59 
417500.00 7762500.00 -2450.21 
422500.00 7762500.00 -3010.70 
427500.00 7762500.00 -3653.35 
432500.00 7762500.00 -4529.85 
437500.00 7762500.00 -4957.81 
442500.00 7762500.00 -5328.95 
447500.00 7762500.00 -5830.05 
452500.00 7762500.00 -5961.83 
457500.00 7762500.00 -6120.78 
462500.00 7762500.00 -6323.67 
467500.00 7762500.00 -6315.34 
472500.00 7762500.00 -6622.14 
477500.00 7762500.00 -5919.98 
482500.00 7762500.00 -6851.40 
487500.00 7762500.00 -6946.10 
492500.00 7762500.00 -6974.14 
497500.00 7762500.00 -7006.68 
502500.00 7762500.00 -5978.61 
507500.00 7762500.00 -6550.62 
512500.00 7762500.00 -7283.44 
517500.00 7762500.00 -7571.43 
522500.00 7762500.00 -7777.25 
527500.00 7762500.00 -7886.39 
532500.00 7762500.00 -7496.65 
537500.00 7762500.00 -7427.00 
542500.00 7762500.00 -7911.90 
547500.00 7762500.00 -8180.61 
552500.00 7762500.00 -8761.18 
557500.00 7762500.00 -8092.32 
562500.00 7762500.00 -8028.65 
567500.00 7762500.00 -8592.07 
572500.00 7762500.00 -8977.25 
577500.00 7762500.00 -9190.70 
402500.00 7767500.00 -1335.89 
407500.00 7767500.00 -1449.14 
412500.00 7767500.00 -1614.56 
417500.00 7767500.00 -2452.47 
422500.00 7767500.00 -3012.62 
427500.00 7767500.00 -3559.23 
432500.00 7767500.00 -4519.04 
437500.00 7767500.00 -4952.18 
442500.00 7767500.00 -5370.97 
447500.00 7767500.00 -5738.09 
452500.00 7767500.00 -6007.31 
457500.00 7767500.00 -6351.55 
462500.00 7767500.00 -6263.21 
467500.00 7767500.00 -6366.90 
472500.00 7767500.00 -6513.53 
477500.00 7767500.00 -6106.08 
482500.00 7767500.00 -6684.16 
487500.00 7767500.00 -6730.37 
492500.00 7767500.00 -6635.41 
497500.00 7767500.00 -6659.96 
502500.00 7767500.00 -7588.26 
507500.00 7767500.00 -7398.18 
512500.00 7767500.00 -7196.83 
517500.00 7767500.00 -7158.07 
522500.00 7767500.00 -8051.02 
527500.00 7767500.00 -8053.90 
532500.00 7767500.00 -7723.57 
537500.00 7767500.00 -7631.19 
542500.00 7767500.00 -8456.42 
547500.00 7767500.00 -8530.68 
552500.00 7767500.00 -8405.42 
557500.00 7767500.00 -8427.71 
562500.00 7767500.00 -8188.82 
567500.00 7767500.00 -8788.76 
572500.00 7767500.00 -9263.54 
577500.00 7767500.00 -9425.10 
402500.00 7772500.00 -1299.13 
407500.00 7772500.00 -1499.80 
412500.00 7772500.00 -1794.22 
417500.00 7772500.00 -2500.68 
422500.00 7772500.00 -3215.72 
427500.00 7772500.00 -3608.88 
432500.00 7772500.00 -4336.65 
437500.00 7772500.00 -4924.47 
442500.00 7772500.00 -5233.44 
447500.00 7772500.00 -5552.89 
452500.00 7772500.00 -5989.55 
457500.00 7772500.00 -6240.99 
462500.00 7772500.00 -6191.81 
467500.00 7772500.00 -6404.62 
472500.00 7772500.00 -6422.10 
477500.00 7772500.00 -6736.43 
482500.00 7772500.00 -6465.47 
487500.00 7772500.00 -6278.02 
492500.00 7772500.00 -7443.34 
497500.00 7772500.00 -7657.37 
502500.00 7772500.00 -7842.13 
507500.00 7772500.00 -7824.34 
512500.00 7772500.00 -7816.95 
517500.00 7772500.00 -7118.92 
522500.00 7772500.00 -7570.53 
527500.00 7772500.00 -7577.27 
532500.00 7772500.00 -8029.86 
537500.00 7772500.00 -8438.05 
542500.00 7772500.00 -9252.63 
547500.00 7772500.00 -9299.31 
552500.00 7772500.00 -9731.08 
557500.00 7772500.00 -9329.52 
562500.00 7772500.00 -9247.15 
567500.00 7772500.00 -9236.91 
572500.00 7772500.00 -9158.58 
577500.00 7772500.00 -9374.30 
402500.00 7777500.00 -1288.65 
407500.00 7777500.00 -1522.20 
412500.00 7777500.00 -1897.96 
417500.00 7777500.00 -2411.76 
422500.00 7777500.00 -3257.47 
427500.00 7777500.00 -3695.50 
432500.00 7777500.00 -4311.38 
437500.00 7777500.00 -4681.59 
442500.00 7777500.00 -5033.15 
447500.00 7777500.00 -5404.52 
452500.00 7777500.00 -5952.11 
457500.00 7777500.00 -6315.79 
462500.00 7777500.00 -6241.56 
467500.00 7777500.00 -6105.33 
472500.00 7777500.00 -6499.77 
477500.00 7777500.00 -6734.56 
482500.00 7777500.00 -6398.98 
487500.00 7777500.00 -6274.84 
492500.00 7777500.00 -7627.79 
497500.00 7777500.00 -7931.82 
502500.00 7777500.00 -7488.57 
507500.00 7777500.00 -7684.25 
512500.00 7777500.00 -7939.67 
517500.00 7777500.00 -7497.75 
522500.00 7777500.00 -7993.25 
527500.00 7777500.00 -8006.75 
532500.00 7777500.00 -9109.75 
537500.00 7777500.00 -9902.91 
542500.00 7777500.00 -9176.54 
547500.00 7777500.00 -8841.87 
552500.00 7777500.00 -9572.13 
557500.00 7777500.00 -9402.17 
562500.00 7777500.00 -9707.36 
567500.00 7777500.00 -9891.24 
572500.00 7777500.00 -9238.87 
577500.00 7777500.00 -9091.03 
402500.00 7782500.00 -1348.53 
407500.00 7782500.00 -1597.46 
412500.00 7782500.00 -1991.59 
417500.00 7782500.00 -2450.45 
422500.00 7782500.00 -3321.60 
427500.00 7782500.00 -3866.67 
432500.00 7782500.00 -4396.81 
437500.00 7782500.00 -4534.21 
442500.00 7782500.00 -4718.24 
447500.00 7782500.00 -5134.39 
452500.00 7782500.00 -5748.31 
457500.00 7782500.00 -6192.99 
462500.00 7782500.00 -6252.29 
467500.00 7782500.00 -6110.07 
472500.00 7782500.00 -6582.91 
477500.00 7782500.00 -6449.49 
482500.00 7782500.00 -6052.01 
487500.00 7782500.00 -7520.93 
492500.00 7782500.00 -7962.90 
497500.00 7782500.00 -7775.87 
502500.00 7782500.00 -6675.05 
507500.00 7782500.00 -7754.65 
512500.00 7782500.00 -8140.88 
517500.00 7782500.00 -8140.22 
522500.00 7782500.00 -7749.77 
527500.00 7782500.00 -8292.39 
532500.00 7782500.00 -9895.38 
537500.00 7782500.00 -9509.48 
542500.00 7782500.00 -8121.65 
547500.00 7782500.00 -7582.40 
552500.00 7782500.00 -9484.60 
557500.00 7782500.00 -9607.94 
562500.00 7782500.00 -9393.92 
567500.00 7782500.00 -9571.86 
572500.00 7782500.00 -9455.76 
577500.00 7782500.00 -9333.83 
402500.00 7787500.00 -1455.72 
407500.00 7787500.00 -1667.72 
412500.00 7787500.00 -2116.85 
417500.00 7787500.00 -2424.36 
422500.00 7787500.00 -3145.12 
427500.00 7787500.00 -3792.11 
432500.00 7787500.00 -4364.88 
437500.00 7787500.00 -4649.46 
442500.00 7787500.00 -4673.27 
447500.00 7787500.00 -5039.34 
452500.00 7787500.00 -5882.44 
457500.00 7787500.00 -6327.44 
462500.00 7787500.00 -6440.83 
467500.00 7787500.00 -6231.39 
472500.00 7787500.00 -6727.66 
477500.00 7787500.00 -7084.53 
482500.00 7787500.00 -6716.38 
487500.00 7787500.00 -7458.64 
492500.00 7787500.00 -8325.92 
497500.00 7787500.00 -7351.78 
502500.00 7787500.00 -5739.96 
507500.00 7787500.00 -7879.52 
512500.00 7787500.00 -8269.64 
517500.00 7787500.00 -8424.33 
522500.00 7787500.00 -5926.98 
527500.00 7787500.00 -8119.72 
532500.00 7787500.00 -10356.78 
537500.00 7787500.00 -9066.02 
542500.00 7787500.00 -8435.64 
547500.00 7787500.00 -8258.44 
552500.00 7787500.00 -9120.20 
557500.00 7787500.00 -9310.74 
562500.00 7787500.00 -9225.97 
567500.00 7787500.00 -9199.94 
572500.00 7787500.00 -9380.47 
577500.00 7787500.00 -9411.14 
402500.00 7792500.00 -1526.88 
407500.00 7792500.00 -1669.82 
412500.00 7792500.00 -2057.95 
417500.00 7792500.00 -2435.60 
422500.00 7792500.00 -3075.20 
427500.00 7792500.00 -3670.55 
432500.00 7792500.00 -4323.12 
437500.00 7792500.00 -4745.30 
442500.00 7792500.00 -5036.70 
447500.00 7792500.00 -5083.15 
452500.00 7792500.00 -5703.84 
457500.00 7792500.00 -6105.25 
462500.00 7792500.00 -6214.27 
467500.00 7792500.00 -6538.34 
472500.00 7792500.00 -6479.38 
477500.00 7792500.00 -6733.08 
482500.00 7792500.00 -7010.04 
487500.00 7792500.00 -7284.84 
492500.00 7792500.00 -6916.60 
497500.00 7792500.00 -7406.16 
502500.00 7792500.00 -7982.47 
507500.00 7792500.00 -8224.73 
512500.00 7792500.00 -8372.87 
517500.00 7792500.00 -8300.80 
522500.00 7792500.00 -7382.12 
527500.00 7792500.00 -8421.10 
532500.00 7792500.00 -9205.39 
537500.00 7792500.00 -8799.93 
542500.00 7792500.00 -8922.65 
547500.00 7792500.00 -8948.82 
552500.00 7792500.00 -9010.79 
557500.00 7792500.00 -9080.83 
562500.00 7792500.00 -9289.01 
567500.00 7792500.00 -9228.94 
572500.00 7792500.00 -9324.32 
577500.00 7792500.00 -9378.81 
402500.00 7797500.00 -1477.12 
407500.00 7797500.00 -1590.54 
412500.00 7797500.00 -2022.70 
417500.00 7797500.00 -2452.28 
422500.00 7797500.00 -2880.44 
427500.00 7797500.00 -3322.48 
432500.00 7797500.00 -4500.78 
437500.00 7797500.00 -4975.67 
442500.00 7797500.00 -5260.58 
447500.00 7797500.00 -5282.07 
452500.00 7797500.00 -5711.53 
457500.00 7797500.00 -6074.79 
462500.00 7797500.00 -6352.03 
467500.00 7797500.00 -6641.70 
472500.00 7797500.00 -6347.45 
477500.00 7797500.00 -6907.21 
482500.00 7797500.00 -7274.55 
487500.00 7797500.00 -7657.26 
492500.00 7797500.00 -6533.80 
497500.00 7797500.00 -6749.68 
502500.00 7797500.00 -7483.82 
507500.00 7797500.00 -7508.02 
512500.00 7797500.00 -8011.56 
517500.00 7797500.00 -8077.93 
522500.00 7797500.00 -8124.97 
527500.00 7797500.00 -8237.00 
532500.00 7797500.00 -8596.86 
537500.00 7797500.00 -8724.39 
542500.00 7797500.00 -8803.96 
547500.00 7797500.00 -8860.31 
552500.00 7797500.00 -9064.58 
557500.00 7797500.00 -9108.60 
562500.00 7797500.00 -9209.46 
567500.00 7797500.00 -9164.90 
572500.00 7797500.00 -9277.09 
577500.00 7797500.00 -9331.66 
402500.00 7802500.00 -1435.29 
407500.00 7802500.00 -1510.63 
412500.00 7802500.00 -1957.89 
417500.00 7802500.00 -2404.79 
422500.00 7802500.00 -3090.21 
427500.00 7802500.00 -3508.04 
432500.00 7802500.00 -4380.16 
437500.00 7802500.00 -4998.05 
442500.00 7802500.00 -5337.05 
447500.00 7802500.00 -5605.58 
452500.00 7802500.00 -5859.57 
457500.00 7802500.00 -6045.94 
462500.00 7802500.00 -6481.96 
467500.00 7802500.00 -6620.75 
472500.00 7802500.00 -6834.28 
477500.00 7802500.00 -6324.16 
482500.00 7802500.00 -5814.71 
487500.00 7802500.00 -7117.48 
492500.00 7802500.00 -6489.03 
497500.00 7802500.00 -4768.60 
502500.00 7802500.00 -6653.09 
507500.00 7802500.00 -7024.11 
512500.00 7802500.00 -7533.82 
517500.00 7802500.00 -7895.01 
522500.00 7802500.00 -8163.26 
527500.00 7802500.00 -8256.87 
532500.00 7802500.00 -8416.11 
537500.00 7802500.00 -8465.26 
542500.00 7802500.00 -8665.41 
547500.00 7802500.00 -8790.85 
552500.00 7802500.00 -8971.97 
557500.00 7802500.00 -8959.01 
562500.00 7802500.00 -8975.30 
567500.00 7802500.00 -8849.69 
572500.00 7802500.00 -8934.21 
577500.00 7802500.00 -8951.30 
