# Petrel Points with attributes
# Unit in X and Y direction: m
# Unit in depth: m
VERSION 1
BEGIN HEADER
X
Y
Z
END HEADER
402500.00 7652500.00 -4459.55 
407500.00 7652500.00 -4945.63 
412500.00 7652500.00 -5115.93 
417500.00 7652500.00 -5036.62 
422500.00 7652500.00 -5097.32 
427500.00 7652500.00 -5009.94 
432500.00 7652500.00 -5029.93 
437500.00 7652500.00 -5621.37 
442500.00 7652500.00 -5330.21 
447500.00 7652500.00 -5656.44 
452500.00 7652500.00 -5653.63 
457500.00 7652500.00 -5562.13 
462500.00 7652500.00 -5756.03 
467500.00 7652500.00 -4378.40 
472500.00 7652500.00 -3307.27 
477500.00 7652500.00 -4288.83 
482500.00 7652500.00 -5212.28 
487500.00 7652500.00 -6199.70 
492500.00 7652500.00 -6197.55 
497500.00 7652500.00 -4724.28 
502500.00 7652500.00 -5487.95 
507500.00 7652500.00 -4229.77 
512500.00 7652500.00 -4366.01 
517500.00 7652500.00 -5856.18 
522500.00 7652500.00 -6825.61 
527500.00 7652500.00 -6776.15 
532500.00 7652500.00 -6966.00 
537500.00 7652500.00 -5603.07 
542500.00 7652500.00 -4404.02 
547500.00 7652500.00 -3908.87 
552500.00 7652500.00 -5576.35 
557500.00 7652500.00 -6906.66 
562500.00 7652500.00 -6842.87 
567500.00 7652500.00 -6593.63 
572500.00 7652500.00 -6440.05 
577500.00 7652500.00 -6278.08 
402500.00 7657500.00 -4443.21 
407500.00 7657500.00 -4722.91 
412500.00 7657500.00 -5346.63 
417500.00 7657500.00 -5235.91 
422500.00 7657500.00 -5037.27 
427500.00 7657500.00 -4976.38 
432500.00 7657500.00 -5104.20 
437500.00 7657500.00 -5280.38 
442500.00 7657500.00 -5359.47 
447500.00 7657500.00 -5594.40 
452500.00 7657500.00 -5028.95 
457500.00 7657500.00 -4850.92 
462500.00 7657500.00 -4873.25 
467500.00 7657500.00 -4768.78 
472500.00 7657500.00 -3326.41 
477500.00 7657500.00 -4215.46 
482500.00 7657500.00 -6420.23 
487500.00 7657500.00 -5375.40 
492500.00 7657500.00 -4403.20 
497500.00 7657500.00 -4135.50 
502500.00 7657500.00 -5076.38 
507500.00 7657500.00 -3868.88 
512500.00 7657500.00 -3627.24 
517500.00 7657500.00 -5383.66 
522500.00 7657500.00 -6861.32 
527500.00 7657500.00 -6723.29 
532500.00 7657500.00 -6090.50 
537500.00 7657500.00 -5832.04 
542500.00 7657500.00 -4695.64 
547500.00 7657500.00 -4526.16 
552500.00 7657500.00 -5821.14 
557500.00 7657500.00 -7220.74 
562500.00 7657500.00 -7245.79 
567500.00 7657500.00 -7039.19 
572500.00 7657500.00 -6828.77 
577500.00 7657500.00 -6801.41 
402500.00 7662500.00 -4546.08 
407500.00 7662500.00 -4542.23 
412500.00 7662500.00 -5126.11 
417500.00 7662500.00 -5213.28 
422500.00 7662500.00 -5034.10 
427500.00 7662500.00 -5068.19 
432500.00 7662500.00 -5101.20 
437500.00 7662500.00 -5117.60 
442500.00 7662500.00 -5320.75 
447500.00 7662500.00 -4641.11 
452500.00 7662500.00 -4510.76 
457500.00 7662500.00 -5628.52 
462500.00 7662500.00 -5161.90 
467500.00 7662500.00 -4860.74 
472500.00 7662500.00 -4117.81 
477500.00 7662500.00 -4468.56 
482500.00 7662500.00 -5802.24 
487500.00 7662500.00 -4218.20 
492500.00 7662500.00 -5109.89 
497500.00 7662500.00 -4935.37 
502500.00 7662500.00 -6981.08 
507500.00 7662500.00 -4997.65 
512500.00 7662500.00 -3638.70 
517500.00 7662500.00 -4623.40 
522500.00 7662500.00 -7267.07 
527500.00 7662500.00 -5796.98 
532500.00 7662500.00 -6885.76 
537500.00 7662500.00 -5349.80 
542500.00 7662500.00 -4451.76 
547500.00 7662500.00 -4887.83 
552500.00 7662500.00 -4931.71 
557500.00 7662500.00 -6972.18 
562500.00 7662500.00 -7705.09 
567500.00 7662500.00 -7396.41 
572500.00 7662500.00 -7156.59 
577500.00 7662500.00 -7318.91 
402500.00 7667500.00 -4273.17 
407500.00 7667500.00 -4493.63 
412500.00 7667500.00 -4872.55 
417500.00 7667500.00 -5118.89 
422500.00 7667500.00 -5231.45 
427500.00 7667500.00 -5093.57 
432500.00 7667500.00 -4603.79 
437500.00 7667500.00 -5023.25 
442500.00 7667500.00 -5389.79 
447500.00 7667500.00 -4765.33 
452500.00 7667500.00 -4959.24 
457500.00 7667500.00 -6070.81 
462500.00 7667500.00 -5495.79 
467500.00 7667500.00 -5378.55 
472500.00 7667500.00 -6172.24 
477500.00 7667500.00 -4644.63 
482500.00 7667500.00 -5847.37 
487500.00 7667500.00 -5231.09 
492500.00 7667500.00 -5281.07 
497500.00 7667500.00 -5411.33 
502500.00 7667500.00 -8085.11 
507500.00 7667500.00 -5973.51 
512500.00 7667500.00 -3943.43 
517500.00 7667500.00 -4535.54 
522500.00 7667500.00 -6310.77 
527500.00 7667500.00 -5409.69 
532500.00 7667500.00 -7648.75 
537500.00 7667500.00 -7391.79 
542500.00 7667500.00 -5335.71 
547500.00 7667500.00 -5335.53 
552500.00 7667500.00 -5395.65 
557500.00 7667500.00 -6551.41 
562500.00 7667500.00 -7414.19 
567500.00 7667500.00 -7245.63 
572500.00 7667500.00 -6921.78 
577500.00 7667500.00 -6948.16 
402500.00 7672500.00 -3708.84 
407500.00 7672500.00 -3892.67 
412500.00 7672500.00 -4534.52 
417500.00 7672500.00 -5118.35 
422500.00 7672500.00 -5168.69 
427500.00 7672500.00 -5132.85 
432500.00 7672500.00 -5161.18 
437500.00 7672500.00 -5347.59 
442500.00 7672500.00 -5353.16 
447500.00 7672500.00 -4664.04 
452500.00 7672500.00 -5217.35 
457500.00 7672500.00 -5882.43 
462500.00 7672500.00 -5861.54 
467500.00 7672500.00 -4946.91 
472500.00 7672500.00 -6152.60 
477500.00 7672500.00 -5528.68 
482500.00 7672500.00 -5772.78 
487500.00 7672500.00 -6624.02 
492500.00 7672500.00 -5174.95 
497500.00 7672500.00 -6332.39 
502500.00 7672500.00 -7244.90 
507500.00 7672500.00 -5198.90 
512500.00 7672500.00 -4217.16 
517500.00 7672500.00 -5069.99 
522500.00 7672500.00 -5570.42 
527500.00 7672500.00 -5437.21 
532500.00 7672500.00 -7574.97 
537500.00 7672500.00 -7679.41 
542500.00 7672500.00 -5433.03 
547500.00 7672500.00 -4995.31 
552500.00 7672500.00 -5826.71 
557500.00 7672500.00 -6237.03 
562500.00 7672500.00 -6670.88 
567500.00 7672500.00 -6574.97 
572500.00 7672500.00 -6625.13 
577500.00 7672500.00 -6766.23 
402500.00 7677500.00 -3523.63 
407500.00 7677500.00 -3722.93 
412500.00 7677500.00 -4237.39 
417500.00 7677500.00 -4894.95 
422500.00 7677500.00 -5134.76 
427500.00 7677500.00 -5155.92 
432500.00 7677500.00 -5098.57 
437500.00 7677500.00 -5144.07 
442500.00 7677500.00 -5315.66 
447500.00 7677500.00 -5211.75 
452500.00 7677500.00 -5670.48 
457500.00 7677500.00 -5935.61 
462500.00 7677500.00 -5888.60 
467500.00 7677500.00 -4766.48 
472500.00 7677500.00 -6087.54 
477500.00 7677500.00 -5713.75 
482500.00 7677500.00 -5024.96 
487500.00 7677500.00 -6631.85 
492500.00 7677500.00 -5015.38 
497500.00 7677500.00 -7178.67 
502500.00 7677500.00 -5569.81 
507500.00 7677500.00 -4331.77 
512500.00 7677500.00 -4046.60 
517500.00 7677500.00 -4486.12 
522500.00 7677500.00 -6400.07 
527500.00 7677500.00 -6533.00 
532500.00 7677500.00 -7867.59 
537500.00 7677500.00 -7834.67 
542500.00 7677500.00 -6167.01 
547500.00 7677500.00 -5279.02 
552500.00 7677500.00 -5588.04 
557500.00 7677500.00 -6471.67 
562500.00 7677500.00 -7056.18 
567500.00 7677500.00 -6849.94 
572500.00 7677500.00 -6643.29 
577500.00 7677500.00 -7218.33 
402500.00 7682500.00 -3366.39 
407500.00 7682500.00 -3591.06 
412500.00 7682500.00 -3960.76 
417500.00 7682500.00 -4482.15 
422500.00 7682500.00 -4917.55 
427500.00 7682500.00 -5020.52 
432500.00 7682500.00 -5007.56 
437500.00 7682500.00 -5019.19 
442500.00 7682500.00 -5388.34 
447500.00 7682500.00 -5729.44 
452500.00 7682500.00 -5392.57 
457500.00 7682500.00 -5215.90 
462500.00 7682500.00 -5712.69 
467500.00 7682500.00 -4782.06 
472500.00 7682500.00 -5552.08 
477500.00 7682500.00 -5802.13 
482500.00 7682500.00 -4852.96 
487500.00 7682500.00 -6397.20 
492500.00 7682500.00 -5172.52 
497500.00 7682500.00 -7011.85 
502500.00 7682500.00 -6397.56 
507500.00 7682500.00 -7317.30 
512500.00 7682500.00 -5506.16 
517500.00 7682500.00 -5703.63 
522500.00 7682500.00 -6415.76 
527500.00 7682500.00 -5523.15 
532500.00 7682500.00 -7537.32 
537500.00 7682500.00 -8027.85 
542500.00 7682500.00 -7056.48 
547500.00 7682500.00 -6219.74 
552500.00 7682500.00 -7328.52 
557500.00 7682500.00 -7072.03 
562500.00 7682500.00 -6981.58 
567500.00 7682500.00 -6900.06 
572500.00 7682500.00 -7069.43 
577500.00 7682500.00 -7475.51 
402500.00 7687500.00 -3198.70 
407500.00 7687500.00 -3412.00 
412500.00 7687500.00 -3765.78 
417500.00 7687500.00 -4162.71 
422500.00 7687500.00 -4738.57 
427500.00 7687500.00 -4949.00 
432500.00 7687500.00 -5036.98 
437500.00 7687500.00 -5102.71 
442500.00 7687500.00 -5253.13 
447500.00 7687500.00 -5287.58 
452500.00 7687500.00 -5382.18 
457500.00 7687500.00 -5342.50 
462500.00 7687500.00 -5361.02 
467500.00 7687500.00 -4681.30 
472500.00 7687500.00 -5631.90 
477500.00 7687500.00 -5792.17 
482500.00 7687500.00 -5943.93 
487500.00 7687500.00 -6232.88 
492500.00 7687500.00 -6249.33 
497500.00 7687500.00 -5940.11 
502500.00 7687500.00 -7538.05 
507500.00 7687500.00 -7311.31 
512500.00 7687500.00 -6231.41 
517500.00 7687500.00 -5248.83 
522500.00 7687500.00 -6485.17 
527500.00 7687500.00 -5730.60 
532500.00 7687500.00 -6697.95 
537500.00 7687500.00 -7911.35 
542500.00 7687500.00 -7496.45 
547500.00 7687500.00 -5699.43 
552500.00 7687500.00 -5017.48 
557500.00 7687500.00 -5111.77 
562500.00 7687500.00 -6513.69 
567500.00 7687500.00 -6869.05 
572500.00 7687500.00 -7480.23 
577500.00 7687500.00 -7546.61 
402500.00 7692500.00 -2877.43 
407500.00 7692500.00 -3148.17 
412500.00 7692500.00 -3437.02 
417500.00 7692500.00 -3686.48 
422500.00 7692500.00 -4575.12 
427500.00 7692500.00 -4917.56 
432500.00 7692500.00 -4873.06 
437500.00 7692500.00 -4938.96 
442500.00 7692500.00 -5248.67 
447500.00 7692500.00 -5148.78 
452500.00 7692500.00 -5030.75 
457500.00 7692500.00 -5249.86 
462500.00 7692500.00 -4876.37 
467500.00 7692500.00 -4660.48 
472500.00 7692500.00 -4993.54 
477500.00 7692500.00 -5238.75 
482500.00 7692500.00 -6324.75 
487500.00 7692500.00 -5339.96 
492500.00 7692500.00 -6051.16 
497500.00 7692500.00 -5992.12 
502500.00 7692500.00 -7353.34 
507500.00 7692500.00 -5943.89 
512500.00 7692500.00 -4786.45 
517500.00 7692500.00 -3826.00 
522500.00 7692500.00 -4898.30 
527500.00 7692500.00 -5261.21 
532500.00 7692500.00 -5311.84 
537500.00 7692500.00 -7323.80 
542500.00 7692500.00 -7653.12 
547500.00 7692500.00 -6224.05 
552500.00 7692500.00 -5770.72 
557500.00 7692500.00 -6149.44 
562500.00 7692500.00 -6526.17 
567500.00 7692500.00 -6781.19 
572500.00 7692500.00 -7352.20 
577500.00 7692500.00 -7794.04 
402500.00 7697500.00 -2513.00 
407500.00 7697500.00 -2929.37 
412500.00 7697500.00 -3266.78 
417500.00 7697500.00 -3526.00 
422500.00 7697500.00 -4135.63 
427500.00 7697500.00 -4690.02 
432500.00 7697500.00 -4770.50 
437500.00 7697500.00 -4872.04 
442500.00 7697500.00 -5135.13 
447500.00 7697500.00 -5338.29 
452500.00 7697500.00 -5208.67 
457500.00 7697500.00 -5257.42 
462500.00 7697500.00 -5506.75 
467500.00 7697500.00 -5334.90 
472500.00 7697500.00 -5467.35 
477500.00 7697500.00 -5097.63 
482500.00 7697500.00 -6051.59 
487500.00 7697500.00 -5046.33 
492500.00 7697500.00 -5798.42 
497500.00 7697500.00 -6254.73 
502500.00 7697500.00 -6842.05 
507500.00 7697500.00 -7383.89 
512500.00 7697500.00 -6528.04 
517500.00 7697500.00 -4690.59 
522500.00 7697500.00 -4027.78 
527500.00 7697500.00 -4479.51 
532500.00 7697500.00 -5091.36 
537500.00 7697500.00 -6811.33 
542500.00 7697500.00 -7541.63 
547500.00 7697500.00 -6352.03 
552500.00 7697500.00 -5439.92 
557500.00 7697500.00 -6459.42 
562500.00 7697500.00 -6468.64 
567500.00 7697500.00 -6703.55 
572500.00 7697500.00 -7477.54 
577500.00 7697500.00 -7903.48 
402500.00 7702500.00 -2241.95 
407500.00 7702500.00 -2774.89 
412500.00 7702500.00 -3189.88 
417500.00 7702500.00 -3412.50 
422500.00 7702500.00 -3904.72 
427500.00 7702500.00 -4636.63 
432500.00 7702500.00 -4962.80 
437500.00 7702500.00 -4995.28 
442500.00 7702500.00 -5105.76 
447500.00 7702500.00 -5237.90 
452500.00 7702500.00 -5403.21 
457500.00 7702500.00 -5460.08 
462500.00 7702500.00 -5470.86 
467500.00 7702500.00 -5633.49 
472500.00 7702500.00 -5701.69 
477500.00 7702500.00 -5834.26 
482500.00 7702500.00 -6331.09 
487500.00 7702500.00 -5601.18 
492500.00 7702500.00 -5785.55 
497500.00 7702500.00 -6737.99 
502500.00 7702500.00 -6502.58 
507500.00 7702500.00 -7141.30 
512500.00 7702500.00 -5842.81 
517500.00 7702500.00 -4544.62 
522500.00 7702500.00 -4046.05 
527500.00 7702500.00 -5036.60 
532500.00 7702500.00 -6978.31 
537500.00 7702500.00 -7047.58 
542500.00 7702500.00 -7734.13 
547500.00 7702500.00 -7132.41 
552500.00 7702500.00 -4328.18 
557500.00 7702500.00 -4981.66 
562500.00 7702500.00 -6344.90 
567500.00 7702500.00 -6768.22 
572500.00 7702500.00 -7415.35 
577500.00 7702500.00 -7735.34 
402500.00 7707500.00 -1855.64 
407500.00 7707500.00 -2767.87 
412500.00 7707500.00 -3147.78 
417500.00 7707500.00 -3382.47 
422500.00 7707500.00 -3839.55 
427500.00 7707500.00 -4450.40 
432500.00 7707500.00 -4973.92 
437500.00 7707500.00 -5123.83 
442500.00 7707500.00 -5238.97 
447500.00 7707500.00 -5247.30 
452500.00 7707500.00 -5302.14 
457500.00 7707500.00 -5309.72 
462500.00 7707500.00 -4544.10 
467500.00 7707500.00 -5388.22 
472500.00 7707500.00 -5726.95 
477500.00 7707500.00 -6187.71 
482500.00 7707500.00 -6474.46 
487500.00 7707500.00 -5669.08 
492500.00 7707500.00 -6251.95 
497500.00 7707500.00 -6761.24 
502500.00 7707500.00 -6407.18 
507500.00 7707500.00 -5137.10 
512500.00 7707500.00 -5472.97 
517500.00 7707500.00 -5613.06 
522500.00 7707500.00 -4939.72 
527500.00 7707500.00 -5935.24 
532500.00 7707500.00 -6269.20 
537500.00 7707500.00 -6560.34 
542500.00 7707500.00 -7702.99 
547500.00 7707500.00 -7097.98 
552500.00 7707500.00 -4527.39 
557500.00 7707500.00 -4573.82 
562500.00 7707500.00 -6221.52 
567500.00 7707500.00 -6795.84 
572500.00 7707500.00 -7074.77 
577500.00 7707500.00 -7274.76 
402500.00 7712500.00 -1777.02 
407500.00 7712500.00 -2583.66 
412500.00 7712500.00 -3003.61 
417500.00 7712500.00 -3268.81 
422500.00 7712500.00 -3647.10 
427500.00 7712500.00 -4107.03 
432500.00 7712500.00 -5001.66 
437500.00 7712500.00 -5340.92 
442500.00 7712500.00 -5508.34 
447500.00 7712500.00 -5349.79 
452500.00 7712500.00 -5255.87 
457500.00 7712500.00 -5415.12 
462500.00 7712500.00 -4983.46 
467500.00 7712500.00 -5579.20 
472500.00 7712500.00 -5816.50 
477500.00 7712500.00 -5011.82 
482500.00 7712500.00 -6180.79 
487500.00 7712500.00 -5956.26 
492500.00 7712500.00 -6385.02 
497500.00 7712500.00 -6046.58 
502500.00 7712500.00 -7104.35 
507500.00 7712500.00 -6796.39 
512500.00 7712500.00 -6182.82 
517500.00 7712500.00 -6989.94 
522500.00 7712500.00 -6440.97 
527500.00 7712500.00 -7155.82 
532500.00 7712500.00 -7177.07 
537500.00 7712500.00 -6058.50 
542500.00 7712500.00 -7676.83 
547500.00 7712500.00 -7240.90 
552500.00 7712500.00 -4568.07 
557500.00 7712500.00 -4012.87 
562500.00 7712500.00 -6800.22 
567500.00 7712500.00 -7013.17 
572500.00 7712500.00 -6933.73 
577500.00 7712500.00 -7107.65 
402500.00 7717500.00 -1684.79 
407500.00 7717500.00 -2302.04 
412500.00 7717500.00 -2814.59 
417500.00 7717500.00 -3079.68 
422500.00 7717500.00 -3526.72 
427500.00 7717500.00 -4049.35 
432500.00 7717500.00 -4976.82 
437500.00 7717500.00 -5229.54 
442500.00 7717500.00 -5353.29 
447500.00 7717500.00 -5370.98 
452500.00 7717500.00 -5322.30 
457500.00 7717500.00 -5294.62 
462500.00 7717500.00 -5356.54 
467500.00 7717500.00 -5292.24 
472500.00 7717500.00 -5920.01 
477500.00 7717500.00 -5023.90 
482500.00 7717500.00 -5961.27 
487500.00 7717500.00 -6495.90 
492500.00 7717500.00 -5738.81 
497500.00 7717500.00 -6678.19 
502500.00 7717500.00 -7029.61 
507500.00 7717500.00 -7500.30 
512500.00 7717500.00 -5837.14 
517500.00 7717500.00 -6900.13 
522500.00 7717500.00 -5806.84 
527500.00 7717500.00 -6854.01 
532500.00 7717500.00 -8181.05 
537500.00 7717500.00 -6775.03 
542500.00 7717500.00 -6283.58 
547500.00 7717500.00 -7094.76 
552500.00 7717500.00 -4818.68 
557500.00 7717500.00 -4008.84 
562500.00 7717500.00 -7070.11 
567500.00 7717500.00 -7192.78 
572500.00 7717500.00 -7023.60 
577500.00 7717500.00 -7141.42 
402500.00 7722500.00 -1486.99 
407500.00 7722500.00 -2069.60 
412500.00 7722500.00 -2541.86 
417500.00 7722500.00 -3051.53 
422500.00 7722500.00 -3572.13 
427500.00 7722500.00 -4014.21 
432500.00 7722500.00 -4872.69 
437500.00 7722500.00 -4886.42 
442500.00 7722500.00 -5266.38 
447500.00 7722500.00 -5270.60 
452500.00 7722500.00 -5383.26 
457500.00 7722500.00 -5047.34 
462500.00 7722500.00 -5566.47 
467500.00 7722500.00 -5534.61 
472500.00 7722500.00 -6242.03 
477500.00 7722500.00 -4701.69 
482500.00 7722500.00 -6456.79 
487500.00 7722500.00 -7100.42 
492500.00 7722500.00 -6150.11 
497500.00 7722500.00 -7367.99 
502500.00 7722500.00 -7731.06 
507500.00 7722500.00 -8068.36 
512500.00 7722500.00 -7169.38 
517500.00 7722500.00 -8255.92 
522500.00 7722500.00 -7824.80 
527500.00 7722500.00 -6317.16 
532500.00 7722500.00 -7970.80 
537500.00 7722500.00 -7951.91 
542500.00 7722500.00 -5566.22 
547500.00 7722500.00 -4656.45 
552500.00 7722500.00 -5661.64 
557500.00 7722500.00 -6009.33 
562500.00 7722500.00 -7237.71 
567500.00 7722500.00 -7029.21 
572500.00 7722500.00 -6951.65 
577500.00 7722500.00 -7306.66 
402500.00 7727500.00 -1377.72 
407500.00 7727500.00 -1855.87 
412500.00 7727500.00 -2390.41 
417500.00 7727500.00 -2844.41 
422500.00 7727500.00 -3301.86 
427500.00 7727500.00 -3928.05 
432500.00 7727500.00 -4913.06 
437500.00 7727500.00 -4930.21 
442500.00 7727500.00 -5269.86 
447500.00 7727500.00 -5449.12 
452500.00 7727500.00 -5319.77 
457500.00 7727500.00 -5168.51 
462500.00 7727500.00 -5587.50 
467500.00 7727500.00 -5812.13 
472500.00 7727500.00 -6332.77 
477500.00 7727500.00 -5131.75 
482500.00 7727500.00 -6588.83 
487500.00 7727500.00 -7188.74 
492500.00 7727500.00 -6568.48 
497500.00 7727500.00 -7117.77 
502500.00 7727500.00 -8131.07 
507500.00 7727500.00 -7497.71 
512500.00 7727500.00 -7519.11 
517500.00 7727500.00 -8378.00 
522500.00 7727500.00 -6601.68 
527500.00 7727500.00 -6084.18 
532500.00 7727500.00 -7698.73 
537500.00 7727500.00 -7977.79 
542500.00 7727500.00 -5592.03 
547500.00 7727500.00 -4591.02 
552500.00 7727500.00 -7172.62 
557500.00 7727500.00 -7433.01 
562500.00 7727500.00 -7181.07 
567500.00 7727500.00 -6852.66 
572500.00 7727500.00 -6870.17 
577500.00 7727500.00 -7423.88 
402500.00 7732500.00 -1275.08 
407500.00 7732500.00 -1601.60 
412500.00 7732500.00 -2156.49 
417500.00 7732500.00 -2582.70 
422500.00 7732500.00 -3084.99 
427500.00 7732500.00 -3714.13 
432500.00 7732500.00 -4753.47 
437500.00 7732500.00 -5338.87 
442500.00 7732500.00 -5436.08 
447500.00 7732500.00 -5516.27 
452500.00 7732500.00 -5437.07 
457500.00 7732500.00 -5337.03 
462500.00 7732500.00 -5407.82 
467500.00 7732500.00 -5913.76 
472500.00 7732500.00 -5773.25 
477500.00 7732500.00 -5427.89 
482500.00 7732500.00 -6530.05 
487500.00 7732500.00 -5963.87 
492500.00 7732500.00 -6737.09 
497500.00 7732500.00 -6997.31 
502500.00 7732500.00 -6451.25 
507500.00 7732500.00 -6537.11 
512500.00 7732500.00 -8071.94 
517500.00 7732500.00 -5107.90 
522500.00 7732500.00 -6918.92 
527500.00 7732500.00 -6249.90 
532500.00 7732500.00 -7200.73 
537500.00 7732500.00 -8052.33 
542500.00 7732500.00 -8392.12 
547500.00 7732500.00 -7836.02 
552500.00 7732500.00 -7624.42 
557500.00 7732500.00 -7527.16 
562500.00 7732500.00 -7426.43 
567500.00 7732500.00 -6913.87 
572500.00 7732500.00 -7199.97 
577500.00 7732500.00 -7580.41 
402500.00 7737500.00 -1266.65 
407500.00 7737500.00 -1472.50 
412500.00 7737500.00 -2082.29 
417500.00 7737500.00 -2590.74 
422500.00 7737500.00 -3037.88 
427500.00 7737500.00 -3460.20 
432500.00 7737500.00 -4629.40 
437500.00 7737500.00 -5583.38 
442500.00 7737500.00 -5474.15 
447500.00 7737500.00 -5597.67 
452500.00 7737500.00 -5475.83 
457500.00 7737500.00 -5336.38 
462500.00 7737500.00 -5428.88 
467500.00 7737500.00 -5920.00 
472500.00 7737500.00 -5802.54 
477500.00 7737500.00 -5780.71 
482500.00 7737500.00 -6608.24 
487500.00 7737500.00 -5665.46 
492500.00 7737500.00 -6512.92 
497500.00 7737500.00 -6764.45 
502500.00 7737500.00 -6094.48 
507500.00 7737500.00 -7548.24 
512500.00 7737500.00 -7493.03 
517500.00 7737500.00 -5010.49 
522500.00 7737500.00 -6825.96 
527500.00 7737500.00 -6705.80 
532500.00 7737500.00 -7164.84 
537500.00 7737500.00 -7789.60 
542500.00 7737500.00 -7793.60 
547500.00 7737500.00 -7789.41 
552500.00 7737500.00 -7330.50 
557500.00 7737500.00 -7442.89 
562500.00 7737500.00 -7772.36 
567500.00 7737500.00 -7625.69 
572500.00 7737500.00 -8011.31 
577500.00 7737500.00 -8019.54 
402500.00 7742500.00 -1426.27 
407500.00 7742500.00 -1492.41 
412500.00 7742500.00 -1978.43 
417500.00 7742500.00 -2556.33 
422500.00 7742500.00 -3060.12 
427500.00 7742500.00 -3452.30 
432500.00 7742500.00 -4138.27 
437500.00 7742500.00 -5082.18 
442500.00 7742500.00 -5630.26 
447500.00 7742500.00 -5882.14 
452500.00 7742500.00 -5463.94 
457500.00 7742500.00 -5435.33 
462500.00 7742500.00 -5803.97 
467500.00 7742500.00 -6013.45 
472500.00 7742500.00 -6128.02 
477500.00 7742500.00 -6314.61 
482500.00 7742500.00 -6701.42 
487500.00 7742500.00 -6002.80 
492500.00 7742500.00 -6253.33 
497500.00 7742500.00 -6529.62 
502500.00 7742500.00 -6660.47 
507500.00 7742500.00 -7372.07 
512500.00 7742500.00 -7405.33 
517500.00 7742500.00 -6817.85 
522500.00 7742500.00 -6425.74 
527500.00 7742500.00 -6461.20 
532500.00 7742500.00 -7457.95 
537500.00 7742500.00 -8045.32 
542500.00 7742500.00 -8197.66 
547500.00 7742500.00 -7884.89 
552500.00 7742500.00 -7391.11 
557500.00 7742500.00 -7222.58 
562500.00 7742500.00 -7886.38 
567500.00 7742500.00 -8387.88 
572500.00 7742500.00 -9104.07 
577500.00 7742500.00 -9194.93 
402500.00 7747500.00 -1499.09 
407500.00 7747500.00 -1547.35 
412500.00 7747500.00 -1789.81 
417500.00 7747500.00 -2406.79 
422500.00 7747500.00 -3045.86 
427500.00 7747500.00 -3522.77 
432500.00 7747500.00 -4264.17 
437500.00 7747500.00 -5038.77 
442500.00 7747500.00 -5731.25 
447500.00 7747500.00 -5828.34 
452500.00 7747500.00 -5586.14 
457500.00 7747500.00 -5590.25 
462500.00 7747500.00 -5922.88 
467500.00 7747500.00 -6057.68 
472500.00 7747500.00 -6438.38 
477500.00 7747500.00 -6220.80 
482500.00 7747500.00 -6652.55 
487500.00 7747500.00 -6274.50 
492500.00 7747500.00 -5949.39 
497500.00 7747500.00 -6269.18 
502500.00 7747500.00 -6930.53 
507500.00 7747500.00 -7433.23 
512500.00 7747500.00 -7767.02 
517500.00 7747500.00 -7236.83 
522500.00 7747500.00 -7826.75 
527500.00 7747500.00 -6991.24 
532500.00 7747500.00 -6302.03 
537500.00 7747500.00 -5873.75 
542500.00 7747500.00 -8335.23 
547500.00 7747500.00 -7267.17 
552500.00 7747500.00 -7408.07 
557500.00 7747500.00 -7147.79 
562500.00 7747500.00 -7701.40 
567500.00 7747500.00 -8130.32 
572500.00 7747500.00 -9323.08 
577500.00 7747500.00 -9437.05 
402500.00 7752500.00 -1411.30 
407500.00 7752500.00 -1470.78 
412500.00 7752500.00 -1643.12 
417500.00 7752500.00 -2366.31 
422500.00 7752500.00 -2903.83 
427500.00 7752500.00 -3533.39 
432500.00 7752500.00 -4438.49 
437500.00 7752500.00 -5138.65 
442500.00 7752500.00 -5790.40 
447500.00 7752500.00 -5900.66 
452500.00 7752500.00 -5782.72 
457500.00 7752500.00 -5624.98 
462500.00 7752500.00 -5764.97 
467500.00 7752500.00 -5988.24 
472500.00 7752500.00 -6492.50 
477500.00 7752500.00 -5360.67 
482500.00 7752500.00 -6748.56 
487500.00 7752500.00 -6965.27 
492500.00 7752500.00 -5462.68 
497500.00 7752500.00 -6044.27 
502500.00 7752500.00 -6536.74 
507500.00 7752500.00 -7429.71 
512500.00 7752500.00 -7971.62 
517500.00 7752500.00 -7901.38 
522500.00 7752500.00 -7741.63 
527500.00 7752500.00 -8144.57 
532500.00 7752500.00 -7993.98 
537500.00 7752500.00 -6948.94 
542500.00 7752500.00 -8065.23 
547500.00 7752500.00 -7710.21 
552500.00 7752500.00 -8429.33 
557500.00 7752500.00 -7927.38 
562500.00 7752500.00 -8085.77 
567500.00 7752500.00 -8535.25 
572500.00 7752500.00 -9288.64 
577500.00 7752500.00 -7654.15 
402500.00 7757500.00 -1290.20 
407500.00 7757500.00 -1461.24 
412500.00 7757500.00 -1561.14 
417500.00 7757500.00 -2113.70 
422500.00 7757500.00 -2797.88 
427500.00 7757500.00 -3511.12 
432500.00 7757500.00 -4428.83 
437500.00 7757500.00 -5012.60 
442500.00 7757500.00 -5488.02 
447500.00 7757500.00 -6043.15 
452500.00 7757500.00 -5864.03 
457500.00 7757500.00 -5725.12 
462500.00 7757500.00 -5940.84 
467500.00 7757500.00 -6133.77 
472500.00 7757500.00 -6389.00 
477500.00 7757500.00 -5901.78 
482500.00 7757500.00 -6901.73 
487500.00 7757500.00 -6912.75 
492500.00 7757500.00 -6392.40 
497500.00 7757500.00 -6668.40 
502500.00 7757500.00 -6095.54 
507500.00 7757500.00 -7111.01 
512500.00 7757500.00 -6955.61 
517500.00 7757500.00 -7252.50 
522500.00 7757500.00 -7915.52 
527500.00 7757500.00 -8348.06 
532500.00 7757500.00 -8121.36 
537500.00 7757500.00 -7608.46 
542500.00 7757500.00 -4958.25 
547500.00 7757500.00 -5505.97 
552500.00 7757500.00 -8610.46 
557500.00 7757500.00 -7886.06 
562500.00 7757500.00 -8403.95 
567500.00 7757500.00 -9027.77 
572500.00 7757500.00 -9045.19 
577500.00 7757500.00 -9092.89 
402500.00 7762500.00 -1169.26 
407500.00 7762500.00 -1299.14 
412500.00 7762500.00 -1544.46 
417500.00 7762500.00 -2322.90 
422500.00 7762500.00 -2847.79 
427500.00 7762500.00 -3490.39 
432500.00 7762500.00 -4389.05 
437500.00 7762500.00 -4838.83 
442500.00 7762500.00 -5220.47 
447500.00 7762500.00 -5717.65 
452500.00 7762500.00 -5839.02 
457500.00 7762500.00 -5992.54 
462500.00 7762500.00 -6182.40 
467500.00 7762500.00 -6173.17 
472500.00 7762500.00 -6501.43 
477500.00 7762500.00 -5791.07 
482500.00 7762500.00 -6718.85 
487500.00 7762500.00 -6830.02 
492500.00 7762500.00 -6862.82 
497500.00 7762500.00 -6881.03 
502500.00 7762500.00 -5851.37 
507500.00 7762500.00 -6429.32 
512500.00 7762500.00 -7162.51 
517500.00 7762500.00 -7472.54 
522500.00 7762500.00 -7684.57 
527500.00 7762500.00 -7807.36 
532500.00 7762500.00 -7428.16 
537500.00 7762500.00 -7355.66 
542500.00 7762500.00 -7785.06 
547500.00 7762500.00 -8038.45 
552500.00 7762500.00 -8609.50 
557500.00 7762500.00 -7939.27 
562500.00 7762500.00 -7889.57 
567500.00 7762500.00 -8481.23 
572500.00 7762500.00 -8889.13 
577500.00 7762500.00 -9019.85 
402500.00 7767500.00 -1190.98 
407500.00 7767500.00 -1343.44 
412500.00 7767500.00 -1527.72 
417500.00 7767500.00 -2347.81 
422500.00 7767500.00 -2869.15 
427500.00 7767500.00 -3411.25 
432500.00 7767500.00 -4380.40 
437500.00 7767500.00 -4824.67 
442500.00 7767500.00 -5247.44 
447500.00 7767500.00 -5612.30 
452500.00 7767500.00 -5869.85 
457500.00 7767500.00 -6208.50 
462500.00 7767500.00 -6117.32 
467500.00 7767500.00 -6222.10 
472500.00 7767500.00 -6373.77 
477500.00 7767500.00 -5962.33 
482500.00 7767500.00 -6553.90 
487500.00 7767500.00 -6614.19 
492500.00 7767500.00 -6505.90 
497500.00 7767500.00 -6516.19 
502500.00 7767500.00 -7455.26 
507500.00 7767500.00 -7287.81 
512500.00 7767500.00 -7107.83 
517500.00 7767500.00 -7084.44 
522500.00 7767500.00 -7982.35 
527500.00 7767500.00 -7986.59 
532500.00 7767500.00 -7657.28 
537500.00 7767500.00 -7563.23 
542500.00 7767500.00 -8349.18 
547500.00 7767500.00 -8388.54 
552500.00 7767500.00 -8252.75 
557500.00 7767500.00 -8276.82 
562500.00 7767500.00 -8050.81 
567500.00 7767500.00 -8672.75 
572500.00 7767500.00 -9170.71 
577500.00 7767500.00 -9342.69 
402500.00 7772500.00 -1104.28 
407500.00 7772500.00 -1369.18 
412500.00 7772500.00 -1703.94 
417500.00 7772500.00 -2404.92 
422500.00 7772500.00 -3089.69 
427500.00 7772500.00 -3478.94 
432500.00 7772500.00 -4206.69 
437500.00 7772500.00 -4794.99 
442500.00 7772500.00 -5101.31 
447500.00 7772500.00 -5415.29 
452500.00 7772500.00 -5837.95 
457500.00 7772500.00 -6082.53 
462500.00 7772500.00 -6040.02 
467500.00 7772500.00 -6256.85 
472500.00 7772500.00 -6266.98 
477500.00 7772500.00 -6580.82 
482500.00 7772500.00 -6326.90 
487500.00 7772500.00 -6153.77 
492500.00 7772500.00 -7309.31 
497500.00 7772500.00 -7533.42 
502500.00 7772500.00 -7741.67 
507500.00 7772500.00 -7730.83 
512500.00 7772500.00 -7741.61 
517500.00 7772500.00 -7052.57 
522500.00 7772500.00 -7505.14 
527500.00 7772500.00 -7512.06 
532500.00 7772500.00 -7964.39 
537500.00 7772500.00 -8370.70 
542500.00 7772500.00 -9154.83 
547500.00 7772500.00 -9156.80 
552500.00 7772500.00 -9579.55 
557500.00 7772500.00 -9184.19 
562500.00 7772500.00 -9115.50 
567500.00 7772500.00 -9123.48 
572500.00 7772500.00 -9065.80 
577500.00 7772500.00 -9307.34 
402500.00 7777500.00 -1069.89 
407500.00 7777500.00 -1380.57 
412500.00 7777500.00 -1809.54 
417500.00 7777500.00 -2317.99 
422500.00 7777500.00 -3126.52 
427500.00 7777500.00 -3563.24 
432500.00 7777500.00 -4180.42 
437500.00 7777500.00 -4541.94 
442500.00 7777500.00 -4898.90 
447500.00 7777500.00 -5268.04 
452500.00 7777500.00 -5800.94 
457500.00 7777500.00 -6159.23 
462500.00 7777500.00 -6090.93 
467500.00 7777500.00 -5952.67 
472500.00 7777500.00 -6335.21 
477500.00 7777500.00 -6564.23 
482500.00 7777500.00 -6244.14 
487500.00 7777500.00 -6131.34 
492500.00 7777500.00 -7485.11 
497500.00 7777500.00 -7813.85 
502500.00 7777500.00 -7402.26 
507500.00 7777500.00 -7614.53 
512500.00 7777500.00 -7872.92 
517500.00 7777500.00 -7432.69 
522500.00 7777500.00 -7928.38 
527500.00 7777500.00 -7941.79 
532500.00 7777500.00 -9044.22 
537500.00 7777500.00 -9832.99 
542500.00 7777500.00 -9057.16 
547500.00 7777500.00 -8695.27 
552500.00 7777500.00 -9427.42 
557500.00 7777500.00 -9268.31 
562500.00 7777500.00 -9589.39 
567500.00 7777500.00 -9791.57 
572500.00 7777500.00 -9157.59 
577500.00 7777500.00 -9011.71 
402500.00 7782500.00 -1169.02 
407500.00 7782500.00 -1475.97 
412500.00 7782500.00 -1909.98 
417500.00 7782500.00 -2355.43 
422500.00 7782500.00 -3174.31 
427500.00 7782500.00 -3706.67 
432500.00 7782500.00 -4245.71 
437500.00 7782500.00 -4385.84 
442500.00 7782500.00 -4583.56 
447500.00 7782500.00 -5002.87 
452500.00 7782500.00 -5604.41 
457500.00 7782500.00 -6049.26 
462500.00 7782500.00 -6108.45 
467500.00 7782500.00 -5949.82 
472500.00 7782500.00 -6410.80 
477500.00 7782500.00 -6281.28 
482500.00 7782500.00 -5899.34 
487500.00 7782500.00 -7373.29 
492500.00 7782500.00 -7809.89 
497500.00 7782500.00 -7645.17 
502500.00 7782500.00 -6596.60 
507500.00 7782500.00 -7688.44 
512500.00 7782500.00 -8075.91 
517500.00 7782500.00 -8075.51 
522500.00 7782500.00 -7684.97 
527500.00 7782500.00 -8226.46 
532500.00 7782500.00 -9826.47 
537500.00 7782500.00 -9416.08 
542500.00 7782500.00 -7985.06 
547500.00 7782500.00 -7438.25 
552500.00 7782500.00 -9357.56 
557500.00 7782500.00 -9495.80 
562500.00 7782500.00 -9297.30 
567500.00 7782500.00 -9496.74 
572500.00 7782500.00 -9407.83 
577500.00 7782500.00 -9241.46 
402500.00 7787500.00 -1324.84 
407500.00 7787500.00 -1559.59 
412500.00 7787500.00 -2031.77 
417500.00 7787500.00 -2323.18 
422500.00 7787500.00 -2981.02 
427500.00 7787500.00 -3586.33 
432500.00 7787500.00 -4177.22 
437500.00 7787500.00 -4494.90 
442500.00 7787500.00 -4538.68 
447500.00 7787500.00 -4903.05 
452500.00 7787500.00 -5736.76 
457500.00 7787500.00 -6187.26 
462500.00 7787500.00 -6300.13 
467500.00 7787500.00 -6066.54 
472500.00 7787500.00 -6553.59 
477500.00 7787500.00 -6927.74 
482500.00 7787500.00 -6586.13 
487500.00 7787500.00 -7333.63 
492500.00 7787500.00 -8180.94 
497500.00 7787500.00 -7202.16 
502500.00 7787500.00 -5646.76 
507500.00 7787500.00 -7813.93 
512500.00 7787500.00 -8204.15 
517500.00 7787500.00 -8356.20 
522500.00 7787500.00 -5847.87 
527500.00 7787500.00 -8025.14 
532500.00 7787500.00 -10241.48 
537500.00 7787500.00 -8930.03 
542500.00 7787500.00 -8295.02 
547500.00 7787500.00 -8137.22 
552500.00 7787500.00 -9019.31 
557500.00 7787500.00 -9222.80 
562500.00 7787500.00 -9155.25 
567500.00 7787500.00 -9175.20 
572500.00 7787500.00 -9328.60 
577500.00 7787500.00 -9304.35 
402500.00 7792500.00 -1414.86 
407500.00 7792500.00 -1555.32 
412500.00 7792500.00 -1958.70 
417500.00 7792500.00 -2328.45 
422500.00 7792500.00 -2909.51 
427500.00 7792500.00 -3459.75 
432500.00 7792500.00 -4134.77 
437500.00 7792500.00 -4597.31 
442500.00 7792500.00 -4908.40 
447500.00 7792500.00 -4943.25 
452500.00 7792500.00 -5549.41 
457500.00 7792500.00 -5953.85 
462500.00 7792500.00 -6070.25 
467500.00 7792500.00 -6381.35 
472500.00 7792500.00 -6309.60 
477500.00 7792500.00 -6572.12 
482500.00 7792500.00 -6875.74 
487500.00 7792500.00 -7161.48 
492500.00 7792500.00 -6765.69 
497500.00 7792500.00 -7256.89 
502500.00 7792500.00 -7886.44 
507500.00 7792500.00 -8158.92 
512500.00 7792500.00 -8300.00 
517500.00 7792500.00 -8185.77 
522500.00 7792500.00 -7249.87 
527500.00 7792500.00 -8283.36 
532500.00 7792500.00 -9062.34 
537500.00 7792500.00 -8656.15 
542500.00 7792500.00 -8803.62 
547500.00 7792500.00 -8856.06 
552500.00 7792500.00 -8935.00 
557500.00 7792500.00 -9017.32 
562500.00 7792500.00 -9249.14 
567500.00 7792500.00 -9200.01 
572500.00 7792500.00 -9261.96 
577500.00 7792500.00 -9281.20 
402500.00 7797500.00 -1351.50 
407500.00 7797500.00 -1448.40 
412500.00 7797500.00 -1901.56 
417500.00 7797500.00 -2332.50 
422500.00 7797500.00 -2720.69 
427500.00 7797500.00 -3147.48 
432500.00 7797500.00 -4352.01 
437500.00 7797500.00 -4838.00 
442500.00 7797500.00 -5131.50 
447500.00 7797500.00 -5142.45 
452500.00 7797500.00 -5555.57 
457500.00 7797500.00 -5919.26 
462500.00 7797500.00 -6207.41 
467500.00 7797500.00 -6496.51 
472500.00 7797500.00 -6188.93 
477500.00 7797500.00 -6740.45 
482500.00 7797500.00 -7121.50 
487500.00 7797500.00 -7523.07 
492500.00 7797500.00 -6396.12 
497500.00 7797500.00 -6630.25 
502500.00 7797500.00 -7408.53 
507500.00 7797500.00 -7441.23 
512500.00 7797500.00 -7910.03 
517500.00 7797500.00 -7942.32 
522500.00 7797500.00 -7983.46 
527500.00 7797500.00 -8088.75 
532500.00 7797500.00 -8447.17 
537500.00 7797500.00 -8592.55 
542500.00 7797500.00 -8709.82 
547500.00 7797500.00 -8783.55 
552500.00 7797500.00 -8960.34 
557500.00 7797500.00 -9023.05 
562500.00 7797500.00 -9164.83 
567500.00 7797500.00 -9140.57 
572500.00 7797500.00 -9233.84 
577500.00 7797500.00 -9261.80 
402500.00 7802500.00 -1276.71 
407500.00 7802500.00 -1322.11 
412500.00 7802500.00 -1800.35 
417500.00 7802500.00 -2258.90 
422500.00 7802500.00 -2931.03 
427500.00 7802500.00 -3363.36 
432500.00 7802500.00 -4263.57 
437500.00 7802500.00 -4867.98 
442500.00 7802500.00 -5201.08 
447500.00 7802500.00 -5464.65 
452500.00 7802500.00 -5709.34 
457500.00 7802500.00 -5898.46 
462500.00 7802500.00 -6339.10 
467500.00 7802500.00 -6475.25 
472500.00 7802500.00 -6679.68 
477500.00 7802500.00 -6165.71 
482500.00 7802500.00 -5672.69 
487500.00 7802500.00 -6999.74 
492500.00 7802500.00 -6393.13 
497500.00 7802500.00 -4695.68 
502500.00 7802500.00 -6586.34 
507500.00 7802500.00 -6956.34 
512500.00 7802500.00 -7420.90 
517500.00 7802500.00 -7756.78 
522500.00 7802500.00 -8016.51 
527500.00 7802500.00 -8104.34 
532500.00 7802500.00 -8270.54 
537500.00 7802500.00 -8346.25 
542500.00 7802500.00 -8588.81 
547500.00 7802500.00 -8706.44 
552500.00 7802500.00 -8832.52 
557500.00 7802500.00 -8866.74 
562500.00 7802500.00 -8958.20 
567500.00 7802500.00 -8849.69 
572500.00 7802500.00 -8923.43 
577500.00 7802500.00 -8897.30 
