# Petrel Points with attributes
# Unit in X and Y direction: m
# Unit in depth: m
VERSION 1
BEGIN HEADER
X
Y
Z
END HEADER
402500.00 7652500.00 -4667.59 
407500.00 7652500.00 -5146.27 
412500.00 7652500.00 -5336.74 
417500.00 7652500.00 -5309.21 
422500.00 7652500.00 -5404.42 
427500.00 7652500.00 -5316.58 
432500.00 7652500.00 -5315.99 
437500.00 7652500.00 -5900.07 
442500.00 7652500.00 -5630.83 
447500.00 7652500.00 -5960.91 
452500.00 7652500.00 -5948.14 
457500.00 7652500.00 -5858.37 
462500.00 7652500.00 -6045.23 
467500.00 7652500.00 -4625.09 
472500.00 7652500.00 -3553.57 
477500.00 7652500.00 -4574.14 
482500.00 7652500.00 -5507.36 
487500.00 7652500.00 -6467.39 
492500.00 7652500.00 -6437.99 
497500.00 7652500.00 -4961.81 
502500.00 7652500.00 -5719.89 
507500.00 7652500.00 -4458.12 
512500.00 7652500.00 -4599.12 
517500.00 7652500.00 -6102.18 
522500.00 7652500.00 -7008.18 
527500.00 7652500.00 -6917.54 
532500.00 7652500.00 -7128.83 
537500.00 7652500.00 -5826.81 
542500.00 7652500.00 -4655.99 
547500.00 7652500.00 -4185.23 
552500.00 7652500.00 -5816.06 
557500.00 7652500.00 -7134.02 
562500.00 7652500.00 -7066.91 
567500.00 7652500.00 -6811.41 
572500.00 7652500.00 -6651.57 
577500.00 7652500.00 -6489.19 
402500.00 7657500.00 -4652.19 
407500.00 7657500.00 -4930.10 
412500.00 7657500.00 -5556.82 
417500.00 7657500.00 -5480.47 
422500.00 7657500.00 -5322.15 
427500.00 7657500.00 -5286.23 
432500.00 7657500.00 -5402.17 
437500.00 7657500.00 -5568.60 
442500.00 7657500.00 -5662.40 
447500.00 7657500.00 -5887.83 
452500.00 7657500.00 -5316.43 
457500.00 7657500.00 -5155.96 
462500.00 7657500.00 -5178.93 
467500.00 7657500.00 -5026.72 
472500.00 7657500.00 -3560.90 
477500.00 7657500.00 -4453.18 
482500.00 7657500.00 -6672.30 
487500.00 7657500.00 -5627.63 
492500.00 7657500.00 -4649.14 
497500.00 7657500.00 -4386.14 
502500.00 7657500.00 -5321.21 
507500.00 7657500.00 -4106.00 
512500.00 7657500.00 -3861.71 
517500.00 7657500.00 -5645.47 
522500.00 7657500.00 -7064.59 
527500.00 7657500.00 -6872.62 
532500.00 7657500.00 -6248.44 
537500.00 7657500.00 -6053.46 
542500.00 7657500.00 -4942.46 
547500.00 7657500.00 -4787.38 
552500.00 7657500.00 -6059.57 
557500.00 7657500.00 -7447.97 
562500.00 7657500.00 -7467.10 
567500.00 7657500.00 -7254.06 
572500.00 7657500.00 -7039.00 
577500.00 7657500.00 -7009.52 
402500.00 7662500.00 -4752.09 
407500.00 7662500.00 -4750.98 
412500.00 7662500.00 -5332.38 
417500.00 7662500.00 -5441.01 
422500.00 7662500.00 -5303.71 
427500.00 7662500.00 -5374.99 
432500.00 7662500.00 -5399.47 
437500.00 7662500.00 -5402.62 
442500.00 7662500.00 -5613.99 
447500.00 7662500.00 -4920.70 
452500.00 7662500.00 -4784.60 
457500.00 7662500.00 -5921.00 
462500.00 7662500.00 -5472.00 
467500.00 7662500.00 -5135.20 
472500.00 7662500.00 -4346.39 
477500.00 7662500.00 -4682.68 
482500.00 7662500.00 -6032.69 
487500.00 7662500.00 -4470.63 
492500.00 7662500.00 -5341.79 
497500.00 7662500.00 -5176.19 
502500.00 7662500.00 -7223.14 
507500.00 7662500.00 -5228.87 
512500.00 7662500.00 -3871.45 
517500.00 7662500.00 -4892.85 
522500.00 7662500.00 -7486.91 
527500.00 7662500.00 -5960.58 
532500.00 7662500.00 -7045.70 
537500.00 7662500.00 -5574.94 
542500.00 7662500.00 -4702.01 
547500.00 7662500.00 -5142.62 
552500.00 7662500.00 -5181.62 
557500.00 7662500.00 -7201.36 
562500.00 7662500.00 -7927.19 
567500.00 7662500.00 -7612.47 
572500.00 7662500.00 -7367.54 
577500.00 7662500.00 -7528.17 
402500.00 7667500.00 -4490.21 
407500.00 7667500.00 -4714.47 
412500.00 7667500.00 -5091.96 
417500.00 7667500.00 -5342.60 
422500.00 7667500.00 -5485.83 
427500.00 7667500.00 -5381.84 
432500.00 7667500.00 -4890.63 
437500.00 7667500.00 -5302.55 
442500.00 7667500.00 -5680.02 
447500.00 7667500.00 -5034.29 
452500.00 7667500.00 -5223.49 
457500.00 7667500.00 -6361.89 
462500.00 7667500.00 -5806.76 
467500.00 7667500.00 -5665.64 
472500.00 7667500.00 -6416.41 
477500.00 7667500.00 -4875.14 
482500.00 7667500.00 -6073.44 
487500.00 7667500.00 -5467.15 
492500.00 7667500.00 -5509.62 
497500.00 7667500.00 -5646.25 
502500.00 7667500.00 -8320.25 
507500.00 7667500.00 -6195.77 
512500.00 7667500.00 -4178.53 
517500.00 7667500.00 -4774.90 
522500.00 7667500.00 -6511.53 
527500.00 7667500.00 -5572.95 
532500.00 7667500.00 -7809.42 
537500.00 7667500.00 -7607.09 
542500.00 7667500.00 -5572.42 
547500.00 7667500.00 -5584.17 
552500.00 7667500.00 -5640.73 
557500.00 7667500.00 -6783.04 
562500.00 7667500.00 -7638.28 
567500.00 7667500.00 -7464.25 
572500.00 7667500.00 -7135.61 
577500.00 7667500.00 -7159.38 
402500.00 7672500.00 -3963.61 
407500.00 7672500.00 -4144.16 
412500.00 7672500.00 -4760.68 
417500.00 7672500.00 -5329.17 
422500.00 7672500.00 -5395.52 
427500.00 7672500.00 -5382.50 
432500.00 7672500.00 -5414.91 
437500.00 7672500.00 -5613.96 
442500.00 7672500.00 -5634.47 
447500.00 7672500.00 -4934.41 
452500.00 7672500.00 -5489.31 
457500.00 7672500.00 -6180.70 
462500.00 7672500.00 -6154.40 
467500.00 7672500.00 -5222.34 
472500.00 7672500.00 -6410.74 
477500.00 7672500.00 -5774.27 
482500.00 7672500.00 -5999.68 
487500.00 7672500.00 -6846.90 
492500.00 7672500.00 -5401.46 
497500.00 7672500.00 -6561.13 
502500.00 7672500.00 -7456.08 
507500.00 7672500.00 -5405.00 
512500.00 7672500.00 -4470.80 
517500.00 7672500.00 -5277.89 
522500.00 7672500.00 -5744.76 
527500.00 7672500.00 -5586.36 
532500.00 7672500.00 -7721.63 
537500.00 7672500.00 -7888.39 
542500.00 7672500.00 -5667.58 
547500.00 7672500.00 -5247.96 
552500.00 7672500.00 -6068.25 
557500.00 7672500.00 -6471.74 
562500.00 7672500.00 -6899.22 
567500.00 7672500.00 -6798.37 
572500.00 7672500.00 -6842.54 
577500.00 7672500.00 -6980.76 
402500.00 7677500.00 -3802.84 
407500.00 7677500.00 -3987.23 
412500.00 7677500.00 -4465.11 
417500.00 7677500.00 -5102.81 
422500.00 7677500.00 -5356.36 
427500.00 7677500.00 -5395.52 
432500.00 7677500.00 -5349.25 
437500.00 7677500.00 -5407.26 
442500.00 7677500.00 -5586.08 
447500.00 7677500.00 -5477.89 
452500.00 7677500.00 -5941.74 
457500.00 7677500.00 -6223.57 
462500.00 7677500.00 -6152.27 
467500.00 7677500.00 -5003.71 
472500.00 7677500.00 -6341.97 
477500.00 7677500.00 -5980.76 
482500.00 7677500.00 -5269.20 
487500.00 7677500.00 -6846.86 
492500.00 7677500.00 -5237.22 
497500.00 7677500.00 -7391.44 
502500.00 7677500.00 -5741.78 
507500.00 7677500.00 -4530.40 
512500.00 7677500.00 -4322.67 
517500.00 7677500.00 -4686.33 
522500.00 7677500.00 -6562.36 
527500.00 7677500.00 -6670.87 
532500.00 7677500.00 -8001.61 
537500.00 7677500.00 -8019.43 
542500.00 7677500.00 -6394.07 
547500.00 7677500.00 -5529.97 
552500.00 7677500.00 -5833.06 
557500.00 7677500.00 -6706.36 
562500.00 7677500.00 -7284.12 
567500.00 7677500.00 -7073.44 
572500.00 7677500.00 -6862.27 
577500.00 7677500.00 -7434.11 
402500.00 7682500.00 -3631.76 
407500.00 7682500.00 -3847.35 
412500.00 7682500.00 -4191.35 
417500.00 7682500.00 -4697.90 
422500.00 7682500.00 -5140.50 
427500.00 7682500.00 -5255.55 
432500.00 7682500.00 -5257.20 
437500.00 7682500.00 -5277.70 
442500.00 7682500.00 -5638.55 
447500.00 7682500.00 -5975.38 
452500.00 7682500.00 -5654.75 
457500.00 7682500.00 -5498.70 
462500.00 7682500.00 -5962.07 
467500.00 7682500.00 -5014.46 
472500.00 7682500.00 -5831.10 
477500.00 7682500.00 -6111.47 
482500.00 7682500.00 -5125.78 
487500.00 7682500.00 -6630.16 
492500.00 7682500.00 -5406.24 
497500.00 7682500.00 -7219.45 
502500.00 7682500.00 -6572.76 
507500.00 7682500.00 -7529.30 
512500.00 7682500.00 -5759.87 
517500.00 7682500.00 -5882.80 
522500.00 7682500.00 -6583.82 
527500.00 7682500.00 -5664.10 
532500.00 7682500.00 -7670.40 
537500.00 7682500.00 -8205.86 
542500.00 7682500.00 -7278.64 
547500.00 7682500.00 -6461.71 
552500.00 7682500.00 -7565.43 
557500.00 7682500.00 -7305.74 
562500.00 7682500.00 -7211.04 
567500.00 7682500.00 -7124.91 
572500.00 7682500.00 -7288.34 
577500.00 7682500.00 -7690.40 
402500.00 7687500.00 -3453.84 
407500.00 7687500.00 -3669.98 
412500.00 7687500.00 -4014.88 
417500.00 7687500.00 -4396.38 
422500.00 7687500.00 -4957.28 
427500.00 7687500.00 -5172.41 
432500.00 7687500.00 -5282.01 
437500.00 7687500.00 -5364.31 
442500.00 7687500.00 -5497.38 
447500.00 7687500.00 -5517.85 
452500.00 7687500.00 -5629.08 
457500.00 7687500.00 -5610.80 
462500.00 7687500.00 -5601.64 
467500.00 7687500.00 -4922.34 
472500.00 7687500.00 -5935.52 
477500.00 7687500.00 -6134.39 
482500.00 7687500.00 -6241.92 
487500.00 7687500.00 -6487.93 
492500.00 7687500.00 -6493.34 
497500.00 7687500.00 -6183.26 
502500.00 7687500.00 -7786.20 
507500.00 7687500.00 -7586.29 
512500.00 7687500.00 -6442.36 
517500.00 7687500.00 -5421.43 
522500.00 7687500.00 -6664.53 
527500.00 7687500.00 -5874.84 
532500.00 7687500.00 -6833.02 
537500.00 7687500.00 -8092.58 
542500.00 7687500.00 -7715.69 
547500.00 7687500.00 -5943.30 
552500.00 7687500.00 -5270.91 
557500.00 7687500.00 -5361.89 
562500.00 7687500.00 -6746.28 
567500.00 7687500.00 -7095.22 
572500.00 7687500.00 -7699.78 
577500.00 7687500.00 -7763.77 
402500.00 7692500.00 -3150.36 
407500.00 7692500.00 -3424.06 
412500.00 7692500.00 -3709.46 
417500.00 7692500.00 -3940.69 
422500.00 7692500.00 -4798.67 
427500.00 7692500.00 -5138.32 
432500.00 7692500.00 -5118.19 
437500.00 7692500.00 -5208.07 
442500.00 7692500.00 -5499.09 
447500.00 7692500.00 -5365.88 
452500.00 7692500.00 -5259.32 
457500.00 7692500.00 -5507.95 
462500.00 7692500.00 -5123.79 
467500.00 7692500.00 -4910.62 
472500.00 7692500.00 -5294.80 
477500.00 7692500.00 -5560.83 
482500.00 7692500.00 -6599.40 
487500.00 7692500.00 -5575.07 
492500.00 7692500.00 -6273.28 
497500.00 7692500.00 -6223.21 
502500.00 7692500.00 -7607.56 
507500.00 7692500.00 -6215.43 
512500.00 7692500.00 -4984.57 
517500.00 7692500.00 -4004.96 
522500.00 7692500.00 -5083.24 
527500.00 7692500.00 -5409.15 
532500.00 7692500.00 -5450.45 
537500.00 7692500.00 -7502.81 
542500.00 7692500.00 -7870.30 
547500.00 7692500.00 -6459.33 
552500.00 7692500.00 -6016.99 
557500.00 7692500.00 -6389.77 
562500.00 7692500.00 -6759.80 
567500.00 7692500.00 -7008.94 
572500.00 7692500.00 -7573.41 
577500.00 7692500.00 -8013.37 
402500.00 7697500.00 -2823.04 
407500.00 7697500.00 -3212.91 
412500.00 7697500.00 -3531.21 
417500.00 7697500.00 -3785.96 
422500.00 7697500.00 -4381.17 
427500.00 7697500.00 -4923.70 
432500.00 7697500.00 -5013.31 
437500.00 7697500.00 -5133.92 
442500.00 7697500.00 -5389.60 
447500.00 7697500.00 -5564.63 
452500.00 7697500.00 -5438.47 
457500.00 7697500.00 -5523.79 
462500.00 7697500.00 -5784.05 
467500.00 7697500.00 -5609.28 
472500.00 7697500.00 -5756.10 
477500.00 7697500.00 -5392.71 
482500.00 7697500.00 -6305.52 
487500.00 7697500.00 -5262.48 
492500.00 7697500.00 -5990.54 
497500.00 7697500.00 -6429.31 
502500.00 7697500.00 -7020.54 
507500.00 7697500.00 -7587.33 
512500.00 7697500.00 -6707.25 
517500.00 7697500.00 -4851.75 
522500.00 7697500.00 -4199.42 
527500.00 7697500.00 -4638.34 
532500.00 7697500.00 -5234.50 
537500.00 7697500.00 -6967.99 
542500.00 7697500.00 -7752.35 
547500.00 7697500.00 -6576.04 
552500.00 7697500.00 -5682.23 
557500.00 7697500.00 -6699.61 
562500.00 7697500.00 -6703.80 
567500.00 7697500.00 -6932.85 
572500.00 7697500.00 -7699.85 
577500.00 7697500.00 -8123.19 
402500.00 7702500.00 -2549.82 
407500.00 7702500.00 -3046.28 
412500.00 7702500.00 -3430.27 
417500.00 7702500.00 -3652.59 
422500.00 7702500.00 -4139.50 
427500.00 7702500.00 -4854.10 
432500.00 7702500.00 -5177.56 
437500.00 7702500.00 -5227.01 
442500.00 7702500.00 -5343.14 
447500.00 7702500.00 -5476.14 
452500.00 7702500.00 -5653.39 
457500.00 7702500.00 -5762.31 
462500.00 7702500.00 -5803.16 
467500.00 7702500.00 -5922.82 
472500.00 7702500.00 -5974.63 
477500.00 7702500.00 -6115.92 
482500.00 7702500.00 -6588.11 
487500.00 7702500.00 -5822.93 
492500.00 7702500.00 -5976.31 
497500.00 7702500.00 -6892.72 
502500.00 7702500.00 -6634.20 
507500.00 7702500.00 -7285.68 
512500.00 7702500.00 -6035.21 
517500.00 7702500.00 -4714.76 
522500.00 7702500.00 -4206.79 
527500.00 7702500.00 -5181.16 
532500.00 7702500.00 -7130.16 
537500.00 7702500.00 -7188.88 
542500.00 7702500.00 -7904.56 
547500.00 7702500.00 -7333.84 
552500.00 7702500.00 -4566.43 
557500.00 7702500.00 -5233.29 
562500.00 7702500.00 -6581.46 
567500.00 7702500.00 -6998.64 
572500.00 7702500.00 -7639.15 
577500.00 7702500.00 -7957.24 
402500.00 7707500.00 -2103.44 
407500.00 7707500.00 -3001.73 
412500.00 7707500.00 -3362.84 
417500.00 7707500.00 -3600.88 
422500.00 7707500.00 -4051.53 
427500.00 7707500.00 -4638.85 
432500.00 7707500.00 -5153.50 
437500.00 7707500.00 -5312.40 
442500.00 7707500.00 -5448.19 
447500.00 7707500.00 -5487.20 
452500.00 7707500.00 -5562.86 
457500.00 7707500.00 -5609.77 
462500.00 7707500.00 -4871.46 
467500.00 7707500.00 -5663.73 
472500.00 7707500.00 -5977.08 
477500.00 7707500.00 -6437.85 
482500.00 7707500.00 -6711.89 
487500.00 7707500.00 -5881.40 
492500.00 7707500.00 -6437.73 
497500.00 7707500.00 -6917.26 
502500.00 7707500.00 -6524.03 
507500.00 7707500.00 -5252.33 
512500.00 7707500.00 -5622.62 
517500.00 7707500.00 -5787.04 
522500.00 7707500.00 -5108.48 
527500.00 7707500.00 -6104.85 
532500.00 7707500.00 -6443.09 
537500.00 7707500.00 -6706.98 
542500.00 7707500.00 -7838.80 
547500.00 7707500.00 -7243.42 
552500.00 7707500.00 -4729.59 
557500.00 7707500.00 -4826.17 
562500.00 7707500.00 -6460.27 
567500.00 7707500.00 -7027.36 
572500.00 7707500.00 -7300.38 
577500.00 7707500.00 -7497.52 
402500.00 7712500.00 -1990.41 
407500.00 7712500.00 -2796.78 
412500.00 7712500.00 -3215.40 
417500.00 7712500.00 -3477.87 
422500.00 7712500.00 -3849.49 
427500.00 7712500.00 -4288.30 
432500.00 7712500.00 -5160.31 
437500.00 7712500.00 -5505.87 
442500.00 7712500.00 -5705.03 
447500.00 7712500.00 -5582.13 
452500.00 7712500.00 -5503.30 
457500.00 7712500.00 -5674.90 
462500.00 7712500.00 -5262.54 
467500.00 7712500.00 -5851.06 
472500.00 7712500.00 -6055.97 
477500.00 7712500.00 -5234.33 
482500.00 7712500.00 -6394.91 
487500.00 7712500.00 -6158.90 
492500.00 7712500.00 -6576.96 
497500.00 7712500.00 -6208.54 
502500.00 7712500.00 -7218.48 
507500.00 7712500.00 -6882.26 
512500.00 7712500.00 -6282.68 
517500.00 7712500.00 -7153.07 
522500.00 7712500.00 -6635.38 
527500.00 7712500.00 -7391.56 
532500.00 7712500.00 -7375.39 
537500.00 7712500.00 -6211.75 
542500.00 7712500.00 -7809.11 
547500.00 7712500.00 -7374.66 
552500.00 7712500.00 -4753.68 
557500.00 7712500.00 -4271.12 
562500.00 7712500.00 -7037.51 
567500.00 7712500.00 -7244.96 
572500.00 7712500.00 -7160.33 
577500.00 7712500.00 -7333.81 
402500.00 7717500.00 -1903.81 
407500.00 7717500.00 -2525.72 
412500.00 7717500.00 -3037.92 
417500.00 7717500.00 -3296.70 
422500.00 7717500.00 -3734.97 
427500.00 7717500.00 -4238.09 
432500.00 7717500.00 -5143.96 
437500.00 7717500.00 -5402.70 
442500.00 7717500.00 -5555.60 
447500.00 7717500.00 -5602.82 
452500.00 7717500.00 -5571.27 
457500.00 7717500.00 -5558.96 
462500.00 7717500.00 -5642.61 
467500.00 7717500.00 -5581.74 
472500.00 7717500.00 -6155.79 
477500.00 7717500.00 -5231.52 
482500.00 7717500.00 -6164.01 
487500.00 7717500.00 -6701.55 
492500.00 7717500.00 -5962.14 
497500.00 7717500.00 -6866.88 
502500.00 7717500.00 -7160.77 
507500.00 7717500.00 -7577.67 
512500.00 7717500.00 -5919.79 
517500.00 7717500.00 -7045.71 
522500.00 7717500.00 -6006.99 
527500.00 7717500.00 -7046.23 
532500.00 7717500.00 -8375.37 
537500.00 7717500.00 -6926.62 
542500.00 7717500.00 -6417.33 
547500.00 7717500.00 -7227.46 
552500.00 7717500.00 -4998.48 
557500.00 7717500.00 -4260.76 
562500.00 7717500.00 -7307.47 
567500.00 7717500.00 -7424.47 
572500.00 7717500.00 -7250.01 
577500.00 7717500.00 -7365.02 
402500.00 7722500.00 -1721.07 
407500.00 7722500.00 -2299.35 
412500.00 7722500.00 -2781.08 
417500.00 7722500.00 -3290.37 
422500.00 7722500.00 -3797.55 
427500.00 7722500.00 -4225.97 
432500.00 7722500.00 -5069.00 
437500.00 7722500.00 -5077.39 
442500.00 7722500.00 -5464.38 
447500.00 7722500.00 -5491.97 
452500.00 7722500.00 -5631.72 
457500.00 7722500.00 -5322.83 
462500.00 7722500.00 -5872.95 
467500.00 7722500.00 -5837.42 
472500.00 7722500.00 -6480.63 
477500.00 7722500.00 -4918.15 
482500.00 7722500.00 -6658.66 
487500.00 7722500.00 -7303.24 
492500.00 7722500.00 -6378.17 
497500.00 7722500.00 -7560.66 
502500.00 7722500.00 -7864.43 
507500.00 7722500.00 -8161.63 
512500.00 7722500.00 -7254.40 
517500.00 7722500.00 -8364.97 
522500.00 7722500.00 -7993.45 
527500.00 7722500.00 -6511.81 
532500.00 7722500.00 -8156.89 
537500.00 7722500.00 -8095.73 
542500.00 7722500.00 -5707.05 
547500.00 7722500.00 -4802.76 
552500.00 7722500.00 -5840.03 
557500.00 7722500.00 -6243.86 
562500.00 7722500.00 -7474.88 
567500.00 7722500.00 -7260.92 
572500.00 7722500.00 -7177.79 
577500.00 7722500.00 -7531.63 
402500.00 7727500.00 -1693.56 
407500.00 7727500.00 -2115.43 
412500.00 7727500.00 -2647.31 
417500.00 7727500.00 -3113.34 
422500.00 7727500.00 -3551.29 
427500.00 7727500.00 -4161.51 
432500.00 7727500.00 -5139.85 
437500.00 7727500.00 -5146.27 
442500.00 7727500.00 -5468.68 
447500.00 7727500.00 -5659.88 
452500.00 7727500.00 -5570.19 
457500.00 7727500.00 -5459.30 
462500.00 7727500.00 -5904.92 
467500.00 7727500.00 -6115.33 
472500.00 7727500.00 -6580.30 
477500.00 7727500.00 -5368.25 
482500.00 7727500.00 -6813.47 
487500.00 7727500.00 -7395.28 
492500.00 7727500.00 -6779.99 
497500.00 7727500.00 -7289.91 
502500.00 7727500.00 -8256.52 
507500.00 7727500.00 -7617.63 
512500.00 7727500.00 -7624.20 
517500.00 7727500.00 -8471.59 
522500.00 7727500.00 -6766.00 
527500.00 7727500.00 -6237.00 
532500.00 7727500.00 -7847.79 
537500.00 7727500.00 -8118.20 
542500.00 7727500.00 -5747.42 
547500.00 7727500.00 -4756.64 
552500.00 7727500.00 -7362.76 
557500.00 7727500.00 -7667.25 
562500.00 7727500.00 -7417.31 
567500.00 7727500.00 -7083.82 
572500.00 7727500.00 -7095.28 
577500.00 7727500.00 -7644.76 
402500.00 7732500.00 -1696.53 
407500.00 7732500.00 -1895.50 
412500.00 7732500.00 -2420.59 
417500.00 7732500.00 -2858.93 
422500.00 7732500.00 -3335.28 
427500.00 7732500.00 -3945.64 
432500.00 7732500.00 -4980.61 
437500.00 7732500.00 -5560.48 
442500.00 7732500.00 -5649.66 
447500.00 7732500.00 -5736.99 
452500.00 7732500.00 -5697.93 
457500.00 7732500.00 -5651.47 
462500.00 7732500.00 -5741.51 
467500.00 7732500.00 -6213.56 
472500.00 7732500.00 -6038.83 
477500.00 7732500.00 -5705.13 
482500.00 7732500.00 -6802.95 
487500.00 7732500.00 -6206.44 
492500.00 7732500.00 -6945.14 
497500.00 7732500.00 -7151.30 
502500.00 7732500.00 -6564.01 
507500.00 7732500.00 -6666.40 
512500.00 7732500.00 -8187.96 
517500.00 7732500.00 -5214.08 
522500.00 7732500.00 -7086.46 
527500.00 7732500.00 -6363.67 
532500.00 7732500.00 -7330.32 
537500.00 7732500.00 -8192.70 
542500.00 7732500.00 -8546.87 
547500.00 7732500.00 -7997.85 
552500.00 7732500.00 -7824.48 
557500.00 7732500.00 -7762.20 
562500.00 7732500.00 -7660.57 
567500.00 7732500.00 -7143.04 
572500.00 7732500.00 -7421.60 
577500.00 7732500.00 -7798.25 
402500.00 7737500.00 -1602.80 
407500.00 7737500.00 -1717.72 
412500.00 7737500.00 -2313.76 
417500.00 7737500.00 -2839.79 
422500.00 7737500.00 -3276.10 
427500.00 7737500.00 -3689.99 
432500.00 7737500.00 -4852.25 
437500.00 7737500.00 -5806.57 
442500.00 7737500.00 -5701.02 
447500.00 7737500.00 -5825.67 
452500.00 7737500.00 -5723.65 
457500.00 7737500.00 -5633.19 
462500.00 7737500.00 -5749.36 
467500.00 7737500.00 -6210.49 
472500.00 7737500.00 -6073.06 
477500.00 7737500.00 -6059.19 
482500.00 7737500.00 -6878.56 
487500.00 7737500.00 -5888.31 
492500.00 7737500.00 -6692.12 
497500.00 7737500.00 -6911.14 
502500.00 7737500.00 -6201.07 
507500.00 7737500.00 -7669.07 
512500.00 7737500.00 -7621.78 
517500.00 7737500.00 -5151.10 
522500.00 7737500.00 -7013.18 
527500.00 7737500.00 -6847.60 
532500.00 7737500.00 -7319.62 
537500.00 7737500.00 -7926.72 
542500.00 7737500.00 -7933.37 
547500.00 7737500.00 -7936.38 
552500.00 7737500.00 -7528.12 
557500.00 7737500.00 -7676.78 
562500.00 7737500.00 -8004.16 
567500.00 7737500.00 -7850.31 
572500.00 7737500.00 -8226.31 
577500.00 7737500.00 -8228.98 
402500.00 7742500.00 -1628.83 
407500.00 7742500.00 -1677.83 
412500.00 7742500.00 -2168.08 
417500.00 7742500.00 -2770.44 
422500.00 7742500.00 -3293.95 
427500.00 7742500.00 -3695.93 
432500.00 7742500.00 -4381.82 
437500.00 7742500.00 -5314.51 
442500.00 7742500.00 -5861.17 
447500.00 7742500.00 -6108.88 
452500.00 7742500.00 -5692.36 
457500.00 7742500.00 -5698.32 
462500.00 7742500.00 -6088.50 
467500.00 7742500.00 -6282.83 
472500.00 7742500.00 -6389.73 
477500.00 7742500.00 -6586.68 
482500.00 7742500.00 -6952.77 
487500.00 7742500.00 -6181.96 
492500.00 7742500.00 -6407.55 
497500.00 7742500.00 -6687.96 
502500.00 7742500.00 -6801.15 
507500.00 7742500.00 -7505.92 
512500.00 7742500.00 -7536.47 
517500.00 7742500.00 -6968.22 
522500.00 7742500.00 -6630.23 
527500.00 7742500.00 -6632.82 
532500.00 7742500.00 -7628.71 
537500.00 7742500.00 -8181.38 
542500.00 7742500.00 -8329.12 
547500.00 7742500.00 -8024.27 
552500.00 7742500.00 -7588.19 
557500.00 7742500.00 -7456.73 
562500.00 7742500.00 -8115.22 
567500.00 7742500.00 -8605.46 
572500.00 7742500.00 -9306.92 
577500.00 7742500.00 -9388.30 
402500.00 7747500.00 -1664.80 
407500.00 7747500.00 -1711.80 
412500.00 7747500.00 -1962.91 
417500.00 7747500.00 -2608.44 
422500.00 7747500.00 -3278.75 
427500.00 7747500.00 -3772.77 
432500.00 7747500.00 -4509.94 
437500.00 7747500.00 -5261.48 
442500.00 7747500.00 -5951.39 
447500.00 7747500.00 -6056.34 
452500.00 7747500.00 -5816.56 
457500.00 7747500.00 -5834.98 
462500.00 7747500.00 -6174.49 
467500.00 7747500.00 -6298.31 
472500.00 7747500.00 -6671.58 
477500.00 7747500.00 -6460.85 
482500.00 7747500.00 -6886.49 
487500.00 7747500.00 -6447.33 
492500.00 7747500.00 -6084.19 
497500.00 7747500.00 -6431.55 
502500.00 7747500.00 -7088.91 
507500.00 7747500.00 -7551.48 
512500.00 7747500.00 -7867.40 
517500.00 7747500.00 -7366.59 
522500.00 7747500.00 -8024.74 
527500.00 7747500.00 -7175.28 
532500.00 7747500.00 -6470.61 
537500.00 7747500.00 -6010.84 
542500.00 7747500.00 -8477.94 
547500.00 7747500.00 -7434.99 
552500.00 7747500.00 -7617.50 
557500.00 7747500.00 -7383.67 
562500.00 7747500.00 -7926.33 
567500.00 7747500.00 -8338.60 
572500.00 7747500.00 -9508.80 
577500.00 7747500.00 -9605.29 
402500.00 7752500.00 -1583.31 
407500.00 7752500.00 -1637.46 
412500.00 7752500.00 -1821.84 
417500.00 7752500.00 -2585.49 
422500.00 7752500.00 -3149.52 
427500.00 7752500.00 -3781.17 
432500.00 7752500.00 -4661.21 
437500.00 7752500.00 -5334.94 
442500.00 7752500.00 -5986.72 
447500.00 7752500.00 -6117.48 
452500.00 7752500.00 -6008.24 
457500.00 7752500.00 -5854.39 
462500.00 7752500.00 -6004.97 
467500.00 7752500.00 -6223.81 
472500.00 7752500.00 -6703.32 
477500.00 7752500.00 -5573.92 
482500.00 7752500.00 -6965.66 
487500.00 7752500.00 -7142.95 
492500.00 7752500.00 -5599.13 
497500.00 7752500.00 -6198.43 
502500.00 7752500.00 -6675.81 
507500.00 7752500.00 -7520.81 
512500.00 7752500.00 -8067.28 
517500.00 7752500.00 -8054.61 
522500.00 7752500.00 -7965.46 
527500.00 7752500.00 -8317.31 
532500.00 7752500.00 -8147.19 
537500.00 7752500.00 -7088.31 
542500.00 7752500.00 -8254.77 
547500.00 7752500.00 -7920.19 
552500.00 7752500.00 -8654.43 
557500.00 7752500.00 -8160.48 
562500.00 7752500.00 -8304.29 
567500.00 7752500.00 -8728.81 
572500.00 7752500.00 -9451.87 
577500.00 7752500.00 -7819.45 
402500.00 7757500.00 -1481.12 
407500.00 7757500.00 -1633.93 
412500.00 7757500.00 -1745.91 
417500.00 7757500.00 -2349.87 
422500.00 7757500.00 -3060.61 
427500.00 7757500.00 -3761.30 
432500.00 7757500.00 -4643.90 
437500.00 7757500.00 -5200.48 
442500.00 7757500.00 -5669.04 
447500.00 7757500.00 -6239.69 
452500.00 7757500.00 -6071.12 
457500.00 7757500.00 -5935.00 
462500.00 7757500.00 -6169.13 
467500.00 7757500.00 -6362.60 
472500.00 7757500.00 -6585.27 
477500.00 7757500.00 -6099.00 
482500.00 7757500.00 -7108.90 
487500.00 7757500.00 -7090.79 
492500.00 7757500.00 -6544.22 
497500.00 7757500.00 -6832.98 
502500.00 7757500.00 -6249.25 
507500.00 7757500.00 -7231.04 
512500.00 7757500.00 -7106.19 
517500.00 7757500.00 -7468.73 
522500.00 7757500.00 -8121.06 
527500.00 7757500.00 -8503.32 
532500.00 7757500.00 -8262.95 
537500.00 7757500.00 -7755.68 
542500.00 7757500.00 -5174.04 
547500.00 7757500.00 -5728.33 
552500.00 7757500.00 -8836.95 
557500.00 7757500.00 -8115.10 
562500.00 7757500.00 -8616.45 
567500.00 7757500.00 -9206.17 
572500.00 7757500.00 -9190.48 
577500.00 7757500.00 -9370.55 
402500.00 7762500.00 -1380.06 
407500.00 7762500.00 -1481.45 
412500.00 7762500.00 -1722.44 
417500.00 7762500.00 -2538.49 
422500.00 7762500.00 -3098.25 
427500.00 7762500.00 -3737.68 
432500.00 7762500.00 -4610.35 
437500.00 7762500.00 -5039.37 
442500.00 7762500.00 -5410.36 
447500.00 7762500.00 -5910.43 
452500.00 7762500.00 -6040.94 
457500.00 7762500.00 -6198.24 
462500.00 7762500.00 -6402.07 
467500.00 7762500.00 -6393.71 
472500.00 7762500.00 -6697.65 
477500.00 7762500.00 -5994.62 
482500.00 7762500.00 -6923.69 
487500.00 7762500.00 -7014.83 
492500.00 7762500.00 -7038.32 
497500.00 7762500.00 -7072.75 
502500.00 7762500.00 -6046.08 
507500.00 7762500.00 -6618.50 
512500.00 7762500.00 -7352.32 
517500.00 7762500.00 -7633.49 
522500.00 7762500.00 -7845.43 
527500.00 7762500.00 -7962.50 
532500.00 7762500.00 -7564.48 
537500.00 7762500.00 -7500.31 
542500.00 7762500.00 -7992.97 
547500.00 7762500.00 -8257.91 
552500.00 7762500.00 -8835.90 
557500.00 7762500.00 -8165.56 
562500.00 7762500.00 -8099.91 
567500.00 7762500.00 -8659.53 
572500.00 7762500.00 -9036.47 
577500.00 7762500.00 -9265.71 
402500.00 7767500.00 -1425.69 
407500.00 7767500.00 -1537.70 
412500.00 7767500.00 -1700.25 
417500.00 7767500.00 -2538.88 
422500.00 7767500.00 -3098.33 
427500.00 7767500.00 -3643.27 
432500.00 7767500.00 -4599.57 
437500.00 7767500.00 -5032.93 
442500.00 7767500.00 -5451.52 
447500.00 7767500.00 -5817.36 
452500.00 7767500.00 -6085.98 
457500.00 7767500.00 -6429.43 
462500.00 7767500.00 -6340.71 
467500.00 7767500.00 -6444.05 
472500.00 7767500.00 -6588.93 
477500.00 7767500.00 -6180.14 
482500.00 7767500.00 -6754.70 
487500.00 7767500.00 -6797.65 
492500.00 7767500.00 -6703.19 
497500.00 7767500.00 -6730.72 
502500.00 7767500.00 -7656.46 
507500.00 7767500.00 -7464.27 
512500.00 7767500.00 -7263.05 
517500.00 7767500.00 -7230.10 
522500.00 7767500.00 -8123.45 
527500.00 7767500.00 -8122.12 
532500.00 7767500.00 -7789.59 
537500.00 7767500.00 -7698.84 
542500.00 7767500.00 -8536.33 
547500.00 7767500.00 -8607.89 
552500.00 7767500.00 -8479.90 
557500.00 7767500.00 -8500.43 
562500.00 7767500.00 -8259.80 
567500.00 7767500.00 -8857.60 
572500.00 7767500.00 -9328.63 
577500.00 7767500.00 -9484.53 
402500.00 7772500.00 -1390.69 
407500.00 7772500.00 -1588.76 
412500.00 7772500.00 -1879.51 
417500.00 7772500.00 -2585.97 
422500.00 7772500.00 -3300.12 
427500.00 7772500.00 -3691.46 
432500.00 7772500.00 -4416.77 
437500.00 7772500.00 -5004.15 
442500.00 7772500.00 -5313.17 
447500.00 7772500.00 -5631.92 
452500.00 7772500.00 -6068.51 
457500.00 7772500.00 -6319.69 
462500.00 7772500.00 -6268.55 
467500.00 7772500.00 -6479.54 
472500.00 7772500.00 -6496.88 
477500.00 7772500.00 -6810.47 
482500.00 7772500.00 -6536.22 
487500.00 7772500.00 -6346.80 
492500.00 7772500.00 -7514.14 
497500.00 7772500.00 -7726.29 
502500.00 7772500.00 -7906.07 
507500.00 7772500.00 -7895.92 
512500.00 7772500.00 -7892.37 
517500.00 7772500.00 -7185.18 
522500.00 7772500.00 -7636.85 
527500.00 7772500.00 -7643.87 
532500.00 7772500.00 -8096.01 
537500.00 7772500.00 -8504.98 
542500.00 7772500.00 -9331.00 
547500.00 7772500.00 -9375.63 
552500.00 7772500.00 -9804.30 
557500.00 7772500.00 -9401.14 
562500.00 7772500.00 -9317.07 
567500.00 7772500.00 -9305.46 
572500.00 7772500.00 -9225.24 
577500.00 7772500.00 -9434.89 
402500.00 7777500.00 -1382.36 
407500.00 7777500.00 -1610.62 
412500.00 7777500.00 -1982.14 
417500.00 7777500.00 -2496.07 
422500.00 7777500.00 -3340.37 
427500.00 7777500.00 -3776.24 
432500.00 7777500.00 -4389.86 
437500.00 7777500.00 -4760.85 
442500.00 7777500.00 -5112.35 
447500.00 7777500.00 -5482.67 
452500.00 7777500.00 -6030.42 
457500.00 7777500.00 -6393.64 
462500.00 7777500.00 -6317.44 
467500.00 7777500.00 -6179.40 
472500.00 7777500.00 -6574.63 
477500.00 7777500.00 -6810.33 
482500.00 7777500.00 -6472.40 
487500.00 7777500.00 -6347.20 
492500.00 7777500.00 -7700.78 
497500.00 7777500.00 -8001.14 
502500.00 7777500.00 -7563.00 
507500.00 7777500.00 -7756.73 
512500.00 7777500.00 -8007.66 
517500.00 7777500.00 -7564.63 
522500.00 7777500.00 -8060.24 
527500.00 7777500.00 -8073.59 
532500.00 7777500.00 -9175.84 
537500.00 7777500.00 -9974.80 
542500.00 7777500.00 -9254.75 
547500.00 7777500.00 -8916.87 
552500.00 7777500.00 -9644.11 
557500.00 7777500.00 -9472.47 
562500.00 7777500.00 -9775.99 
567500.00 7777500.00 -9958.22 
572500.00 7777500.00 -9302.92 
577500.00 7777500.00 -9153.54 
402500.00 7782500.00 -1438.95 
407500.00 7782500.00 -1685.62 
412500.00 7782500.00 -2074.32 
417500.00 7782500.00 -2533.07 
422500.00 7782500.00 -3401.73 
427500.00 7782500.00 -3945.73 
432500.00 7782500.00 -4473.44 
437500.00 7782500.00 -4612.35 
442500.00 7782500.00 -4796.89 
447500.00 7782500.00 -5211.85 
452500.00 7782500.00 -5826.02 
457500.00 7782500.00 -6269.29 
462500.00 7782500.00 -6327.16 
467500.00 7782500.00 -6185.13 
472500.00 7782500.00 -6658.67 
477500.00 7782500.00 -6524.72 
482500.00 7782500.00 -6125.70 
487500.00 7782500.00 -7594.50 
492500.00 7782500.00 -8038.33 
497500.00 7782500.00 -7851.35 
502500.00 7782500.00 -6751.75 
507500.00 7782500.00 -7820.79 
512500.00 7782500.00 -8207.61 
517500.00 7782500.00 -8207.22 
522500.00 7782500.00 -7816.98 
527500.00 7782500.00 -8360.38 
532500.00 7782500.00 -9966.79 
537500.00 7782500.00 -9587.02 
542500.00 7782500.00 -8197.88 
547500.00 7782500.00 -7655.49 
552500.00 7782500.00 -9554.35 
557500.00 7782500.00 -9676.02 
562500.00 7782500.00 -9460.73 
567500.00 7782500.00 -9635.51 
572500.00 7782500.00 -9511.11 
577500.00 7782500.00 -9395.81 
402500.00 7787500.00 -1545.85 
407500.00 7787500.00 -1756.10 
412500.00 7787500.00 -2199.94 
417500.00 7787500.00 -2506.33 
422500.00 7787500.00 -3223.35 
427500.00 7787500.00 -3873.21 
432500.00 7787500.00 -4442.84 
437500.00 7787500.00 -4725.54 
442500.00 7787500.00 -4750.97 
447500.00 7787500.00 -5117.41 
452500.00 7787500.00 -5960.30 
457500.00 7787500.00 -6403.15 
462500.00 7787500.00 -6515.25 
467500.00 7787500.00 -6307.71 
472500.00 7787500.00 -6804.29 
477500.00 7787500.00 -7157.99 
482500.00 7787500.00 -6788.88 
487500.00 7787500.00 -7532.08 
492500.00 7787500.00 -8402.14 
497500.00 7787500.00 -7432.47 
502500.00 7787500.00 -5820.42 
507500.00 7787500.00 -7946.21 
512500.00 7787500.00 -8337.81 
517500.00 7787500.00 -8498.42 
522500.00 7787500.00 -6005.61 
527500.00 7787500.00 -8199.22 
532500.00 7787500.00 -10435.52 
537500.00 7787500.00 -9142.45 
542500.00 7787500.00 -8508.61 
547500.00 7787500.00 -8328.45 
552500.00 7787500.00 -9186.75 
557500.00 7787500.00 -9375.68 
562500.00 7787500.00 -9289.08 
567500.00 7787500.00 -9256.14 
572500.00 7787500.00 -9433.52 
577500.00 7787500.00 -9474.69 
402500.00 7792500.00 -1615.87 
407500.00 7792500.00 -1758.94 
412500.00 7792500.00 -2142.79 
417500.00 7792500.00 -2516.75 
422500.00 7792500.00 -3151.58 
427500.00 7792500.00 -3751.72 
432500.00 7792500.00 -4400.78 
437500.00 7792500.00 -4818.90 
442500.00 7792500.00 -5111.86 
447500.00 7792500.00 -5160.73 
452500.00 7792500.00 -5782.22 
457500.00 7792500.00 -6182.51 
462500.00 7792500.00 -6289.46 
467500.00 7792500.00 -6613.60 
472500.00 7792500.00 -6555.96 
477500.00 7792500.00 -6808.62 
482500.00 7792500.00 -7084.56 
487500.00 7792500.00 -7359.74 
492500.00 7792500.00 -6996.67 
497500.00 7792500.00 -7487.64 
502500.00 7792500.00 -8063.09 
507500.00 7792500.00 -8292.41 
512500.00 7792500.00 -8450.25 
517500.00 7792500.00 -8382.41 
522500.00 7792500.00 -7462.45 
527500.00 7792500.00 -8499.31 
532500.00 7792500.00 -9281.24 
537500.00 7792500.00 -8873.24 
542500.00 7792500.00 -8992.23 
547500.00 7792500.00 -9013.49 
552500.00 7792500.00 -9069.78 
557500.00 7792500.00 -9138.43 
562500.00 7792500.00 -9345.06 
567500.00 7792500.00 -9282.81 
572500.00 7792500.00 -9379.96 
577500.00 7792500.00 -9439.06 
402500.00 7797500.00 -1565.08 
407500.00 7797500.00 -1678.31 
412500.00 7797500.00 -2106.39 
417500.00 7797500.00 -2530.77 
422500.00 7797500.00 -2955.96 
427500.00 7797500.00 -3399.21 
432500.00 7797500.00 -4573.30 
437500.00 7797500.00 -5047.37 
442500.00 7797500.00 -5333.68 
447500.00 7797500.00 -5357.37 
452500.00 7797500.00 -5789.01 
457500.00 7797500.00 -6152.45 
462500.00 7797500.00 -6427.87 
467500.00 7797500.00 -6716.02 
472500.00 7797500.00 -6422.60 
477500.00 7797500.00 -6984.90 
482500.00 7797500.00 -7352.92 
487500.00 7797500.00 -7735.34 
492500.00 7797500.00 -6614.41 
497500.00 7797500.00 -6830.72 
502500.00 7797500.00 -7561.69 
507500.00 7797500.00 -7577.22 
512500.00 7797500.00 -8093.08 
517500.00 7797500.00 -8158.06 
522500.00 7797500.00 -8202.25 
527500.00 7797500.00 -8312.78 
532500.00 7797500.00 -8670.68 
537500.00 7797500.00 -8795.65 
542500.00 7797500.00 -8869.23 
547500.00 7797500.00 -8918.07 
552500.00 7797500.00 -9126.88 
557500.00 7797500.00 -9168.57 
562500.00 7797500.00 -9263.77 
567500.00 7797500.00 -9216.77 
572500.00 7797500.00 -9328.16 
577500.00 7797500.00 -9385.73 
402500.00 7802500.00 -1521.43 
407500.00 7802500.00 -1598.52 
412500.00 7802500.00 -2039.32 
417500.00 7802500.00 -2480.80 
422500.00 7802500.00 -3163.99 
427500.00 7802500.00 -3579.08 
432500.00 7802500.00 -4448.06 
437500.00 7802500.00 -5069.02 
442500.00 7802500.00 -5409.43 
447500.00 7802500.00 -5678.29 
452500.00 7802500.00 -5934.61 
457500.00 7802500.00 -6121.91 
462500.00 7802500.00 -6558.04 
467500.00 7802500.00 -6696.54 
472500.00 7802500.00 -6910.63 
477500.00 7802500.00 -6402.99 
482500.00 7802500.00 -5894.30 
487500.00 7802500.00 -7197.80 
492500.00 7802500.00 -6569.39 
497500.00 7802500.00 -4846.82 
502500.00 7802500.00 -6721.44 
507500.00 7802500.00 -7094.12 
512500.00 7802500.00 -7615.27 
517500.00 7802500.00 -7973.22 
522500.00 7802500.00 -8239.17 
527500.00 7802500.00 -8331.32 
532500.00 7802500.00 -8488.62 
537500.00 7802500.00 -8534.84 
542500.00 7802500.00 -8726.66 
547500.00 7802500.00 -8849.00 
552500.00 7802500.00 -9042.90 
557500.00 7802500.00 -9019.52 
562500.00 7802500.00 -9021.84 
567500.00 7802500.00 -8849.77 
572500.00 7802500.00 -8979.50 
577500.00 7802500.00 -9002.57 
