# Petrel Points with attributes
# Unit in X and Y direction: m
# Unit in depth: m
VERSION 1
BEGIN HEADER
X
Y
Z
END HEADER
402500.00 7652500.00 -4657.59 
407500.00 7652500.00 -5136.27 
412500.00 7652500.00 -5326.74 
417500.00 7652500.00 -5299.21 
422500.00 7652500.00 -5394.42 
427500.00 7652500.00 -5306.58 
432500.00 7652500.00 -5305.99 
437500.00 7652500.00 -5890.07 
442500.00 7652500.00 -5620.83 
447500.00 7652500.00 -5950.91 
452500.00 7652500.00 -5938.14 
457500.00 7652500.00 -5848.37 
462500.00 7652500.00 -6035.23 
467500.00 7652500.00 -4615.09 
472500.00 7652500.00 -3543.57 
477500.00 7652500.00 -4564.14 
482500.00 7652500.00 -5497.36 
487500.00 7652500.00 -6457.39 
492500.00 7652500.00 -6427.99 
497500.00 7652500.00 -4951.81 
502500.00 7652500.00 -5709.89 
507500.00 7652500.00 -4448.12 
512500.00 7652500.00 -4589.12 
517500.00 7652500.00 -6092.18 
522500.00 7652500.00 -6998.18 
527500.00 7652500.00 -6907.54 
532500.00 7652500.00 -7118.83 
537500.00 7652500.00 -5816.81 
542500.00 7652500.00 -4645.99 
547500.00 7652500.00 -4175.23 
552500.00 7652500.00 -5806.06 
557500.00 7652500.00 -7124.02 
562500.00 7652500.00 -7056.91 
567500.00 7652500.00 -6801.41 
572500.00 7652500.00 -6641.57 
577500.00 7652500.00 -6479.19 
402500.00 7657500.00 -4642.19 
407500.00 7657500.00 -4920.10 
412500.00 7657500.00 -5546.82 
417500.00 7657500.00 -5470.47 
422500.00 7657500.00 -5312.15 
427500.00 7657500.00 -5276.23 
432500.00 7657500.00 -5392.17 
437500.00 7657500.00 -5558.60 
442500.00 7657500.00 -5652.40 
447500.00 7657500.00 -5877.83 
452500.00 7657500.00 -5306.43 
457500.00 7657500.00 -5145.96 
462500.00 7657500.00 -5168.93 
467500.00 7657500.00 -5016.72 
472500.00 7657500.00 -3550.90 
477500.00 7657500.00 -4443.18 
482500.00 7657500.00 -6662.30 
487500.00 7657500.00 -5617.63 
492500.00 7657500.00 -4639.14 
497500.00 7657500.00 -4376.14 
502500.00 7657500.00 -5311.21 
507500.00 7657500.00 -4096.00 
512500.00 7657500.00 -3851.71 
517500.00 7657500.00 -5635.47 
522500.00 7657500.00 -7054.59 
527500.00 7657500.00 -6862.62 
532500.00 7657500.00 -6238.44 
537500.00 7657500.00 -6043.46 
542500.00 7657500.00 -4932.46 
547500.00 7657500.00 -4777.38 
552500.00 7657500.00 -6049.57 
557500.00 7657500.00 -7437.97 
562500.00 7657500.00 -7457.10 
567500.00 7657500.00 -7244.06 
572500.00 7657500.00 -7029.00 
577500.00 7657500.00 -6999.52 
402500.00 7662500.00 -4742.09 
407500.00 7662500.00 -4740.98 
412500.00 7662500.00 -5322.38 
417500.00 7662500.00 -5431.01 
422500.00 7662500.00 -5293.71 
427500.00 7662500.00 -5364.99 
432500.00 7662500.00 -5389.47 
437500.00 7662500.00 -5392.62 
442500.00 7662500.00 -5603.99 
447500.00 7662500.00 -4910.70 
452500.00 7662500.00 -4774.60 
457500.00 7662500.00 -5911.00 
462500.00 7662500.00 -5462.00 
467500.00 7662500.00 -5125.20 
472500.00 7662500.00 -4336.39 
477500.00 7662500.00 -4672.68 
482500.00 7662500.00 -6022.69 
487500.00 7662500.00 -4460.63 
492500.00 7662500.00 -5331.79 
497500.00 7662500.00 -5166.19 
502500.00 7662500.00 -7213.14 
507500.00 7662500.00 -5218.87 
512500.00 7662500.00 -3861.45 
517500.00 7662500.00 -4882.85 
522500.00 7662500.00 -7476.91 
527500.00 7662500.00 -5950.58 
532500.00 7662500.00 -7035.70 
537500.00 7662500.00 -5564.94 
542500.00 7662500.00 -4692.01 
547500.00 7662500.00 -5132.62 
552500.00 7662500.00 -5171.62 
557500.00 7662500.00 -7191.36 
562500.00 7662500.00 -7917.19 
567500.00 7662500.00 -7602.47 
572500.00 7662500.00 -7357.54 
577500.00 7662500.00 -7518.17 
402500.00 7667500.00 -4480.21 
407500.00 7667500.00 -4704.47 
412500.00 7667500.00 -5081.96 
417500.00 7667500.00 -5332.60 
422500.00 7667500.00 -5475.83 
427500.00 7667500.00 -5371.84 
432500.00 7667500.00 -4880.63 
437500.00 7667500.00 -5292.55 
442500.00 7667500.00 -5670.02 
447500.00 7667500.00 -5024.29 
452500.00 7667500.00 -5213.49 
457500.00 7667500.00 -6351.89 
462500.00 7667500.00 -5796.76 
467500.00 7667500.00 -5655.64 
472500.00 7667500.00 -6406.41 
477500.00 7667500.00 -4865.14 
482500.00 7667500.00 -6063.44 
487500.00 7667500.00 -5457.15 
492500.00 7667500.00 -5499.62 
497500.00 7667500.00 -5636.25 
502500.00 7667500.00 -8310.25 
507500.00 7667500.00 -6185.77 
512500.00 7667500.00 -4168.53 
517500.00 7667500.00 -4764.90 
522500.00 7667500.00 -6501.53 
527500.00 7667500.00 -5562.95 
532500.00 7667500.00 -7799.42 
537500.00 7667500.00 -7597.09 
542500.00 7667500.00 -5562.42 
547500.00 7667500.00 -5574.17 
552500.00 7667500.00 -5630.73 
557500.00 7667500.00 -6773.04 
562500.00 7667500.00 -7628.28 
567500.00 7667500.00 -7454.25 
572500.00 7667500.00 -7125.61 
577500.00 7667500.00 -7149.38 
402500.00 7672500.00 -3953.61 
407500.00 7672500.00 -4134.16 
412500.00 7672500.00 -4750.68 
417500.00 7672500.00 -5319.17 
422500.00 7672500.00 -5385.52 
427500.00 7672500.00 -5372.50 
432500.00 7672500.00 -5404.91 
437500.00 7672500.00 -5603.96 
442500.00 7672500.00 -5624.47 
447500.00 7672500.00 -4924.41 
452500.00 7672500.00 -5479.31 
457500.00 7672500.00 -6170.70 
462500.00 7672500.00 -6144.40 
467500.00 7672500.00 -5212.34 
472500.00 7672500.00 -6400.74 
477500.00 7672500.00 -5764.27 
482500.00 7672500.00 -5989.68 
487500.00 7672500.00 -6836.90 
492500.00 7672500.00 -5391.46 
497500.00 7672500.00 -6551.13 
502500.00 7672500.00 -7446.08 
507500.00 7672500.00 -5395.00 
512500.00 7672500.00 -4460.80 
517500.00 7672500.00 -5267.89 
522500.00 7672500.00 -5734.76 
527500.00 7672500.00 -5576.36 
532500.00 7672500.00 -7711.63 
537500.00 7672500.00 -7878.39 
542500.00 7672500.00 -5657.58 
547500.00 7672500.00 -5237.96 
552500.00 7672500.00 -6058.25 
557500.00 7672500.00 -6461.74 
562500.00 7672500.00 -6889.22 
567500.00 7672500.00 -6788.37 
572500.00 7672500.00 -6832.54 
577500.00 7672500.00 -6970.76 
402500.00 7677500.00 -3792.84 
407500.00 7677500.00 -3977.23 
412500.00 7677500.00 -4455.11 
417500.00 7677500.00 -5092.81 
422500.00 7677500.00 -5346.36 
427500.00 7677500.00 -5385.52 
432500.00 7677500.00 -5339.25 
437500.00 7677500.00 -5397.26 
442500.00 7677500.00 -5576.08 
447500.00 7677500.00 -5467.89 
452500.00 7677500.00 -5931.74 
457500.00 7677500.00 -6213.57 
462500.00 7677500.00 -6142.27 
467500.00 7677500.00 -4993.71 
472500.00 7677500.00 -6331.97 
477500.00 7677500.00 -5970.76 
482500.00 7677500.00 -5259.20 
487500.00 7677500.00 -6836.86 
492500.00 7677500.00 -5227.22 
497500.00 7677500.00 -7381.44 
502500.00 7677500.00 -5731.78 
507500.00 7677500.00 -4520.40 
512500.00 7677500.00 -4312.67 
517500.00 7677500.00 -4676.33 
522500.00 7677500.00 -6552.36 
527500.00 7677500.00 -6660.87 
532500.00 7677500.00 -7991.61 
537500.00 7677500.00 -8009.43 
542500.00 7677500.00 -6384.07 
547500.00 7677500.00 -5519.97 
552500.00 7677500.00 -5823.06 
557500.00 7677500.00 -6696.36 
562500.00 7677500.00 -7274.12 
567500.00 7677500.00 -7063.44 
572500.00 7677500.00 -6852.27 
577500.00 7677500.00 -7424.11 
402500.00 7682500.00 -3621.76 
407500.00 7682500.00 -3837.35 
412500.00 7682500.00 -4181.35 
417500.00 7682500.00 -4687.90 
422500.00 7682500.00 -5130.50 
427500.00 7682500.00 -5245.55 
432500.00 7682500.00 -5247.20 
437500.00 7682500.00 -5267.70 
442500.00 7682500.00 -5628.55 
447500.00 7682500.00 -5965.38 
452500.00 7682500.00 -5644.75 
457500.00 7682500.00 -5488.70 
462500.00 7682500.00 -5952.07 
467500.00 7682500.00 -5004.46 
472500.00 7682500.00 -5821.10 
477500.00 7682500.00 -6101.47 
482500.00 7682500.00 -5115.78 
487500.00 7682500.00 -6620.16 
492500.00 7682500.00 -5396.24 
497500.00 7682500.00 -7209.45 
502500.00 7682500.00 -6562.76 
507500.00 7682500.00 -7519.30 
512500.00 7682500.00 -5749.87 
517500.00 7682500.00 -5872.80 
522500.00 7682500.00 -6573.82 
527500.00 7682500.00 -5654.10 
532500.00 7682500.00 -7660.40 
537500.00 7682500.00 -8195.86 
542500.00 7682500.00 -7268.64 
547500.00 7682500.00 -6451.71 
552500.00 7682500.00 -7555.43 
557500.00 7682500.00 -7295.74 
562500.00 7682500.00 -7201.04 
567500.00 7682500.00 -7114.91 
572500.00 7682500.00 -7278.34 
577500.00 7682500.00 -7680.40 
402500.00 7687500.00 -3443.84 
407500.00 7687500.00 -3659.98 
412500.00 7687500.00 -4004.88 
417500.00 7687500.00 -4386.38 
422500.00 7687500.00 -4947.28 
427500.00 7687500.00 -5162.41 
432500.00 7687500.00 -5272.01 
437500.00 7687500.00 -5354.31 
442500.00 7687500.00 -5487.38 
447500.00 7687500.00 -5507.85 
452500.00 7687500.00 -5619.08 
457500.00 7687500.00 -5600.80 
462500.00 7687500.00 -5591.64 
467500.00 7687500.00 -4912.34 
472500.00 7687500.00 -5925.52 
477500.00 7687500.00 -6124.39 
482500.00 7687500.00 -6231.92 
487500.00 7687500.00 -6477.93 
492500.00 7687500.00 -6483.34 
497500.00 7687500.00 -6173.26 
502500.00 7687500.00 -7776.20 
507500.00 7687500.00 -7576.29 
512500.00 7687500.00 -6432.36 
517500.00 7687500.00 -5411.43 
522500.00 7687500.00 -6654.53 
527500.00 7687500.00 -5864.84 
532500.00 7687500.00 -6823.02 
537500.00 7687500.00 -8082.58 
542500.00 7687500.00 -7705.69 
547500.00 7687500.00 -5933.30 
552500.00 7687500.00 -5260.91 
557500.00 7687500.00 -5351.89 
562500.00 7687500.00 -6736.28 
567500.00 7687500.00 -7085.22 
572500.00 7687500.00 -7689.78 
577500.00 7687500.00 -7753.77 
402500.00 7692500.00 -3140.36 
407500.00 7692500.00 -3414.06 
412500.00 7692500.00 -3699.46 
417500.00 7692500.00 -3930.69 
422500.00 7692500.00 -4788.67 
427500.00 7692500.00 -5128.32 
432500.00 7692500.00 -5108.19 
437500.00 7692500.00 -5198.07 
442500.00 7692500.00 -5489.09 
447500.00 7692500.00 -5355.88 
452500.00 7692500.00 -5249.32 
457500.00 7692500.00 -5497.95 
462500.00 7692500.00 -5113.79 
467500.00 7692500.00 -4900.62 
472500.00 7692500.00 -5284.80 
477500.00 7692500.00 -5550.83 
482500.00 7692500.00 -6589.40 
487500.00 7692500.00 -5565.07 
492500.00 7692500.00 -6263.28 
497500.00 7692500.00 -6213.21 
502500.00 7692500.00 -7597.56 
507500.00 7692500.00 -6205.43 
512500.00 7692500.00 -4974.57 
517500.00 7692500.00 -3994.96 
522500.00 7692500.00 -5073.24 
527500.00 7692500.00 -5399.15 
532500.00 7692500.00 -5440.45 
537500.00 7692500.00 -7492.81 
542500.00 7692500.00 -7860.30 
547500.00 7692500.00 -6449.33 
552500.00 7692500.00 -6006.99 
557500.00 7692500.00 -6379.77 
562500.00 7692500.00 -6749.80 
567500.00 7692500.00 -6998.94 
572500.00 7692500.00 -7563.41 
577500.00 7692500.00 -8003.37 
402500.00 7697500.00 -2813.04 
407500.00 7697500.00 -3202.91 
412500.00 7697500.00 -3521.21 
417500.00 7697500.00 -3775.96 
422500.00 7697500.00 -4371.17 
427500.00 7697500.00 -4913.70 
432500.00 7697500.00 -5003.31 
437500.00 7697500.00 -5123.92 
442500.00 7697500.00 -5379.60 
447500.00 7697500.00 -5554.63 
452500.00 7697500.00 -5428.47 
457500.00 7697500.00 -5513.79 
462500.00 7697500.00 -5774.05 
467500.00 7697500.00 -5599.28 
472500.00 7697500.00 -5746.10 
477500.00 7697500.00 -5382.71 
482500.00 7697500.00 -6295.52 
487500.00 7697500.00 -5252.48 
492500.00 7697500.00 -5980.54 
497500.00 7697500.00 -6419.31 
502500.00 7697500.00 -7010.54 
507500.00 7697500.00 -7577.33 
512500.00 7697500.00 -6697.25 
517500.00 7697500.00 -4841.75 
522500.00 7697500.00 -4189.42 
527500.00 7697500.00 -4628.34 
532500.00 7697500.00 -5224.50 
537500.00 7697500.00 -6957.99 
542500.00 7697500.00 -7742.35 
547500.00 7697500.00 -6566.04 
552500.00 7697500.00 -5672.23 
557500.00 7697500.00 -6689.61 
562500.00 7697500.00 -6693.80 
567500.00 7697500.00 -6922.85 
572500.00 7697500.00 -7689.85 
577500.00 7697500.00 -8113.19 
402500.00 7702500.00 -2539.82 
407500.00 7702500.00 -3036.28 
412500.00 7702500.00 -3420.27 
417500.00 7702500.00 -3642.59 
422500.00 7702500.00 -4129.50 
427500.00 7702500.00 -4844.10 
432500.00 7702500.00 -5167.56 
437500.00 7702500.00 -5217.01 
442500.00 7702500.00 -5333.14 
447500.00 7702500.00 -5466.14 
452500.00 7702500.00 -5643.39 
457500.00 7702500.00 -5752.31 
462500.00 7702500.00 -5793.16 
467500.00 7702500.00 -5912.82 
472500.00 7702500.00 -5964.63 
477500.00 7702500.00 -6105.92 
482500.00 7702500.00 -6578.11 
487500.00 7702500.00 -5812.93 
492500.00 7702500.00 -5966.31 
497500.00 7702500.00 -6882.72 
502500.00 7702500.00 -6624.20 
507500.00 7702500.00 -7275.68 
512500.00 7702500.00 -6025.21 
517500.00 7702500.00 -4704.76 
522500.00 7702500.00 -4196.79 
527500.00 7702500.00 -5171.16 
532500.00 7702500.00 -7120.16 
537500.00 7702500.00 -7178.88 
542500.00 7702500.00 -7894.56 
547500.00 7702500.00 -7323.84 
552500.00 7702500.00 -4556.43 
557500.00 7702500.00 -5223.29 
562500.00 7702500.00 -6571.46 
567500.00 7702500.00 -6988.64 
572500.00 7702500.00 -7629.15 
577500.00 7702500.00 -7947.24 
402500.00 7707500.00 -2093.44 
407500.00 7707500.00 -2991.73 
412500.00 7707500.00 -3352.84 
417500.00 7707500.00 -3590.88 
422500.00 7707500.00 -4041.53 
427500.00 7707500.00 -4628.85 
432500.00 7707500.00 -5143.50 
437500.00 7707500.00 -5302.40 
442500.00 7707500.00 -5438.19 
447500.00 7707500.00 -5477.20 
452500.00 7707500.00 -5552.86 
457500.00 7707500.00 -5599.77 
462500.00 7707500.00 -4861.46 
467500.00 7707500.00 -5653.73 
472500.00 7707500.00 -5967.08 
477500.00 7707500.00 -6427.85 
482500.00 7707500.00 -6701.89 
487500.00 7707500.00 -5871.40 
492500.00 7707500.00 -6427.73 
497500.00 7707500.00 -6907.26 
502500.00 7707500.00 -6514.03 
507500.00 7707500.00 -5242.33 
512500.00 7707500.00 -5612.62 
517500.00 7707500.00 -5777.04 
522500.00 7707500.00 -5098.48 
527500.00 7707500.00 -6094.85 
532500.00 7707500.00 -6433.09 
537500.00 7707500.00 -6696.98 
542500.00 7707500.00 -7828.80 
547500.00 7707500.00 -7233.42 
552500.00 7707500.00 -4719.59 
557500.00 7707500.00 -4816.17 
562500.00 7707500.00 -6450.27 
567500.00 7707500.00 -7017.36 
572500.00 7707500.00 -7290.38 
577500.00 7707500.00 -7487.52 
402500.00 7712500.00 -1980.41 
407500.00 7712500.00 -2786.78 
412500.00 7712500.00 -3205.40 
417500.00 7712500.00 -3467.87 
422500.00 7712500.00 -3839.49 
427500.00 7712500.00 -4278.30 
432500.00 7712500.00 -5150.31 
437500.00 7712500.00 -5495.87 
442500.00 7712500.00 -5695.03 
447500.00 7712500.00 -5572.13 
452500.00 7712500.00 -5493.30 
457500.00 7712500.00 -5664.90 
462500.00 7712500.00 -5252.54 
467500.00 7712500.00 -5841.06 
472500.00 7712500.00 -6045.97 
477500.00 7712500.00 -5224.33 
482500.00 7712500.00 -6384.91 
487500.00 7712500.00 -6148.90 
492500.00 7712500.00 -6566.96 
497500.00 7712500.00 -6198.54 
502500.00 7712500.00 -7208.48 
507500.00 7712500.00 -6872.26 
512500.00 7712500.00 -6272.68 
517500.00 7712500.00 -7143.07 
522500.00 7712500.00 -6625.38 
527500.00 7712500.00 -7381.56 
532500.00 7712500.00 -7365.39 
537500.00 7712500.00 -6201.75 
542500.00 7712500.00 -7799.11 
547500.00 7712500.00 -7364.66 
552500.00 7712500.00 -4743.68 
557500.00 7712500.00 -4261.12 
562500.00 7712500.00 -7027.51 
567500.00 7712500.00 -7234.96 
572500.00 7712500.00 -7150.33 
577500.00 7712500.00 -7323.81 
402500.00 7717500.00 -1893.81 
407500.00 7717500.00 -2515.72 
412500.00 7717500.00 -3027.92 
417500.00 7717500.00 -3286.70 
422500.00 7717500.00 -3724.97 
427500.00 7717500.00 -4228.09 
432500.00 7717500.00 -5133.96 
437500.00 7717500.00 -5392.70 
442500.00 7717500.00 -5545.60 
447500.00 7717500.00 -5592.82 
452500.00 7717500.00 -5561.27 
457500.00 7717500.00 -5548.96 
462500.00 7717500.00 -5632.61 
467500.00 7717500.00 -5571.74 
472500.00 7717500.00 -6145.79 
477500.00 7717500.00 -5221.52 
482500.00 7717500.00 -6154.01 
487500.00 7717500.00 -6691.55 
492500.00 7717500.00 -5952.14 
497500.00 7717500.00 -6856.88 
502500.00 7717500.00 -7150.77 
507500.00 7717500.00 -7567.67 
512500.00 7717500.00 -5909.79 
517500.00 7717500.00 -7035.71 
522500.00 7717500.00 -5996.99 
527500.00 7717500.00 -7036.23 
532500.00 7717500.00 -8365.37 
537500.00 7717500.00 -6916.62 
542500.00 7717500.00 -6407.33 
547500.00 7717500.00 -7217.46 
552500.00 7717500.00 -4988.48 
557500.00 7717500.00 -4250.76 
562500.00 7717500.00 -7297.47 
567500.00 7717500.00 -7414.47 
572500.00 7717500.00 -7240.01 
577500.00 7717500.00 -7355.02 
402500.00 7722500.00 -1711.07 
407500.00 7722500.00 -2289.35 
412500.00 7722500.00 -2771.08 
417500.00 7722500.00 -3280.37 
422500.00 7722500.00 -3787.55 
427500.00 7722500.00 -4215.97 
432500.00 7722500.00 -5059.00 
437500.00 7722500.00 -5067.39 
442500.00 7722500.00 -5454.38 
447500.00 7722500.00 -5481.97 
452500.00 7722500.00 -5621.72 
457500.00 7722500.00 -5312.83 
462500.00 7722500.00 -5862.95 
467500.00 7722500.00 -5827.42 
472500.00 7722500.00 -6470.63 
477500.00 7722500.00 -4908.15 
482500.00 7722500.00 -6648.66 
487500.00 7722500.00 -7293.24 
492500.00 7722500.00 -6368.17 
497500.00 7722500.00 -7550.66 
502500.00 7722500.00 -7854.43 
507500.00 7722500.00 -8151.63 
512500.00 7722500.00 -7244.40 
517500.00 7722500.00 -8354.97 
522500.00 7722500.00 -7983.45 
527500.00 7722500.00 -6501.81 
532500.00 7722500.00 -8146.89 
537500.00 7722500.00 -8085.73 
542500.00 7722500.00 -5697.05 
547500.00 7722500.00 -4792.76 
552500.00 7722500.00 -5830.03 
557500.00 7722500.00 -6233.86 
562500.00 7722500.00 -7464.88 
567500.00 7722500.00 -7250.92 
572500.00 7722500.00 -7167.79 
577500.00 7722500.00 -7521.63 
402500.00 7727500.00 -1683.56 
407500.00 7727500.00 -2105.43 
412500.00 7727500.00 -2637.31 
417500.00 7727500.00 -3103.34 
422500.00 7727500.00 -3541.29 
427500.00 7727500.00 -4151.51 
432500.00 7727500.00 -5129.85 
437500.00 7727500.00 -5136.27 
442500.00 7727500.00 -5458.68 
447500.00 7727500.00 -5649.88 
452500.00 7727500.00 -5560.19 
457500.00 7727500.00 -5449.30 
462500.00 7727500.00 -5894.92 
467500.00 7727500.00 -6105.33 
472500.00 7727500.00 -6570.30 
477500.00 7727500.00 -5358.25 
482500.00 7727500.00 -6803.47 
487500.00 7727500.00 -7385.28 
492500.00 7727500.00 -6769.99 
497500.00 7727500.00 -7279.91 
502500.00 7727500.00 -8246.52 
507500.00 7727500.00 -7607.63 
512500.00 7727500.00 -7614.20 
517500.00 7727500.00 -8461.59 
522500.00 7727500.00 -6756.00 
527500.00 7727500.00 -6227.00 
532500.00 7727500.00 -7837.79 
537500.00 7727500.00 -8108.20 
542500.00 7727500.00 -5737.42 
547500.00 7727500.00 -4746.64 
552500.00 7727500.00 -7352.76 
557500.00 7727500.00 -7657.25 
562500.00 7727500.00 -7407.31 
567500.00 7727500.00 -7073.82 
572500.00 7727500.00 -7085.28 
577500.00 7727500.00 -7634.76 
402500.00 7732500.00 -1686.53 
407500.00 7732500.00 -1885.50 
412500.00 7732500.00 -2410.59 
417500.00 7732500.00 -2848.93 
422500.00 7732500.00 -3325.28 
427500.00 7732500.00 -3935.64 
432500.00 7732500.00 -4970.61 
437500.00 7732500.00 -5550.48 
442500.00 7732500.00 -5639.66 
447500.00 7732500.00 -5726.99 
452500.00 7732500.00 -5687.93 
457500.00 7732500.00 -5641.47 
462500.00 7732500.00 -5731.51 
467500.00 7732500.00 -6203.56 
472500.00 7732500.00 -6028.83 
477500.00 7732500.00 -5695.13 
482500.00 7732500.00 -6792.95 
487500.00 7732500.00 -6196.44 
492500.00 7732500.00 -6935.14 
497500.00 7732500.00 -7141.30 
502500.00 7732500.00 -6554.01 
507500.00 7732500.00 -6656.40 
512500.00 7732500.00 -8177.96 
517500.00 7732500.00 -5204.08 
522500.00 7732500.00 -7076.46 
527500.00 7732500.00 -6353.67 
532500.00 7732500.00 -7320.32 
537500.00 7732500.00 -8182.70 
542500.00 7732500.00 -8536.87 
547500.00 7732500.00 -7987.85 
552500.00 7732500.00 -7814.48 
557500.00 7732500.00 -7752.20 
562500.00 7732500.00 -7650.57 
567500.00 7732500.00 -7133.04 
572500.00 7732500.00 -7411.60 
577500.00 7732500.00 -7788.25 
402500.00 7737500.00 -1592.80 
407500.00 7737500.00 -1707.72 
412500.00 7737500.00 -2303.76 
417500.00 7737500.00 -2829.79 
422500.00 7737500.00 -3266.10 
427500.00 7737500.00 -3679.99 
432500.00 7737500.00 -4842.25 
437500.00 7737500.00 -5796.57 
442500.00 7737500.00 -5691.02 
447500.00 7737500.00 -5815.67 
452500.00 7737500.00 -5713.65 
457500.00 7737500.00 -5623.19 
462500.00 7737500.00 -5739.36 
467500.00 7737500.00 -6200.49 
472500.00 7737500.00 -6063.06 
477500.00 7737500.00 -6049.19 
482500.00 7737500.00 -6868.56 
487500.00 7737500.00 -5878.31 
492500.00 7737500.00 -6682.12 
497500.00 7737500.00 -6901.14 
502500.00 7737500.00 -6191.07 
507500.00 7737500.00 -7659.07 
512500.00 7737500.00 -7611.78 
517500.00 7737500.00 -5141.10 
522500.00 7737500.00 -7003.18 
527500.00 7737500.00 -6837.60 
532500.00 7737500.00 -7309.62 
537500.00 7737500.00 -7916.72 
542500.00 7737500.00 -7923.37 
547500.00 7737500.00 -7926.38 
552500.00 7737500.00 -7518.12 
557500.00 7737500.00 -7666.78 
562500.00 7737500.00 -7994.16 
567500.00 7737500.00 -7840.31 
572500.00 7737500.00 -8216.31 
577500.00 7737500.00 -8218.98 
402500.00 7742500.00 -1618.83 
407500.00 7742500.00 -1667.83 
412500.00 7742500.00 -2158.08 
417500.00 7742500.00 -2760.44 
422500.00 7742500.00 -3283.95 
427500.00 7742500.00 -3685.93 
432500.00 7742500.00 -4371.82 
437500.00 7742500.00 -5304.51 
442500.00 7742500.00 -5851.17 
447500.00 7742500.00 -6098.88 
452500.00 7742500.00 -5682.36 
457500.00 7742500.00 -5688.32 
462500.00 7742500.00 -6078.50 
467500.00 7742500.00 -6272.83 
472500.00 7742500.00 -6379.73 
477500.00 7742500.00 -6576.68 
482500.00 7742500.00 -6942.77 
487500.00 7742500.00 -6171.96 
492500.00 7742500.00 -6397.55 
497500.00 7742500.00 -6677.96 
502500.00 7742500.00 -6791.15 
507500.00 7742500.00 -7495.92 
512500.00 7742500.00 -7526.47 
517500.00 7742500.00 -6958.22 
522500.00 7742500.00 -6620.23 
527500.00 7742500.00 -6622.82 
532500.00 7742500.00 -7618.71 
537500.00 7742500.00 -8171.38 
542500.00 7742500.00 -8319.12 
547500.00 7742500.00 -8014.27 
552500.00 7742500.00 -7578.19 
557500.00 7742500.00 -7446.73 
562500.00 7742500.00 -8105.22 
567500.00 7742500.00 -8595.46 
572500.00 7742500.00 -9296.92 
577500.00 7742500.00 -9378.30 
402500.00 7747500.00 -1654.80 
407500.00 7747500.00 -1701.80 
412500.00 7747500.00 -1952.91 
417500.00 7747500.00 -2598.44 
422500.00 7747500.00 -3268.75 
427500.00 7747500.00 -3762.77 
432500.00 7747500.00 -4499.94 
437500.00 7747500.00 -5251.48 
442500.00 7747500.00 -5941.39 
447500.00 7747500.00 -6046.34 
452500.00 7747500.00 -5806.56 
457500.00 7747500.00 -5824.98 
462500.00 7747500.00 -6164.49 
467500.00 7747500.00 -6288.31 
472500.00 7747500.00 -6661.58 
477500.00 7747500.00 -6450.85 
482500.00 7747500.00 -6876.49 
487500.00 7747500.00 -6437.33 
492500.00 7747500.00 -6074.19 
497500.00 7747500.00 -6421.55 
502500.00 7747500.00 -7078.91 
507500.00 7747500.00 -7541.48 
512500.00 7747500.00 -7857.40 
517500.00 7747500.00 -7356.59 
522500.00 7747500.00 -8014.74 
527500.00 7747500.00 -7165.28 
532500.00 7747500.00 -6460.61 
537500.00 7747500.00 -6000.84 
542500.00 7747500.00 -8467.94 
547500.00 7747500.00 -7424.99 
552500.00 7747500.00 -7607.50 
557500.00 7747500.00 -7373.67 
562500.00 7747500.00 -7916.33 
567500.00 7747500.00 -8328.60 
572500.00 7747500.00 -9498.80 
577500.00 7747500.00 -9595.29 
402500.00 7752500.00 -1573.31 
407500.00 7752500.00 -1627.46 
412500.00 7752500.00 -1811.84 
417500.00 7752500.00 -2575.49 
422500.00 7752500.00 -3139.52 
427500.00 7752500.00 -3771.17 
432500.00 7752500.00 -4651.21 
437500.00 7752500.00 -5324.94 
442500.00 7752500.00 -5976.72 
447500.00 7752500.00 -6107.48 
452500.00 7752500.00 -5998.24 
457500.00 7752500.00 -5844.39 
462500.00 7752500.00 -5994.97 
467500.00 7752500.00 -6213.81 
472500.00 7752500.00 -6693.32 
477500.00 7752500.00 -5563.92 
482500.00 7752500.00 -6955.66 
487500.00 7752500.00 -7132.95 
492500.00 7752500.00 -5589.13 
497500.00 7752500.00 -6188.43 
502500.00 7752500.00 -6665.81 
507500.00 7752500.00 -7510.81 
512500.00 7752500.00 -8057.28 
517500.00 7752500.00 -8044.61 
522500.00 7752500.00 -7955.46 
527500.00 7752500.00 -8307.31 
532500.00 7752500.00 -8137.19 
537500.00 7752500.00 -7078.31 
542500.00 7752500.00 -8244.77 
547500.00 7752500.00 -7910.19 
552500.00 7752500.00 -8644.43 
557500.00 7752500.00 -8150.48 
562500.00 7752500.00 -8294.29 
567500.00 7752500.00 -8718.81 
572500.00 7752500.00 -9441.87 
577500.00 7752500.00 -7809.45 
402500.00 7757500.00 -1471.12 
407500.00 7757500.00 -1623.93 
412500.00 7757500.00 -1735.91 
417500.00 7757500.00 -2339.87 
422500.00 7757500.00 -3050.61 
427500.00 7757500.00 -3751.30 
432500.00 7757500.00 -4633.90 
437500.00 7757500.00 -5190.48 
442500.00 7757500.00 -5659.04 
447500.00 7757500.00 -6229.69 
452500.00 7757500.00 -6061.12 
457500.00 7757500.00 -5925.00 
462500.00 7757500.00 -6159.13 
467500.00 7757500.00 -6352.60 
472500.00 7757500.00 -6575.27 
477500.00 7757500.00 -6089.00 
482500.00 7757500.00 -7098.90 
487500.00 7757500.00 -7080.79 
492500.00 7757500.00 -6534.22 
497500.00 7757500.00 -6822.98 
502500.00 7757500.00 -6239.25 
507500.00 7757500.00 -7221.04 
512500.00 7757500.00 -7096.19 
517500.00 7757500.00 -7458.73 
522500.00 7757500.00 -8111.06 
527500.00 7757500.00 -8493.32 
532500.00 7757500.00 -8252.95 
537500.00 7757500.00 -7745.68 
542500.00 7757500.00 -5164.04 
547500.00 7757500.00 -5718.33 
552500.00 7757500.00 -8826.95 
557500.00 7757500.00 -8105.10 
562500.00 7757500.00 -8606.45 
567500.00 7757500.00 -9196.17 
572500.00 7757500.00 -9180.48 
577500.00 7757500.00 -9360.55 
402500.00 7762500.00 -1370.06 
407500.00 7762500.00 -1471.45 
412500.00 7762500.00 -1712.44 
417500.00 7762500.00 -2528.49 
422500.00 7762500.00 -3088.25 
427500.00 7762500.00 -3727.68 
432500.00 7762500.00 -4600.35 
437500.00 7762500.00 -5029.37 
442500.00 7762500.00 -5400.36 
447500.00 7762500.00 -5900.43 
452500.00 7762500.00 -6030.94 
457500.00 7762500.00 -6188.24 
462500.00 7762500.00 -6392.07 
467500.00 7762500.00 -6383.71 
472500.00 7762500.00 -6687.65 
477500.00 7762500.00 -5984.62 
482500.00 7762500.00 -6913.69 
487500.00 7762500.00 -7004.83 
492500.00 7762500.00 -7028.32 
497500.00 7762500.00 -7062.75 
502500.00 7762500.00 -6036.08 
507500.00 7762500.00 -6608.50 
512500.00 7762500.00 -7342.32 
517500.00 7762500.00 -7623.49 
522500.00 7762500.00 -7835.43 
527500.00 7762500.00 -7952.50 
532500.00 7762500.00 -7554.48 
537500.00 7762500.00 -7490.31 
542500.00 7762500.00 -7982.97 
547500.00 7762500.00 -8247.91 
552500.00 7762500.00 -8825.90 
557500.00 7762500.00 -8155.56 
562500.00 7762500.00 -8089.91 
567500.00 7762500.00 -8649.53 
572500.00 7762500.00 -9026.47 
577500.00 7762500.00 -9255.71 
402500.00 7767500.00 -1415.69 
407500.00 7767500.00 -1527.70 
412500.00 7767500.00 -1690.25 
417500.00 7767500.00 -2528.88 
422500.00 7767500.00 -3088.33 
427500.00 7767500.00 -3633.27 
432500.00 7767500.00 -4589.57 
437500.00 7767500.00 -5022.93 
442500.00 7767500.00 -5441.52 
447500.00 7767500.00 -5807.36 
452500.00 7767500.00 -6075.98 
457500.00 7767500.00 -6419.43 
462500.00 7767500.00 -6330.71 
467500.00 7767500.00 -6434.05 
472500.00 7767500.00 -6578.93 
477500.00 7767500.00 -6170.14 
482500.00 7767500.00 -6744.70 
487500.00 7767500.00 -6787.65 
492500.00 7767500.00 -6693.19 
497500.00 7767500.00 -6720.72 
502500.00 7767500.00 -7646.46 
507500.00 7767500.00 -7454.27 
512500.00 7767500.00 -7253.05 
517500.00 7767500.00 -7220.10 
522500.00 7767500.00 -8113.45 
527500.00 7767500.00 -8112.12 
532500.00 7767500.00 -7779.59 
537500.00 7767500.00 -7688.84 
542500.00 7767500.00 -8526.33 
547500.00 7767500.00 -8597.89 
552500.00 7767500.00 -8469.90 
557500.00 7767500.00 -8490.43 
562500.00 7767500.00 -8249.80 
567500.00 7767500.00 -8847.60 
572500.00 7767500.00 -9318.63 
577500.00 7767500.00 -9474.53 
402500.00 7772500.00 -1380.69 
407500.00 7772500.00 -1578.76 
412500.00 7772500.00 -1869.51 
417500.00 7772500.00 -2575.97 
422500.00 7772500.00 -3290.12 
427500.00 7772500.00 -3681.46 
432500.00 7772500.00 -4406.77 
437500.00 7772500.00 -4994.15 
442500.00 7772500.00 -5303.17 
447500.00 7772500.00 -5621.92 
452500.00 7772500.00 -6058.51 
457500.00 7772500.00 -6309.69 
462500.00 7772500.00 -6258.55 
467500.00 7772500.00 -6469.54 
472500.00 7772500.00 -6486.88 
477500.00 7772500.00 -6800.47 
482500.00 7772500.00 -6526.22 
487500.00 7772500.00 -6336.80 
492500.00 7772500.00 -7504.14 
497500.00 7772500.00 -7716.29 
502500.00 7772500.00 -7896.07 
507500.00 7772500.00 -7885.92 
512500.00 7772500.00 -7882.37 
517500.00 7772500.00 -7175.18 
522500.00 7772500.00 -7626.85 
527500.00 7772500.00 -7633.87 
532500.00 7772500.00 -8086.01 
537500.00 7772500.00 -8494.98 
542500.00 7772500.00 -9321.00 
547500.00 7772500.00 -9365.63 
552500.00 7772500.00 -9794.30 
557500.00 7772500.00 -9391.14 
562500.00 7772500.00 -9307.07 
567500.00 7772500.00 -9295.46 
572500.00 7772500.00 -9215.24 
577500.00 7772500.00 -9424.89 
402500.00 7777500.00 -1372.36 
407500.00 7777500.00 -1600.62 
412500.00 7777500.00 -1972.14 
417500.00 7777500.00 -2486.07 
422500.00 7777500.00 -3330.37 
427500.00 7777500.00 -3766.24 
432500.00 7777500.00 -4379.86 
437500.00 7777500.00 -4750.85 
442500.00 7777500.00 -5102.35 
447500.00 7777500.00 -5472.67 
452500.00 7777500.00 -6020.42 
457500.00 7777500.00 -6383.64 
462500.00 7777500.00 -6307.44 
467500.00 7777500.00 -6169.40 
472500.00 7777500.00 -6564.63 
477500.00 7777500.00 -6800.33 
482500.00 7777500.00 -6462.40 
487500.00 7777500.00 -6337.20 
492500.00 7777500.00 -7690.78 
497500.00 7777500.00 -7991.14 
502500.00 7777500.00 -7553.00 
507500.00 7777500.00 -7746.73 
512500.00 7777500.00 -7997.66 
517500.00 7777500.00 -7554.63 
522500.00 7777500.00 -8050.24 
527500.00 7777500.00 -8063.59 
532500.00 7777500.00 -9165.84 
537500.00 7777500.00 -9964.80 
542500.00 7777500.00 -9244.75 
547500.00 7777500.00 -8906.87 
552500.00 7777500.00 -9634.11 
557500.00 7777500.00 -9462.47 
562500.00 7777500.00 -9765.99 
567500.00 7777500.00 -9948.22 
572500.00 7777500.00 -9292.92 
577500.00 7777500.00 -9143.54 
402500.00 7782500.00 -1428.95 
407500.00 7782500.00 -1675.62 
412500.00 7782500.00 -2064.32 
417500.00 7782500.00 -2523.07 
422500.00 7782500.00 -3391.73 
427500.00 7782500.00 -3935.73 
432500.00 7782500.00 -4463.44 
437500.00 7782500.00 -4602.35 
442500.00 7782500.00 -4786.89 
447500.00 7782500.00 -5201.85 
452500.00 7782500.00 -5816.02 
457500.00 7782500.00 -6259.29 
462500.00 7782500.00 -6317.16 
467500.00 7782500.00 -6175.13 
472500.00 7782500.00 -6648.67 
477500.00 7782500.00 -6514.72 
482500.00 7782500.00 -6115.70 
487500.00 7782500.00 -7584.50 
492500.00 7782500.00 -8028.33 
497500.00 7782500.00 -7841.35 
502500.00 7782500.00 -6741.75 
507500.00 7782500.00 -7810.79 
512500.00 7782500.00 -8197.61 
517500.00 7782500.00 -8197.22 
522500.00 7782500.00 -7806.98 
527500.00 7782500.00 -8350.38 
532500.00 7782500.00 -9956.79 
537500.00 7782500.00 -9577.02 
542500.00 7782500.00 -8187.88 
547500.00 7782500.00 -7645.49 
552500.00 7782500.00 -9544.35 
557500.00 7782500.00 -9666.02 
562500.00 7782500.00 -9450.73 
567500.00 7782500.00 -9625.51 
572500.00 7782500.00 -9501.11 
577500.00 7782500.00 -9385.81 
402500.00 7787500.00 -1535.85 
407500.00 7787500.00 -1746.10 
412500.00 7787500.00 -2189.94 
417500.00 7787500.00 -2496.33 
422500.00 7787500.00 -3213.35 
427500.00 7787500.00 -3863.21 
432500.00 7787500.00 -4432.84 
437500.00 7787500.00 -4715.54 
442500.00 7787500.00 -4740.97 
447500.00 7787500.00 -5107.41 
452500.00 7787500.00 -5950.30 
457500.00 7787500.00 -6393.15 
462500.00 7787500.00 -6505.25 
467500.00 7787500.00 -6297.71 
472500.00 7787500.00 -6794.29 
477500.00 7787500.00 -7147.99 
482500.00 7787500.00 -6778.88 
487500.00 7787500.00 -7522.08 
492500.00 7787500.00 -8392.14 
497500.00 7787500.00 -7422.47 
502500.00 7787500.00 -5810.42 
507500.00 7787500.00 -7936.21 
512500.00 7787500.00 -8327.81 
517500.00 7787500.00 -8488.42 
522500.00 7787500.00 -5995.61 
527500.00 7787500.00 -8189.22 
532500.00 7787500.00 -10425.52 
537500.00 7787500.00 -9132.45 
542500.00 7787500.00 -8498.61 
547500.00 7787500.00 -8318.45 
552500.00 7787500.00 -9176.75 
557500.00 7787500.00 -9365.68 
562500.00 7787500.00 -9279.08 
567500.00 7787500.00 -9246.14 
572500.00 7787500.00 -9423.52 
577500.00 7787500.00 -9464.69 
402500.00 7792500.00 -1605.87 
407500.00 7792500.00 -1748.94 
412500.00 7792500.00 -2132.79 
417500.00 7792500.00 -2506.75 
422500.00 7792500.00 -3141.58 
427500.00 7792500.00 -3741.72 
432500.00 7792500.00 -4390.78 
437500.00 7792500.00 -4808.90 
442500.00 7792500.00 -5101.86 
447500.00 7792500.00 -5150.73 
452500.00 7792500.00 -5772.22 
457500.00 7792500.00 -6172.51 
462500.00 7792500.00 -6279.46 
467500.00 7792500.00 -6603.60 
472500.00 7792500.00 -6545.96 
477500.00 7792500.00 -6798.62 
482500.00 7792500.00 -7074.56 
487500.00 7792500.00 -7349.74 
492500.00 7792500.00 -6986.67 
497500.00 7792500.00 -7477.64 
502500.00 7792500.00 -8053.09 
507500.00 7792500.00 -8282.41 
512500.00 7792500.00 -8440.25 
517500.00 7792500.00 -8372.41 
522500.00 7792500.00 -7452.45 
527500.00 7792500.00 -8489.31 
532500.00 7792500.00 -9271.24 
537500.00 7792500.00 -8863.24 
542500.00 7792500.00 -8982.23 
547500.00 7792500.00 -9003.49 
552500.00 7792500.00 -9059.78 
557500.00 7792500.00 -9128.43 
562500.00 7792500.00 -9335.06 
567500.00 7792500.00 -9272.81 
572500.00 7792500.00 -9369.96 
577500.00 7792500.00 -9429.06 
402500.00 7797500.00 -1555.08 
407500.00 7797500.00 -1668.31 
412500.00 7797500.00 -2096.39 
417500.00 7797500.00 -2520.77 
422500.00 7797500.00 -2945.96 
427500.00 7797500.00 -3389.21 
432500.00 7797500.00 -4563.30 
437500.00 7797500.00 -5037.37 
442500.00 7797500.00 -5323.68 
447500.00 7797500.00 -5347.37 
452500.00 7797500.00 -5779.01 
457500.00 7797500.00 -6142.45 
462500.00 7797500.00 -6417.87 
467500.00 7797500.00 -6706.02 
472500.00 7797500.00 -6412.60 
477500.00 7797500.00 -6974.90 
482500.00 7797500.00 -7342.92 
487500.00 7797500.00 -7725.34 
492500.00 7797500.00 -6604.41 
497500.00 7797500.00 -6820.72 
502500.00 7797500.00 -7551.69 
507500.00 7797500.00 -7567.22 
512500.00 7797500.00 -8083.08 
517500.00 7797500.00 -8148.06 
522500.00 7797500.00 -8192.25 
527500.00 7797500.00 -8302.78 
532500.00 7797500.00 -8660.68 
537500.00 7797500.00 -8785.65 
542500.00 7797500.00 -8859.23 
547500.00 7797500.00 -8908.07 
552500.00 7797500.00 -9116.88 
557500.00 7797500.00 -9158.57 
562500.00 7797500.00 -9253.77 
567500.00 7797500.00 -9206.77 
572500.00 7797500.00 -9318.16 
577500.00 7797500.00 -9375.73 
402500.00 7802500.00 -1511.43 
407500.00 7802500.00 -1588.52 
412500.00 7802500.00 -2029.32 
417500.00 7802500.00 -2470.80 
422500.00 7802500.00 -3153.99 
427500.00 7802500.00 -3569.08 
432500.00 7802500.00 -4438.06 
437500.00 7802500.00 -5059.02 
442500.00 7802500.00 -5399.43 
447500.00 7802500.00 -5668.29 
452500.00 7802500.00 -5924.61 
457500.00 7802500.00 -6111.91 
462500.00 7802500.00 -6548.04 
467500.00 7802500.00 -6686.54 
472500.00 7802500.00 -6900.63 
477500.00 7802500.00 -6392.99 
482500.00 7802500.00 -5884.30 
487500.00 7802500.00 -7187.80 
492500.00 7802500.00 -6559.39 
497500.00 7802500.00 -4836.82 
502500.00 7802500.00 -6711.44 
507500.00 7802500.00 -7084.12 
512500.00 7802500.00 -7605.27 
517500.00 7802500.00 -7963.22 
522500.00 7802500.00 -8229.17 
527500.00 7802500.00 -8321.32 
532500.00 7802500.00 -8478.62 
537500.00 7802500.00 -8524.84 
542500.00 7802500.00 -8716.66 
547500.00 7802500.00 -8839.00 
552500.00 7802500.00 -9032.90 
557500.00 7802500.00 -9009.52 
562500.00 7802500.00 -9011.84 
567500.00 7802500.00 -8849.69 
572500.00 7802500.00 -8969.50 
577500.00 7802500.00 -8992.57 
