# Petrel Points with attributes
# Unit in X and Y direction: m
# Unit in depth: m
VERSION 1
BEGIN HEADER
X
Y
Z
END HEADER
402500.00 7652500.00 -4123.19 
407500.00 7652500.00 -4646.21 
412500.00 7652500.00 -4781.34 
417500.00 7652500.00 -4585.12 
422500.00 7652500.00 -4574.02 
427500.00 7652500.00 -4531.96 
432500.00 7652500.00 -4612.30 
437500.00 7652500.00 -5198.67 
442500.00 7652500.00 -4870.37 
447500.00 7652500.00 -5219.83 
452500.00 7652500.00 -5274.51 
457500.00 7652500.00 -5225.36 
462500.00 7652500.00 -5466.07 
467500.00 7652500.00 -4135.52 
472500.00 7652500.00 -3041.99 
477500.00 7652500.00 -3981.22 
482500.00 7652500.00 -4852.84 
487500.00 7652500.00 -5865.47 
492500.00 7652500.00 -5880.45 
497500.00 7652500.00 -4405.64 
502500.00 7652500.00 -5224.14 
507500.00 7652500.00 -3967.02 
512500.00 7652500.00 -4083.14 
517500.00 7652500.00 -5589.65 
522500.00 7652500.00 -6618.38 
527500.00 7652500.00 -6600.87 
532500.00 7652500.00 -6794.23 
537500.00 7652500.00 -5370.15 
542500.00 7652500.00 -4125.00 
547500.00 7652500.00 -3629.33 
552500.00 7652500.00 -5378.77 
557500.00 7652500.00 -6748.38 
562500.00 7652500.00 -6701.69 
567500.00 7652500.00 -6469.16 
572500.00 7652500.00 -6328.74 
577500.00 7652500.00 -6168.66 
402500.00 7657500.00 -4097.12 
407500.00 7657500.00 -4427.77 
412500.00 7657500.00 -5033.16 
417500.00 7657500.00 -4800.90 
422500.00 7657500.00 -4517.93 
427500.00 7657500.00 -4452.09 
432500.00 7657500.00 -4612.05 
437500.00 7657500.00 -4791.36 
442500.00 7657500.00 -4847.62 
447500.00 7657500.00 -5188.42 
452500.00 7657500.00 -4716.24 
457500.00 7657500.00 -4534.57 
462500.00 7657500.00 -4562.13 
467500.00 7657500.00 -4508.22 
472500.00 7657500.00 -3073.32 
477500.00 7657500.00 -3927.91 
482500.00 7657500.00 -6089.32 
487500.00 7657500.00 -5046.65 
492500.00 7657500.00 -4092.31 
497500.00 7657500.00 -3845.20 
502500.00 7657500.00 -4820.33 
507500.00 7657500.00 -3616.98 
512500.00 7657500.00 -3349.44 
517500.00 7657500.00 -5101.79 
522500.00 7657500.00 -6650.41 
527500.00 7657500.00 -6549.52 
532500.00 7657500.00 -5916.99 
537500.00 7657500.00 -5609.48 
542500.00 7657500.00 -4425.61 
547500.00 7657500.00 -4268.57 
552500.00 7657500.00 -5625.15 
557500.00 7657500.00 -7063.66 
562500.00 7657500.00 -7110.46 
567500.00 7657500.00 -6920.21 
572500.00 7657500.00 -6719.69 
577500.00 7657500.00 -6695.43 
402500.00 7662500.00 -4218.40 
407500.00 7662500.00 -4251.18 
412500.00 7662500.00 -4817.76 
417500.00 7662500.00 -4795.74 
422500.00 7662500.00 -4525.58 
427500.00 7662500.00 -4524.91 
432500.00 7662500.00 -4613.31 
437500.00 7662500.00 -4637.94 
442500.00 7662500.00 -4782.48 
447500.00 7662500.00 -4238.91 
452500.00 7662500.00 -4237.92 
457500.00 7662500.00 -5327.77 
462500.00 7662500.00 -4847.83 
467500.00 7662500.00 -4586.25 
472500.00 7662500.00 -3879.50 
477500.00 7662500.00 -4208.97 
482500.00 7662500.00 -5494.37 
487500.00 7662500.00 -3894.10 
492500.00 7662500.00 -4860.98 
497500.00 7662500.00 -4702.13 
502500.00 7662500.00 -6747.53 
507500.00 7662500.00 -4768.03 
512500.00 7662500.00 -3393.61 
517500.00 7662500.00 -4361.81 
522500.00 7662500.00 -7053.02 
527500.00 7662500.00 -5617.08 
532500.00 7662500.00 -6713.48 
537500.00 7662500.00 -5119.21 
542500.00 7662500.00 -4171.27 
547500.00 7662500.00 -4633.22 
552500.00 7662500.00 -4718.43 
557500.00 7662500.00 -6811.13 
562500.00 7662500.00 -7569.85 
567500.00 7662500.00 -7277.69 
572500.00 7662500.00 -7047.05 
577500.00 7662500.00 -7210.68 
402500.00 7667500.00 -3982.64 
407500.00 7667500.00 -4222.08 
412500.00 7667500.00 -4562.50 
417500.00 7667500.00 -4699.56 
422500.00 7667500.00 -4714.80 
427500.00 7667500.00 -4571.97 
432500.00 7667500.00 -4167.79 
437500.00 7667500.00 -4577.22 
442500.00 7667500.00 -4847.51 
447500.00 7667500.00 -4349.86 
452500.00 7667500.00 -4678.97 
457500.00 7667500.00 -5750.60 
462500.00 7667500.00 -5186.59 
467500.00 7667500.00 -5101.25 
472500.00 7667500.00 -5922.20 
477500.00 7667500.00 -4393.63 
482500.00 7667500.00 -5585.44 
487500.00 7667500.00 -4967.07 
492500.00 7667500.00 -5064.45 
497500.00 7667500.00 -5203.74 
502500.00 7667500.00 -7846.88 
507500.00 7667500.00 -5756.86 
512500.00 7667500.00 -3714.74 
517500.00 7667500.00 -4338.48 
522500.00 7667500.00 -6135.87 
527500.00 7667500.00 -5237.83 
532500.00 7667500.00 -7479.63 
537500.00 7667500.00 -7174.81 
542500.00 7667500.00 -5071.40 
547500.00 7667500.00 -5086.42 
552500.00 7667500.00 -5181.97 
557500.00 7667500.00 -6384.01 
562500.00 7667500.00 -7274.80 
567500.00 7667500.00 -7123.20 
572500.00 7667500.00 -6808.27 
577500.00 7667500.00 -6836.93 
402500.00 7672500.00 -3439.11 
407500.00 7672500.00 -3614.96 
412500.00 7672500.00 -4226.66 
417500.00 7672500.00 -4735.38 
422500.00 7672500.00 -4687.71 
427500.00 7672500.00 -4602.02 
432500.00 7672500.00 -4654.35 
437500.00 7672500.00 -4813.02 
442500.00 7672500.00 -4788.46 
447500.00 7672500.00 -4244.02 
452500.00 7672500.00 -4904.92 
457500.00 7672500.00 -5544.63 
462500.00 7672500.00 -5562.04 
467500.00 7672500.00 -4675.15 
472500.00 7672500.00 -5882.00 
477500.00 7672500.00 -5260.67 
482500.00 7672500.00 -5519.82 
487500.00 7672500.00 -6405.68 
492500.00 7672500.00 -4995.28 
497500.00 7672500.00 -6166.67 
502500.00 7672500.00 -7049.62 
507500.00 7672500.00 -4990.61 
512500.00 7672500.00 -3966.58 
517500.00 7672500.00 -4915.89 
522500.00 7672500.00 -5443.53 
527500.00 7672500.00 -5279.45 
532500.00 7672500.00 -7413.38 
537500.00 7672500.00 -7474.93 
542500.00 7672500.00 -5173.88 
547500.00 7672500.00 -4736.94 
552500.00 7672500.00 -5610.79 
557500.00 7672500.00 -6060.80 
562500.00 7672500.00 -6522.76 
567500.00 7672500.00 -6444.63 
572500.00 7672500.00 -6505.75 
577500.00 7672500.00 -6649.10 
402500.00 7677500.00 -3269.67 
407500.00 7677500.00 -3450.07 
412500.00 7677500.00 -3945.93 
417500.00 7677500.00 -4577.08 
422500.00 7677500.00 -4729.11 
427500.00 7677500.00 -4644.94 
432500.00 7677500.00 -4550.76 
437500.00 7677500.00 -4610.92 
442500.00 7677500.00 -4800.73 
447500.00 7677500.00 -4726.07 
452500.00 7677500.00 -5239.06 
457500.00 7677500.00 -5566.61 
462500.00 7677500.00 -5600.06 
467500.00 7677500.00 -4522.57 
472500.00 7677500.00 -5812.35 
477500.00 7677500.00 -5418.94 
482500.00 7677500.00 -4775.70 
487500.00 7677500.00 -6446.95 
492500.00 7677500.00 -4886.90 
497500.00 7677500.00 -7082.27 
502500.00 7677500.00 -5441.18 
507500.00 7677500.00 -4116.73 
512500.00 7677500.00 -3801.94 
517500.00 7677500.00 -4301.30 
522500.00 7677500.00 -6301.06 
527500.00 7677500.00 -6404.78 
532500.00 7677500.00 -7719.18 
537500.00 7677500.00 -7652.28 
542500.00 7677500.00 -5933.55 
547500.00 7677500.00 -5019.11 
552500.00 7677500.00 -5359.95 
557500.00 7677500.00 -6288.46 
562500.00 7677500.00 -6903.24 
567500.00 7677500.00 -6715.01 
572500.00 7677500.00 -6518.89 
577500.00 7677500.00 -7096.62 
402500.00 7682500.00 -3106.62 
407500.00 7682500.00 -3324.78 
412500.00 7682500.00 -3688.33 
417500.00 7682500.00 -4199.52 
422500.00 7682500.00 -4553.47 
427500.00 7682500.00 -4546.24 
432500.00 7682500.00 -4480.77 
437500.00 7682500.00 -4515.04 
442500.00 7682500.00 -4930.45 
447500.00 7682500.00 -5227.17 
452500.00 7682500.00 -4868.63 
457500.00 7682500.00 -4777.12 
462500.00 7682500.00 -5404.46 
467500.00 7682500.00 -4547.25 
472500.00 7682500.00 -5263.98 
477500.00 7682500.00 -5478.84 
482500.00 7682500.00 -4587.88 
487500.00 7682500.00 -6224.80 
492500.00 7682500.00 -5068.65 
497500.00 7682500.00 -6938.35 
502500.00 7682500.00 -6271.79 
507500.00 7682500.00 -7075.31 
512500.00 7682500.00 -5205.31 
517500.00 7682500.00 -5492.58 
522500.00 7682500.00 -6311.61 
527500.00 7682500.00 -5429.08 
532500.00 7682500.00 -7399.34 
537500.00 7682500.00 -7849.62 
542500.00 7682500.00 -6831.52 
547500.00 7682500.00 -5964.49 
552500.00 7682500.00 -7103.60 
557500.00 7682500.00 -6881.27 
562500.00 7682500.00 -6820.63 
567500.00 7682500.00 -6759.11 
572500.00 7682500.00 -6941.80 
577500.00 7682500.00 -7352.49 
402500.00 7687500.00 -2949.56 
407500.00 7687500.00 -3159.77 
412500.00 7687500.00 -3528.66 
417500.00 7687500.00 -3922.58 
422500.00 7687500.00 -4424.46 
427500.00 7687500.00 -4502.06 
432500.00 7687500.00 -4514.41 
437500.00 7687500.00 -4589.48 
442500.00 7687500.00 -4834.81 
447500.00 7687500.00 -4923.58 
452500.00 7687500.00 -4890.35 
457500.00 7687500.00 -4829.45 
462500.00 7687500.00 -5018.25 
467500.00 7687500.00 -4439.66 
472500.00 7687500.00 -5340.00 
477500.00 7687500.00 -5486.90 
482500.00 7687500.00 -5688.03 
487500.00 7687500.00 -6063.39 
492500.00 7687500.00 -6146.05 
497500.00 7687500.00 -5863.17 
502500.00 7687500.00 -7380.99 
507500.00 7687500.00 -7032.18 
512500.00 7687500.00 -5940.55 
517500.00 7687500.00 -5050.40 
522500.00 7687500.00 -6392.50 
527500.00 7687500.00 -5638.65 
532500.00 7687500.00 -6556.78 
537500.00 7687500.00 -7731.81 
542500.00 7687500.00 -7274.13 
547500.00 7687500.00 -5443.27 
552500.00 7687500.00 -4765.53 
557500.00 7687500.00 -4888.96 
562500.00 7687500.00 -6341.46 
567500.00 7687500.00 -6721.07 
572500.00 7687500.00 -7346.68 
577500.00 7687500.00 -7415.93 
402500.00 7692500.00 -2639.11 
407500.00 7692500.00 -2907.41 
412500.00 7692500.00 -3209.92 
417500.00 7692500.00 -3464.76 
422500.00 7692500.00 -4308.82 
427500.00 7692500.00 -4503.20 
432500.00 7692500.00 -4359.89 
437500.00 7692500.00 -4425.15 
442500.00 7692500.00 -4812.95 
447500.00 7692500.00 -4809.99 
452500.00 7692500.00 -4623.47 
457500.00 7692500.00 -4737.43 
462500.00 7692500.00 -4500.40 
467500.00 7692500.00 -4409.33 
472500.00 7692500.00 -4707.52 
477500.00 7692500.00 -4958.18 
482500.00 7692500.00 -6089.80 
487500.00 7692500.00 -5197.66 
492500.00 7692500.00 -5979.02 
497500.00 7692500.00 -5921.99 
502500.00 7692500.00 -7200.49 
507500.00 7692500.00 -5656.45 
512500.00 7692500.00 -4485.69 
517500.00 7692500.00 -3621.42 
522500.00 7692500.00 -4826.26 
527500.00 7692500.00 -5202.47 
532500.00 7692500.00 -5186.56 
537500.00 7692500.00 -7149.62 
542500.00 7692500.00 -7434.43 
547500.00 7692500.00 -5982.38 
552500.00 7692500.00 -5523.08 
557500.00 7692500.00 -5928.12 
562500.00 7692500.00 -6343.84 
567500.00 7692500.00 -6625.07 
572500.00 7692500.00 -7211.29 
577500.00 7692500.00 -7654.57 
402500.00 7697500.00 -2263.67 
407500.00 7697500.00 -2686.83 
412500.00 7697500.00 -3038.22 
417500.00 7697500.00 -3307.62 
422500.00 7697500.00 -3906.13 
427500.00 7697500.00 -4371.76 
432500.00 7697500.00 -4325.78 
437500.00 7697500.00 -4379.96 
442500.00 7697500.00 -4662.59 
447500.00 7697500.00 -4949.38 
452500.00 7697500.00 -4810.11 
457500.00 7697500.00 -4769.17 
462500.00 7697500.00 -5115.70 
467500.00 7697500.00 -5017.10 
472500.00 7697500.00 -5147.85 
477500.00 7697500.00 -4810.14 
482500.00 7697500.00 -5841.89 
487500.00 7697500.00 -4942.37 
492500.00 7697500.00 -5759.26 
497500.00 7697500.00 -6196.63 
502500.00 7697500.00 -6700.16 
507500.00 7697500.00 -7116.53 
512500.00 7697500.00 -6248.43 
517500.00 7697500.00 -4492.13 
522500.00 7697500.00 -3934.63 
527500.00 7697500.00 -4457.36 
532500.00 7697500.00 -5001.45 
537500.00 7697500.00 -6659.10 
542500.00 7697500.00 -7338.07 
547500.00 7697500.00 -6120.58 
552500.00 7697500.00 -5182.17 
557500.00 7697500.00 -6228.98 
562500.00 7697500.00 -6276.02 
567500.00 7697500.00 -6539.44 
572500.00 7697500.00 -7330.52 
577500.00 7697500.00 -7759.30 
402500.00 7702500.00 -1993.63 
407500.00 7702500.00 -2535.27 
412500.00 7702500.00 -2968.58 
417500.00 7702500.00 -3196.46 
422500.00 7702500.00 -3693.88 
427500.00 7702500.00 -4391.53 
432500.00 7702500.00 -4604.12 
437500.00 7702500.00 -4552.38 
442500.00 7702500.00 -4673.74 
447500.00 7702500.00 -4866.17 
452500.00 7702500.00 -4993.08 
457500.00 7702500.00 -5019.24 
462500.00 7702500.00 -5119.98 
467500.00 7702500.00 -5281.92 
472500.00 7702500.00 -5306.10 
477500.00 7702500.00 -5561.78 
482500.00 7702500.00 -6151.95 
487500.00 7702500.00 -5507.88 
492500.00 7702500.00 -5729.36 
497500.00 7702500.00 -6648.37 
502500.00 7702500.00 -6354.76 
507500.00 7702500.00 -6919.73 
512500.00 7702500.00 -5591.76 
517500.00 7702500.00 -4299.73 
522500.00 7702500.00 -3876.48 
527500.00 7702500.00 -4978.54 
532500.00 7702500.00 -6912.09 
537500.00 7702500.00 -6923.04 
542500.00 7702500.00 -7565.96 
547500.00 7702500.00 -6933.69 
552500.00 7702500.00 -4062.71 
557500.00 7702500.00 -4725.60 
562500.00 7702500.00 -6143.58 
567500.00 7702500.00 -6597.36 
572500.00 7702500.00 -7262.60 
577500.00 7702500.00 -7585.40 
402500.00 7707500.00 -1627.55 
407500.00 7707500.00 -2542.73 
412500.00 7707500.00 -2931.21 
417500.00 7707500.00 -3160.62 
422500.00 7707500.00 -3617.49 
427500.00 7707500.00 -4216.86 
432500.00 7707500.00 -4674.67 
437500.00 7707500.00 -4734.39 
442500.00 7707500.00 -4807.75 
447500.00 7707500.00 -4848.93 
452500.00 7707500.00 -4891.50 
457500.00 7707500.00 -4963.24 
462500.00 7707500.00 -4261.07 
467500.00 7707500.00 -5074.90 
472500.00 7707500.00 -5345.69 
477500.00 7707500.00 -5902.27 
482500.00 7707500.00 -6320.87 
487500.00 7707500.00 -5549.43 
492500.00 7707500.00 -6125.60 
497500.00 7707500.00 -6616.27 
502500.00 7707500.00 -6254.15 
507500.00 7707500.00 -4940.04 
512500.00 7707500.00 -5175.86 
517500.00 7707500.00 -5316.03 
522500.00 7707500.00 -4670.46 
527500.00 7707500.00 -5761.44 
532500.00 7707500.00 -6187.37 
537500.00 7707500.00 -6455.80 
542500.00 7707500.00 -7560.77 
547500.00 7707500.00 -6938.78 
552500.00 7707500.00 -4308.36 
557500.00 7707500.00 -4316.54 
562500.00 7707500.00 -6013.96 
567500.00 7707500.00 -6619.25 
572500.00 7707500.00 -6916.87 
577500.00 7707500.00 -7121.78 
402500.00 7712500.00 -1558.43 
407500.00 7712500.00 -2365.06 
412500.00 7712500.00 -2768.60 
417500.00 7712500.00 -2980.17 
422500.00 7712500.00 -3342.46 
427500.00 7712500.00 -3825.33 
432500.00 7712500.00 -4722.51 
437500.00 7712500.00 -4964.37 
442500.00 7712500.00 -5048.86 
447500.00 7712500.00 -4928.42 
452500.00 7712500.00 -4850.00 
457500.00 7712500.00 -5078.79 
462500.00 7712500.00 -4703.25 
467500.00 7712500.00 -5266.51 
472500.00 7712500.00 -5521.20 
477500.00 7712500.00 -4825.22 
482500.00 7712500.00 -6045.31 
487500.00 7712500.00 -5770.27 
492500.00 7712500.00 -6171.46 
497500.00 7712500.00 -5831.39 
502500.00 7712500.00 -6905.98 
507500.00 7712500.00 -6596.23 
512500.00 7712500.00 -5916.55 
517500.00 7712500.00 -6680.62 
522500.00 7712500.00 -6146.80 
527500.00 7712500.00 -6882.02 
532500.00 7712500.00 -7057.93 
537500.00 7712500.00 -5966.40 
542500.00 7712500.00 -7544.58 
547500.00 7712500.00 -7093.65 
552500.00 7712500.00 -4370.11 
557500.00 7712500.00 -3739.14 
562500.00 7712500.00 -6588.87 
567500.00 7712500.00 -6832.69 
572500.00 7712500.00 -6771.81 
577500.00 7712500.00 -6947.94 
402500.00 7717500.00 -1466.03 
407500.00 7717500.00 -2066.67 
412500.00 7717500.00 -2527.61 
417500.00 7717500.00 -2691.62 
422500.00 7717500.00 -3122.91 
427500.00 7717500.00 -3672.89 
432500.00 7717500.00 -4648.93 
437500.00 7717500.00 -4888.99 
442500.00 7717500.00 -4950.83 
447500.00 7717500.00 -4956.22 
452500.00 7717500.00 -4928.48 
457500.00 7717500.00 -4964.27 
462500.00 7717500.00 -5043.80 
467500.00 7717500.00 -4959.82 
472500.00 7717500.00 -5645.51 
477500.00 7717500.00 -4890.90 
482500.00 7717500.00 -5832.77 
487500.00 7717500.00 -6246.36 
492500.00 7717500.00 -5478.34 
497500.00 7717500.00 -6421.03 
502500.00 7717500.00 -6760.03 
507500.00 7717500.00 -7269.25 
512500.00 7717500.00 -5600.48 
517500.00 7717500.00 -6638.30 
522500.00 7717500.00 -5534.08 
527500.00 7717500.00 -6597.27 
532500.00 7717500.00 -8067.10 
537500.00 7717500.00 -6693.73 
542500.00 7717500.00 -6152.73 
547500.00 7717500.00 -6947.61 
552500.00 7717500.00 -4636.15 
557500.00 7717500.00 -3745.77 
562500.00 7717500.00 -6858.20 
567500.00 7717500.00 -7009.74 
572500.00 7717500.00 -6861.40 
577500.00 7717500.00 -6985.22 
402500.00 7722500.00 -1270.48 
407500.00 7722500.00 -1834.97 
412500.00 7722500.00 -2250.65 
417500.00 7722500.00 -2712.54 
422500.00 7722500.00 -3199.40 
427500.00 7722500.00 -3594.64 
432500.00 7722500.00 -4473.65 
437500.00 7722500.00 -4517.94 
442500.00 7722500.00 -4904.68 
447500.00 7722500.00 -4878.90 
452500.00 7722500.00 -4991.37 
457500.00 7722500.00 -4717.16 
462500.00 7722500.00 -5256.50 
467500.00 7722500.00 -5216.84 
472500.00 7722500.00 -6024.86 
477500.00 7722500.00 -4604.69 
482500.00 7722500.00 -6333.26 
487500.00 7722500.00 -6852.73 
492500.00 7722500.00 -5892.99 
497500.00 7722500.00 -7104.57 
502500.00 7722500.00 -7472.51 
507500.00 7722500.00 -7859.47 
512500.00 7722500.00 -6971.24 
517500.00 7722500.00 -8033.96 
522500.00 7722500.00 -7563.18 
527500.00 7722500.00 -6090.91 
532500.00 7722500.00 -7880.68 
537500.00 7722500.00 -7873.42 
542500.00 7722500.00 -5428.83 
547500.00 7722500.00 -4491.86 
552500.00 7722500.00 -5485.12 
557500.00 7722500.00 -5775.48 
562500.00 7722500.00 -7025.65 
567500.00 7722500.00 -6847.17 
572500.00 7722500.00 -6791.67 
577500.00 7722500.00 -7150.56 
402500.00 7727500.00 -1128.37 
407500.00 7727500.00 -1622.15 
412500.00 7727500.00 -2146.06 
417500.00 7727500.00 -2588.41 
422500.00 7727500.00 -2998.14 
427500.00 7727500.00 -3530.80 
432500.00 7727500.00 -4491.21 
437500.00 7727500.00 -4559.19 
442500.00 7727500.00 -4951.96 
447500.00 7727500.00 -5106.00 
452500.00 7727500.00 -4918.32 
457500.00 7727500.00 -4781.26 
462500.00 7727500.00 -5214.51 
467500.00 7727500.00 -5466.17 
472500.00 7727500.00 -6103.02 
477500.00 7727500.00 -5004.88 
482500.00 7727500.00 -6483.00 
487500.00 7727500.00 -7015.31 
492500.00 7727500.00 -6341.14 
497500.00 7727500.00 -6869.04 
502500.00 7727500.00 -7907.90 
507500.00 7727500.00 -7288.97 
512500.00 7727500.00 -7314.59 
517500.00 7727500.00 -8194.53 
522500.00 7727500.00 -6390.44 
527500.00 7727500.00 -5956.40 
532500.00 7727500.00 -7658.63 
537500.00 7727500.00 -7894.60 
542500.00 7727500.00 -5444.68 
547500.00 7727500.00 -4406.39 
552500.00 7727500.00 -6979.13 
557500.00 7727500.00 -7199.53 
562500.00 7727500.00 -6971.04 
567500.00 7727500.00 -6676.64 
572500.00 7727500.00 -6717.50 
577500.00 7727500.00 -7279.57 
402500.00 7732500.00 -1026.76 
407500.00 7732500.00 -1356.90 
412500.00 7732500.00 -1922.95 
417500.00 7732500.00 -2343.94 
422500.00 7732500.00 -2818.69 
427500.00 7732500.00 -3346.26 
432500.00 7732500.00 -4356.55 
437500.00 7732500.00 -5009.38 
442500.00 7732500.00 -5139.65 
447500.00 7732500.00 -5200.99 
452500.00 7732500.00 -5076.98 
457500.00 7732500.00 -4938.40 
462500.00 7732500.00 -4997.53 
467500.00 7732500.00 -5563.27 
472500.00 7732500.00 -5540.67 
477500.00 7732500.00 -5278.46 
482500.00 7732500.00 -6461.38 
487500.00 7732500.00 -5885.19 
492500.00 7732500.00 -6566.79 
497500.00 7732500.00 -6767.61 
502500.00 7732500.00 -6192.15 
507500.00 7732500.00 -6250.87 
512500.00 7732500.00 -7840.10 
517500.00 7732500.00 -4907.39 
522500.00 7732500.00 -6728.33 
527500.00 7732500.00 -6185.49 
532500.00 7732500.00 -7183.61 
537500.00 7732500.00 -7966.30 
542500.00 7732500.00 -8245.23 
547500.00 7732500.00 -7664.31 
552500.00 7732500.00 -7424.66 
557500.00 7732500.00 -7297.92 
562500.00 7732500.00 -7224.48 
567500.00 7732500.00 -6748.82 
572500.00 7732500.00 -7059.55 
577500.00 7732500.00 -7447.77 
402500.00 7737500.00 -1002.49 
407500.00 7737500.00 -1245.93 
412500.00 7737500.00 -1868.54 
417500.00 7737500.00 -2368.59 
422500.00 7737500.00 -2793.29 
427500.00 7737500.00 -3124.95 
432500.00 7737500.00 -4277.32 
437500.00 7737500.00 -5287.49 
442500.00 7737500.00 -5191.00 
447500.00 7737500.00 -5286.32 
452500.00 7737500.00 -5144.77 
457500.00 7737500.00 -4973.30 
462500.00 7737500.00 -5025.35 
467500.00 7737500.00 -5581.69 
472500.00 7737500.00 -5616.22 
477500.00 7737500.00 -5615.37 
482500.00 7737500.00 -6505.29 
487500.00 7737500.00 -5616.42 
492500.00 7737500.00 -6379.00 
497500.00 7737500.00 -6558.54 
502500.00 7737500.00 -5796.41 
507500.00 7737500.00 -7207.41 
512500.00 7737500.00 -7221.45 
517500.00 7737500.00 -4768.48 
522500.00 7737500.00 -6593.63 
527500.00 7737500.00 -6607.93 
532500.00 7737500.00 -7137.02 
537500.00 7737500.00 -7696.74 
542500.00 7737500.00 -7653.36 
547500.00 7737500.00 -7634.48 
552500.00 7737500.00 -7144.48 
557500.00 7737500.00 -7227.62 
562500.00 7737500.00 -7588.45 
567500.00 7737500.00 -7476.59 
572500.00 7737500.00 -7887.39 
577500.00 7737500.00 -7904.35 
402500.00 7742500.00 -1185.86 
407500.00 7742500.00 -1279.13 
412500.00 7742500.00 -1776.04 
417500.00 7742500.00 -2339.13 
422500.00 7742500.00 -2828.47 
427500.00 7742500.00 -3153.23 
432500.00 7742500.00 -3784.89 
437500.00 7742500.00 -4730.87 
442500.00 7742500.00 -5320.32 
447500.00 7742500.00 -5575.71 
452500.00 7742500.00 -5143.01 
457500.00 7742500.00 -5100.77 
462500.00 7742500.00 -5420.99 
467500.00 7742500.00 -5687.09 
472500.00 7742500.00 -5957.04 
477500.00 7742500.00 -6167.04 
482500.00 7742500.00 -6583.78 
487500.00 7742500.00 -5948.25 
492500.00 7742500.00 -6137.85 
497500.00 7742500.00 -6351.56 
502500.00 7742500.00 -6406.06 
507500.00 7742500.00 -7045.51 
512500.00 7742500.00 -7123.59 
517500.00 7742500.00 -6546.51 
522500.00 7742500.00 -6177.51 
527500.00 7742500.00 -6305.28 
532500.00 7742500.00 -7386.11 
537500.00 7742500.00 -7944.75 
542500.00 7742500.00 -8062.15 
547500.00 7742500.00 -7735.03 
552500.00 7742500.00 -7204.59 
557500.00 7742500.00 -7016.26 
562500.00 7742500.00 -7715.57 
567500.00 7742500.00 -8257.03 
572500.00 7742500.00 -8997.45 
577500.00 7742500.00 -9095.09 
402500.00 7747500.00 -1269.28 
407500.00 7747500.00 -1338.34 
412500.00 7747500.00 -1584.05 
417500.00 7747500.00 -2185.58 
422500.00 7747500.00 -2796.91 
427500.00 7747500.00 -3219.92 
432500.00 7747500.00 -3957.24 
437500.00 7747500.00 -4764.33 
442500.00 7747500.00 -5482.77 
447500.00 7747500.00 -5553.96 
452500.00 7747500.00 -5294.26 
457500.00 7747500.00 -5302.83 
462500.00 7747500.00 -5600.21 
467500.00 7747500.00 -5743.04 
472500.00 7747500.00 -6240.41 
477500.00 7747500.00 -6101.24 
482500.00 7747500.00 -6551.85 
487500.00 7747500.00 -6233.11 
492500.00 7747500.00 -5828.90 
497500.00 7747500.00 -6070.37 
502500.00 7747500.00 -6717.00 
507500.00 7747500.00 -7151.83 
512500.00 7747500.00 -7507.16 
517500.00 7747500.00 -6979.74 
522500.00 7747500.00 -7552.71 
527500.00 7747500.00 -6817.28 
532500.00 7747500.00 -6222.78 
537500.00 7747500.00 -5768.37 
542500.00 7747500.00 -8190.49 
547500.00 7747500.00 -7094.35 
552500.00 7747500.00 -7202.58 
557500.00 7747500.00 -6946.94 
562500.00 7747500.00 -7548.07 
567500.00 7747500.00 -8015.35 
572500.00 7747500.00 -9226.57 
577500.00 7747500.00 -9340.60 
402500.00 7752500.00 -1193.54 
407500.00 7752500.00 -1261.44 
412500.00 7752500.00 -1429.59 
417500.00 7752500.00 -2132.70 
422500.00 7752500.00 -2618.80 
427500.00 7752500.00 -3183.47 
432500.00 7752500.00 -4135.13 
437500.00 7752500.00 -4895.83 
442500.00 7752500.00 -5567.30 
447500.00 7752500.00 -5662.85 
452500.00 7752500.00 -5525.46 
457500.00 7752500.00 -5386.72 
462500.00 7752500.00 -5481.85 
467500.00 7752500.00 -5697.38 
472500.00 7752500.00 -6319.31 
477500.00 7752500.00 -5258.76 
482500.00 7752500.00 -6656.75 
487500.00 7752500.00 -6915.79 
492500.00 7752500.00 -5330.11 
497500.00 7752500.00 -5826.50 
502500.00 7752500.00 -6332.28 
507500.00 7752500.00 -7188.26 
512500.00 7752500.00 -7744.38 
517500.00 7752500.00 -7650.49 
522500.00 7752500.00 -7473.44 
527500.00 7752500.00 -7997.36 
532500.00 7752500.00 -7928.52 
537500.00 7752500.00 -6831.68 
542500.00 7752500.00 -7889.39 
547500.00 7752500.00 -7497.21 
552500.00 7752500.00 -8211.78 
557500.00 7752500.00 -7743.96 
562500.00 7752500.00 -7950.60 
567500.00 7752500.00 -8433.45 
572500.00 7752500.00 -9190.37 
577500.00 7752500.00 -7522.06 
402500.00 7757500.00 -1064.20 
407500.00 7757500.00 -1246.56 
412500.00 7757500.00 -1341.41 
417500.00 7757500.00 -1869.20 
422500.00 7757500.00 -2503.62 
427500.00 7757500.00 -3131.34 
432500.00 7757500.00 -4090.44 
437500.00 7757500.00 -4748.43 
442500.00 7757500.00 -5268.22 
447500.00 7757500.00 -5817.83 
452500.00 7757500.00 -5613.70 
457500.00 7757500.00 -5515.55 
462500.00 7757500.00 -5683.00 
467500.00 7757500.00 -5875.12 
472500.00 7757500.00 -6251.37 
477500.00 7757500.00 -5786.57 
482500.00 7757500.00 -6791.41 
487500.00 7757500.00 -6824.26 
492500.00 7757500.00 -6234.47 
497500.00 7757500.00 -6446.67 
502500.00 7757500.00 -5895.11 
507500.00 7757500.00 -6917.10 
512500.00 7757500.00 -6748.99 
517500.00 7757500.00 -7033.51 
522500.00 7757500.00 -7731.21 
527500.00 7757500.00 -8268.71 
532500.00 7757500.00 -8035.53 
537500.00 7757500.00 -7469.11 
542500.00 7757500.00 -4751.89 
547500.00 7757500.00 -5277.40 
552500.00 7757500.00 -8402.88 
557500.00 7757500.00 -7721.02 
562500.00 7757500.00 -8285.87 
567500.00 7757500.00 -8937.05 
572500.00 7757500.00 -8936.80 
577500.00 7757500.00 -8953.67 
402500.00 7762500.00 -921.45 
407500.00 7762500.00 -1073.89 
412500.00 7762500.00 -1331.57 
417500.00 7762500.00 -2098.67 
422500.00 7762500.00 -2583.26 
427500.00 7762500.00 -3164.90 
432500.00 7762500.00 -4052.17 
437500.00 7762500.00 -4572.61 
442500.00 7762500.00 -4998.04 
447500.00 7762500.00 -5474.45 
452500.00 7762500.00 -5564.02 
457500.00 7762500.00 -5783.44 
462500.00 7762500.00 -5943.67 
467500.00 7762500.00 -5927.24 
472500.00 7762500.00 -6359.95 
477500.00 7762500.00 -5676.81 
482500.00 7762500.00 -6595.80 
487500.00 7762500.00 -6712.41 
492500.00 7762500.00 -6685.03 
497500.00 7762500.00 -6659.35 
502500.00 7762500.00 -5635.09 
507500.00 7762500.00 -6226.63 
512500.00 7762500.00 -6996.28 
517500.00 7762500.00 -7379.29 
522500.00 7762500.00 -7626.22 
527500.00 7762500.00 -7733.02 
532500.00 7762500.00 -7309.87 
537500.00 7762500.00 -7204.00 
542500.00 7762500.00 -7588.60 
547500.00 7762500.00 -7820.38 
552500.00 7762500.00 -8417.40 
557500.00 7762500.00 -7790.62 
562500.00 7762500.00 -7785.13 
567500.00 7762500.00 -8401.76 
572500.00 7762500.00 -8796.35 
577500.00 7762500.00 -8895.97 
402500.00 7767500.00 -914.21 
407500.00 7767500.00 -1104.66 
412500.00 7767500.00 -1306.55 
417500.00 7767500.00 -2126.94 
422500.00 7767500.00 -2627.49 
427500.00 7767500.00 -3111.03 
432500.00 7767500.00 -4057.52 
437500.00 7767500.00 -4557.22 
442500.00 7767500.00 -5013.33 
447500.00 7767500.00 -5359.40 
452500.00 7767500.00 -5593.25 
457500.00 7767500.00 -5960.00 
462500.00 7767500.00 -5885.06 
467500.00 7767500.00 -5988.07 
472500.00 7767500.00 -6212.81 
477500.00 7767500.00 -5855.95 
482500.00 7767500.00 -6419.01 
487500.00 7767500.00 -6435.57 
492500.00 7767500.00 -6318.06 
497500.00 7767500.00 -6305.72 
502500.00 7767500.00 -7238.72 
507500.00 7767500.00 -7140.54 
512500.00 7767500.00 -7038.93 
517500.00 7767500.00 -7066.27 
522500.00 7767500.00 -7914.39 
527500.00 7767500.00 -7874.42 
532500.00 7767500.00 -7519.27 
537500.00 7767500.00 -7411.70 
542500.00 7767500.00 -8170.92 
547500.00 7767500.00 -8187.63 
552500.00 7767500.00 -8084.31 
557500.00 7767500.00 -8146.37 
562500.00 7767500.00 -7960.47 
567500.00 7767500.00 -8607.76 
572500.00 7767500.00 -9114.57 
577500.00 7767500.00 -9276.54 
402500.00 7772500.00 -797.06 
407500.00 7772500.00 -1093.98 
412500.00 7772500.00 -1463.06 
417500.00 7772500.00 -2175.89 
422500.00 7772500.00 -2855.61 
427500.00 7772500.00 -3179.20 
432500.00 7772500.00 -3879.79 
437500.00 7772500.00 -4532.28 
442500.00 7772500.00 -4868.21 
447500.00 7772500.00 -5167.07 
452500.00 7772500.00 -5557.70 
457500.00 7772500.00 -5807.77 
462500.00 7772500.00 -5801.24 
467500.00 7772500.00 -6041.00 
472500.00 7772500.00 -6074.63 
477500.00 7772500.00 -6446.59 
482500.00 7772500.00 -6184.47 
487500.00 7772500.00 -5960.18 
492500.00 7772500.00 -7139.81 
497500.00 7772500.00 -7376.64 
502500.00 7772500.00 -7665.02 
507500.00 7772500.00 -7652.52 
512500.00 7772500.00 -7676.91 
517500.00 7772500.00 -6970.69 
522500.00 7772500.00 -7386.25 
527500.00 7772500.00 -7373.41 
532500.00 7772500.00 -7819.17 
537500.00 7772500.00 -8222.93 
542500.00 7772500.00 -8994.67 
547500.00 7772500.00 -8984.16 
552500.00 7772500.00 -9441.16 
557500.00 7772500.00 -9077.81 
562500.00 7772500.00 -9043.10 
567500.00 7772500.00 -9075.08 
572500.00 7772500.00 -9035.34 
577500.00 7772500.00 -9290.60 
402500.00 7777500.00 -773.66 
407500.00 7777500.00 -1106.17 
412500.00 7777500.00 -1569.99 
417500.00 7777500.00 -2090.26 
422500.00 7777500.00 -2891.46 
427500.00 7777500.00 -3247.60 
432500.00 7777500.00 -3860.04 
437500.00 7777500.00 -4294.08 
442500.00 7777500.00 -4659.43 
447500.00 7777500.00 -5010.32 
452500.00 7777500.00 -5522.02 
457500.00 7777500.00 -5892.37 
462500.00 7777500.00 -5862.31 
467500.00 7777500.00 -5755.11 
472500.00 7777500.00 -6137.18 
477500.00 7777500.00 -6368.51 
482500.00 7777500.00 -6050.14 
487500.00 7777500.00 -5975.07 
492500.00 7777500.00 -7387.54 
497500.00 7777500.00 -7710.64 
502500.00 7777500.00 -7343.63 
507500.00 7777500.00 -7532.82 
512500.00 7777500.00 -7765.53 
517500.00 7777500.00 -7303.60 
522500.00 7777500.00 -7786.92 
527500.00 7777500.00 -7796.32 
532500.00 7777500.00 -8901.15 
537500.00 7777500.00 -9694.60 
542500.00 7777500.00 -8910.92 
547500.00 7777500.00 -8552.06 
552500.00 7777500.00 -9316.63 
557500.00 7777500.00 -9187.19 
562500.00 7777500.00 -9536.20 
567500.00 7777500.00 -9759.51 
572500.00 7777500.00 -9136.81 
577500.00 7777500.00 -8981.01 
402500.00 7782500.00 -887.81 
407500.00 7782500.00 -1226.08 
412500.00 7782500.00 -1678.79 
417500.00 7782500.00 -2142.06 
422500.00 7782500.00 -2929.33 
427500.00 7782500.00 -3382.68 
432500.00 7782500.00 -3933.26 
437500.00 7782500.00 -4135.31 
442500.00 7782500.00 -4334.75 
447500.00 7782500.00 -4730.01 
452500.00 7782500.00 -5328.18 
457500.00 7782500.00 -5803.42 
462500.00 7782500.00 -5886.73 
467500.00 7782500.00 -5762.84 
472500.00 7782500.00 -6226.57 
477500.00 7782500.00 -6008.61 
482500.00 7782500.00 -5628.97 
487500.00 7782500.00 -7272.09 
492500.00 7782500.00 -7787.02 
497500.00 7782500.00 -7559.91 
502500.00 7782500.00 -6475.38 
507500.00 7782500.00 -7562.60 
512500.00 7782500.00 -7937.92 
517500.00 7782500.00 -7930.08 
522500.00 7782500.00 -7536.73 
527500.00 7782500.00 -8080.42 
532500.00 7782500.00 -9687.36 
537500.00 7782500.00 -9280.27 
542500.00 7782500.00 -7854.29 
547500.00 7782500.00 -7330.59 
552500.00 7782500.00 -9275.83 
557500.00 7782500.00 -9437.99 
562500.00 7782500.00 -9266.20 
567500.00 7782500.00 -9488.14 
572500.00 7782500.00 -9392.14 
577500.00 7782500.00 -9169.72 
402500.00 7787500.00 -1048.74 
407500.00 7787500.00 -1289.69 
412500.00 7787500.00 -1758.43 
417500.00 7787500.00 -2094.55 
422500.00 7787500.00 -2719.46 
427500.00 7787500.00 -3271.06 
432500.00 7787500.00 -3881.19 
437500.00 7787500.00 -4251.59 
442500.00 7787500.00 -4304.19 
447500.00 7787500.00 -4655.61 
452500.00 7787500.00 -5479.04 
457500.00 7787500.00 -5953.36 
462500.00 7787500.00 -6079.01 
467500.00 7787500.00 -5838.27 
472500.00 7787500.00 -6363.38 
477500.00 7787500.00 -6696.72 
482500.00 7787500.00 -6350.68 
487500.00 7787500.00 -7184.32 
492500.00 7787500.00 -8049.89 
497500.00 7787500.00 -7073.42 
502500.00 7787500.00 -5482.84 
507500.00 7787500.00 -7667.69 
512500.00 7787500.00 -8054.73 
517500.00 7787500.00 -8200.53 
522500.00 7787500.00 -5681.39 
527500.00 7787500.00 -7855.01 
532500.00 7787500.00 -10081.97 
537500.00 7787500.00 -8792.19 
542500.00 7787500.00 -8191.18 
547500.00 7787500.00 -8050.08 
552500.00 7787500.00 -8951.41 
557500.00 7787500.00 -9179.82 
562500.00 7787500.00 -9142.66 
567500.00 7787500.00 -9158.62 
572500.00 7787500.00 -9287.23 
577500.00 7787500.00 -9189.91 
402500.00 7792500.00 -1142.43 
407500.00 7792500.00 -1271.19 
412500.00 7792500.00 -1641.97 
417500.00 7792500.00 -2071.17 
422500.00 7792500.00 -2639.88 
427500.00 7792500.00 -3176.12 
432500.00 7792500.00 -3849.55 
437500.00 7792500.00 -4378.68 
442500.00 7792500.00 -4706.40 
447500.00 7792500.00 -4729.94 
452500.00 7792500.00 -5311.47 
457500.00 7792500.00 -5699.07 
462500.00 7792500.00 -5828.32 
467500.00 7792500.00 -6150.03 
472500.00 7792500.00 -6113.17 
477500.00 7792500.00 -6402.55 
482500.00 7792500.00 -6701.43 
487500.00 7792500.00 -6933.56 
492500.00 7792500.00 -6475.91 
497500.00 7792500.00 -7047.06 
502500.00 7792500.00 -7716.96 
507500.00 7792500.00 -8007.88 
512500.00 7792500.00 -8139.03 
517500.00 7792500.00 -7991.03 
522500.00 7792500.00 -7033.55 
527500.00 7792500.00 -8080.20 
532500.00 7792500.00 -8902.53 
537500.00 7792500.00 -8543.31 
542500.00 7792500.00 -8720.72 
547500.00 7792500.00 -8780.81 
552500.00 7792500.00 -8865.80 
557500.00 7792500.00 -8971.27 
562500.00 7792500.00 -9232.02 
567500.00 7792500.00 -9179.77 
572500.00 7792500.00 -9196.39 
577500.00 7792500.00 -9169.07 
402500.00 7797500.00 -1038.86 
407500.00 7797500.00 -1113.88 
412500.00 7797500.00 -1569.30 
417500.00 7797500.00 -2053.49 
422500.00 7797500.00 -2447.65 
427500.00 7797500.00 -2866.06 
432500.00 7797500.00 -4113.29 
437500.00 7797500.00 -4668.09 
442500.00 7797500.00 -4965.62 
447500.00 7797500.00 -4949.85 
452500.00 7797500.00 -5343.44 
457500.00 7797500.00 -5684.05 
462500.00 7797500.00 -6011.02 
467500.00 7797500.00 -6295.99 
472500.00 7797500.00 -5947.69 
477500.00 7797500.00 -6470.60 
482500.00 7797500.00 -6911.05 
487500.00 7797500.00 -7306.41 
492500.00 7797500.00 -6086.61 
497500.00 7797500.00 -6472.17 
502500.00 7797500.00 -7259.67 
507500.00 7797500.00 -7288.87 
512500.00 7797500.00 -7732.17 
517500.00 7797500.00 -7718.37 
522500.00 7797500.00 -7761.24 
527500.00 7797500.00 -7901.82 
532500.00 7797500.00 -8313.75 
537500.00 7797500.00 -8503.33 
542500.00 7797500.00 -8643.24 
547500.00 7797500.00 -8699.38 
552500.00 7797500.00 -8831.63 
557500.00 7797500.00 -8917.95 
562500.00 7797500.00 -9134.02 
567500.00 7797500.00 -9128.26 
572500.00 7797500.00 -9185.65 
577500.00 7797500.00 -9156.08 
402500.00 7802500.00 -923.60 
407500.00 7802500.00 -935.00 
412500.00 7802500.00 -1405.57 
417500.00 7802500.00 -1944.63 
422500.00 7802500.00 -2668.96 
427500.00 7802500.00 -3111.96 
432500.00 7802500.00 -4041.64 
437500.00 7802500.00 -4681.98 
442500.00 7802500.00 -5015.34 
447500.00 7802500.00 -5271.97 
452500.00 7802500.00 -5530.22 
457500.00 7802500.00 -5724.50 
462500.00 7802500.00 -6275.69 
467500.00 7802500.00 -6344.97 
472500.00 7802500.00 -6457.75 
477500.00 7802500.00 -5879.30 
482500.00 7802500.00 -5428.75 
487500.00 7802500.00 -6801.13 
492500.00 7802500.00 -6149.71 
497500.00 7802500.00 -4592.23 
502500.00 7802500.00 -6450.21 
507500.00 7802500.00 -6804.42 
512500.00 7802500.00 -7239.37 
517500.00 7802500.00 -7539.64 
522500.00 7802500.00 -7820.35 
527500.00 7802500.00 -7952.20 
532500.00 7802500.00 -8171.24 
537500.00 7802500.00 -8285.85 
542500.00 7802500.00 -8545.59 
547500.00 7802500.00 -8606.94 
552500.00 7802500.00 -8723.83 
557500.00 7802500.00 -8762.70 
562500.00 7802500.00 -8934.48 
567500.00 7802500.00 -8838.23 
572500.00 7802500.00 -8894.33 
577500.00 7802500.00 -8812.47 
