X,Y,Z,formation
8767596.9,728858.7,-360.0,MIOC-INF
8767596.9,728858.7,-810.0,OLIG.SUP
8767596.9,728858.7,-870.0,OLIG-INF
8767596.9,728858.7,-990.0,EOC-SUP
8767596.9,728858.7,-1080.0,EOC-MED
8767596.9,728858.7,-1380.0,EOC-INF
8767596.9,728858.7,-1450.0,PAL-SUP
8767596.9,728858.7,-1560.0,PAL-INF
8767596.9,728858.7,-2580.0,MAESTRIC
8767596.9,728858.7,-3060.0,CAMPANIA
8761842.0,707489.0,-360.0,EOC-SUP
8761842.0,707489.0,-612.0,EOC-MED
8761842.0,707489.0,-839.0,EOC-INF
8761842.0,707489.0,-947.0,PAL-SUP
8761842.0,707489.0,-1080.0,PAL-INF
8761842.0,707489.0,-1962.0,MAESTRIC
8761842.0,707489.0,-2748.0,CAMPANIA
8754733.1,713210.5,-759.0,EOC-SUP
8754733.1,713210.5,-975.0,EOC-MED
8754733.1,713210.5,-1234.0,EOC-INF
8754733.1,713210.5,-1371.0,PAL-SUP
8754733.1,713210.5,-1911.9,PAL-INF
8754733.1,713210.5,-2235.0,MAESTRIC
8762534.5,722466.7,-360.0,MIOC-INF
8762534.5,722466.7,-795.0,OLIG-INF
8762534.5,722466.7,-960.0,EOC-SUP
8762534.5,722466.7,-1020.0,EOC-MED
8762534.5,722466.7,-1235.0,EOC-INF
8762534.5,722466.7,-1380.0,PAL-SUP
8762534.5,722466.7,-1538.0,PAL.MED
8762534.5,722466.7,-1620.0,PAL-INF
8762534.5,722466.7,-1965.0,MAESTRIC
8762534.5,722466.7,-2273.0,CAMPANIA
8774212.5,719833.5,-461.0,EOC-SUP,
8774212.5,719833.5,-558.0,EOC-MED,
8774212.5,719833.5,-918.0,EOC-INF,
8774212.5,719833.5,-1060.0,PAL-SUP,
8774212.5,719833.5,-1397.0,PAL-INF,