X Y Z Formation
1000 23.401826484018265 36.10528568371496 water
1000 274.97146118721463 62.70918039803124 water
1000 545.5550799086758 212.83115771453026 water
1000 778.1107305936073 389.5570297453456 water
1000 1069.1709474885845 389.5570297453456 water
1000 1243.2220319634703 539.6790070618447 water
1000 1455.3010844748858 691.7012625722234 water
1000 1649.8287671232877 741.1084956130965 water
1000 1765.3752853881278 967.2416006847849 water
1000 1997.9309360730595 1168.6710892360368 water
1000 2152.9680365296804 1168.6710892360368 water
1000 2308.0051369863013 1043.2527284399744 water
1000 2423.5516552511417 1018.5491119195377 water
1000 2559.5747716894975 967.2416006847849 water
1000 2869.64897260274 1018.5491119195377 water
1000 2928.1535388127854 1067.956344960411 water
1000 3005.672089041096 942.5379841643484 water
1000 3450.306792237443 841.8232398887225 water
1000 3856.91352739726 817.1196233682859 water
1000 4282.534246575343 967.2416006847849 water
1000 4825.164098173516 1119.2638561951637 water
1000 5328.303367579909 1244.6822169912261 water
1000 5734.910102739726 1294.0894500320992 water
1000 5948.4517694063925 1394.8041943077253 water
1000 6296.5539383561645 1244.6822169912261 water
1000 6491.081621004566 1119.2638561951637 water
1000 6839.183789954338 1067.956344960411 water
1000 7071.73944063927 1269.3858335116627 water
1000 7400.827625570776 1370.1005777872886 water
1000 7614.369292237443 1495.5189385833512 water
1000 7943.4574771689495 1495.5189385833512 water
1000 8176.013127853881 1571.5300663385406 water
1000 8427.582762557078 1522.1228332976675 water
1000 8641.124429223744 1522.1228332976675 water
1000 8815.17551369863 1571.5300663385406 water
1000 9104.773116438357 1522.1228332976675 water
1000 9686.893550228311 1571.5300663385406 water
1000 10093.500285388129 1622.8375775732934 water
1000 10383.097888127853 1748.2559383693558 water
1000 10789.704623287671 1797.6631714102289 water
1000 10925.727739726028 1848.9706826449817 water
1000 11273.8299086758 1797.6631714102289 water
1000 11468.3575913242 1898.377915685855 water
1000 11738.941210045663 2023.7962764819174 water
1000 11816.459760273972 2023.7962764819174 water
1000 12338.61301369863 1748.2559383693558 water
1000 12648.687214611873 1748.2559383693558 water
1000 12900.256849315068 1822.3667879306654 water
1000 13153.289098173516 1672.2448106141665 water
1000 13365.368150684932 1721.6520436550395 water
1000 13637.414383561643 1898.377915685855 water
1000 14063.035102739726 1898.377915685855 water
1000 14295.590753424658 1772.9595548897923 water
1000 14643.69292237443 1622.8375775732934 water
1000 14972.781107305937 1647.54119409373 water
1000 15186.322773972603 1949.6854269206078 water
1000 15456.906392694063 2075.10378771667 water
1000 15922.017694063927 1999.0926599614809 water
1000 16290.596461187215 1949.6854269206078 water
1000 16464.6475456621 2099.8074042371068 water
1000 16638.698630136987 2301.2368927883585 water
1000 16793.73573059361 2426.655253584421 water
1000 17064.31934931507 2325.9405093087953 water
1000 17160.851883561645 2451.3588701048575 water
1000 17355.379566210046 2401.9516370639844 water
1000 17529.43065068493 2652.7883586561097 water
1000 17606.94920091324 2829.5142306869247 water
1000 17858.51883561644 2679.392253370426 water
1000 18110.088470319635 2753.5031029317356 water
1000 18613.22773972603 2728.799486411299 water
1000 19000.82049086758 2829.5142306869247 water
1000 19350.385273972603 2728.799486411299 water
1000 19776.005993150684 2401.9516370639844 water
1000 20182.6127283105 2075.10378771667 water
1000 20453.196347031964 1898.377915685855 water
1000 2947.16752283105 1544.9261716242243 calareo9a
1000 3160.709189497717 1569.6297881446608 calareo9a
1000 3314.2836757990867 1645.6409158998501 calareo9a
1000 3391.8022260273974 1746.355660175476 calareo9a
1000 3567.315924657534 1719.7517654611597 calareo9a
1000 3663.8484589041095 1871.7740209715387 calareo9a
1000 3818.8855593607304 2073.2035095227907 calareo9a
1000 3953.4460616438355 2198.621870318853 calareo9a
1000 4089.469178082192 2375.3477423496684 calareo9a
1000 4186.001712328767 2476.0624866252942 calareo9a
1000 4380.529394977169 2449.4585919109777 calareo9a
1000 4670.126997716895 2476.0624866252942 calareo9a
1000 4787.136130136986 2525.4697196661673 calareo9a
1000 5019.691780821918 2525.4697196661673 calareo9a
1000 5309.289383561644 2601.480847421357 calareo9a
1000 5483.34046803653 2650.88808046223 calareo9a
1000 5581.335616438356 2852.3175690134817 calareo9a
1000 5832.905251141553 2903.6250802482346 calareo9a
1000 5987.942351598173 3004.3398245238604 calareo9a
1000 6122.5028538812785 3004.3398245238604 calareo9a
1000 6317.030536529681 2977.7359298095444 calareo9a
1000 6665.132705479452 3129.758185319923 calareo9a
1000 6839.183789954338 3203.8690348812324 calareo9a
1000 7090.753424657534 3380.594906912048 calareo9a
1000 7323.309075342466 3506.0132677081106 calareo9a
1000 7633.383276255708 3606.7280119837365 calareo9a
1000 7807.434360730594 3707.4427562593623 calareo9a
1000 7981.48544520548 3834.7613952493043 calareo9a
1000 8388.092180365296 3984.8833725658037 calareo9a
1000 8524.115296803653 3884.1686282901774 calareo9a
1000 8718.642979452055 3884.1686282901774 calareo9a
1000 8718.642979452055 4034.2906056066768 calareo9a
1000 8815.17551369863 3933.575861331051 calareo9a
1000 9066.745148401827 3884.1686282901774 calareo9a
1000 9259.810216894977 3884.1686282901774 calareo9a
1000 9414.847317351598 3960.179756045367 calareo9a
1000 9550.870433789954 3960.179756045367 calareo9a
1000 9628.388984018266 4009.58698908624 calareo9a
1000 9743.935502283106 4009.58698908624 calareo9a
1000 5734.910102739726 4513.16071046437 calcareo1a
1000 5793.414668949772 4562.5679435052425 calcareo1a
1000 5948.4517694063925 4562.5679435052425 calcareo1a
1000 6084.474885844749 4488.457093943934 calcareo1a
1000 6161.9934360730595 4437.14958270918 calcareo1a
1000 7691.887842465753 5218.163920393751 calcareo1b
1000 7846.924942922375 5267.571153434625 calcareo1b
1000 8020.976027397261 5292.274769955061 calcareo1b
1000 8253.531678082192 5493.704258506313 calcareo1b
1000 8388.092180365296 5545.011769741066 calcareo1b
1000 8505.101312785388 5594.419002781939 calcareo1b
1000 11564.890125570777 6879.007061844639 calcareo1c
1000 11583.90410958904 7129.843783436764 calcareo1c
1000 11738.941210045663 7279.965760753264 calcareo1c
1000 11952.482876712329 7306.56965546758 calcareo1c
1000 12126.533961187215 7407.2843997432055 calcareo1c
1000 12242.080479452055 7456.691632784079 calcareo1c
1000 12416.131563926941 7532.702760539268 calcareo1c
1000 12610.659246575342 7532.702760539268 calcareo1c
1000 12784.710331050228 7557.406377059705 calcareo1c
1000 12939.74743150685 7582.109993580141 calcareo1c
1000 13113.798515981736 7608.713888294457 calcareo1c
1000 13249.821632420091 7557.406377059705 calcareo1c
1000 13287.84960045662 7481.395249304515 calcareo1c
1000 42.41581050228311 2626.184463941793 calcareo2
1000 332.01341324200916 2726.899208217419 calcareo2
1000 487.05051369863014 2751.602824737856 calcareo2
1000 623.0736301369864 2751.602824737856 calcareo2
1000 778.1107305936073 2903.6250802482346 calcareo2
1000 855.6292808219179 2953.0323132891076 calcareo2
1000 1088.1849315068494 3029.043441044297 calcareo2
1000 1145.226883561644 2977.7359298095444 calcareo2
1000 1262.2360159817351 3105.0545687994863 calcareo2
1000 1339.7545662100456 3279.880162636422 calcareo2
1000 1706.8707191780823 3431.9024181468008 calcareo2
1000 1842.8938356164383 3506.0132677081106 calcareo2
1000 2016.9449200913243 3682.7391397389256 calcareo2
1000 2288.9911529680367 3582.0243954632997 calcareo2
1000 2540.560787671233 3582.0243954632997 calcareo2
1000 2675.121289954338 3532.6171624224266 calcareo2
1000 2985.19549086758 3532.6171624224266 calcareo2
1000 3217.7511415525114 3532.6171624224266 calcareo2
1000 3412.2788242009133 3456.606034667237 calcareo2
1000 3663.8484589041095 3431.9024181468008 calcareo2
1000 3915.418093607306 3431.9024181468008 calcareo2
1000 4051.441210045662 3506.0132677081106 calcareo2
1000 4303.010844748858 3606.7280119837365 calcareo2
1000 4515.0898972602745 3808.1575005349882 calcareo2
1000 4670.126997716895 3884.1686282901774 calcareo2
1000 4883.668664383562 4034.2906056066768 calcareo2
1000 5097.210331050228 4135.005349882303 calcareo2
1000 5445.3125 4336.434838433554 calcareo2
1000 5581.335616438356 4336.434838433554 calcareo2
1000 5715.896118721461 4463.753477423496 calcareo2
1000 5987.942351598173 4336.434838433554 calcareo2
1000 6413.563070776256 4387.742349668307 calcareo2
1000 6684.146689497717 4488.457093943934 calcareo2
1000 6858.197773972603 4613.875454739996 calcareo2
1000 61.429794520547944 1771.0592766959126 calcareo3
1000 332.01341324200916 1871.7740209715387 calcareo3
1000 585.0456621004566 1972.4887652471646 calcareo3
1000 778.1107305936073 1871.7740209715387 calcareo3
1000 1048.6943493150686 1896.4776374919752 calcareo3
1000 1281.25 2223.3254868392896 calcareo3
1000 1532.8196347031965 2525.4697196661673 calcareo3
1000 1784.3892694063927 2776.306441258292 calcareo3
1000 2114.9400684931506 2827.613952493045 calcareo3
1000 2423.5516552511417 2928.328696768671 calcareo3
1000 2637.093321917808 2928.328696768671 calcareo3
1000 2811.1444063926942 3129.758185319923 calcareo3
1000 2907.6769406392696 3230.472929595549 calcareo3
1000 3160.709189497717 3004.3398245238604 calcareo3
1000 3314.2836757990867 3105.0545687994863 calcareo3
1000 3527.8253424657537 3029.043441044297 calcareo3
1000 3682.8624429223746 3029.043441044297 calcareo3
1000 3760.380993150685 3129.758185319923 calcareo3
1000 3798.4089611872146 3304.5837791568583 calcareo3
1000 3915.418093607306 3304.5837791568583 calcareo3
1000 4011.9506278538815 3105.0545687994863 calcareo3
1000 4263.520262557077 3105.0545687994863 calcareo3
1000 4458.04794520548 3230.472929595549 calcareo3
1000 4787.136130136986 3255.1765461159853 calcareo3
1000 5076.733732876713 3355.891290391611 calcareo3
1000 5367.79394977169 3456.606034667237 calcareo3
1000 5522.83105022831 3557.3207789428634 calcareo3
1000 5755.386700913242 3707.4427562593623 calcareo3
1000 6044.984303652968 3933.575861331051 calcareo3
1000 6219.035388127854 4060.894500320993 calcareo3
1000 6355.05850456621 4110.301733361866 calcareo3
1000 6529.109589041096 4211.016477637492 calcareo3
1000 6665.132705479452 4488.457093943934 calcareo3
1000 6858.197773972603 4613.875454739996 calcareo3
1000 6956.192922374429 4714.590199015622 calcareo3
1000 7130.244006849315 4840.008559811684 calcareo3
1000 7440.318207762557 5016.734431842499 calcareo3
1000 7536.850742009133 5092.745559597689 calcareo3
1000 7633.383276255708 5166.856409158999 calcareo3
1000 7807.434360730594 5117.449176118125 calcareo3
1000 8039.990011415525 5092.745559597689 calcareo3
1000 8234.517694063927 5191.560025679435 calcareo3
1000 8388.092180365296 5419.593408945003 calcareo3
1000 8505.101312785388 5419.593408945003 calcareo3
1000 1243.2220319634703 965.3413224909052 calcareo4a
1000 1455.3010844748858 1292.1891718382196 calcareo4a
1000 1668.8427511415525 1569.6297881446608 calcareo4a
1000 1861.9078196347032 1746.355660175476 calcareo4a
1000 2133.9540525114157 1746.355660175476 calcareo4a
1000 2230.486586757991 1871.7740209715387 calcareo4a
1000 2288.9911529680367 2073.2035095227907 calcareo4a
1000 2482.0562214611873 1871.7740209715387 calcareo4a
1000 2578.5887557077626 2021.8959982880376 calcareo4a
1000 2811.1444063926942 2173.9182537984166 calcareo4a
1000 3062.7140410958905 2173.9182537984166 calcareo4a
1000 3276.255707762557 2173.9182537984166 calcareo4a
1000 3353.7742579908677 2122.6107425636637 calcareo4a
1000 3527.8253424657537 2097.907126043227 calcareo4a
1000 3586.3299086757993 2375.3477423496684 calcareo4a
1000 3798.4089611872146 2650.88808046223 calcareo4a
1000 4030.964611872146 2776.306441258292 calcareo4a
1000 4322.024828767123 2827.613952493045 calcareo4a
1000 4632.099029680366 2903.6250802482346 calcareo4a
1000 4728.6315639269405 3053.7470575647335 calcareo4a
1000 4942.1732305936075 2977.7359298095444 calcareo4a
1000 5038.705764840182 3053.7470575647335 calcareo4a
1000 5212.756849315068 3129.758185319923 calcareo4a
1000 8039.990011415525 4663.282687780868 calcareo5
1000 8234.517694063927 4864.712176332121 calcareo5
1000 8369.078196347033 5066.141664883373 calcareo5
1000 8446.596746575342 5191.560025679435 calcareo5
1000 8543.129280821919 5343.582281189813 calcareo5
1000 8641.124429223744 5392.989514230687 calcareo5
1000 8756.670947488585 5444.29702546544 calcareo5
1000 8911.708047945205 5493.704258506313 calcareo5
1000 9066.745148401827 5545.011769741066 calcareo5
1000 9182.291666666666 5695.1337470575645 calcareo5
1000 9395.833333333334 5795.84849133319 calcareo5
1000 9569.88441780822 5820.552107853628 calcareo5
1000 9647.40296803653 6073.289107639632 calcareo5
1000 9879.95861872146 6097.992724160068 calcareo5
1000 6858.197773972603 3532.6171624224266 calcareo6
1000 7111.2300228310505 3606.7280119837365 calcareo6
1000 7149.25799086758 3734.0466509736784 calcareo6
1000 7264.80450913242 3908.872244810614 calcareo6
1000 7419.841609589042 4085.5981168414296 calcareo6
1000 7595.355308219178 4161.609244596619 calcareo6
1000 7748.929794520548 4262.323988872245 calcareo6
1000 7943.4574771689495 4537.864326984806 calcareo6
1000 8079.480593607306 4537.864326984806 calcareo6
1000 8176.013127853881 4638.579071260432 calcareo6
1000 8331.050228310502 4790.601326770811 calcareo6
1000 8408.568778538813 4864.712176332121 calcareo6
1000 8524.115296803653 4965.426920607747 calcareo6
1000 8756.670947488585 4965.426920607747 calcareo6
1000 8815.17551369863 5066.141664883373 calcareo6
1000 8930.72203196347 5242.867536914187 calcareo6
1000 9066.745148401827 5368.2858977102505 calcareo6
1000 9278.824200913243 5520.308153220629 calcareo6
1000 9454.33789954338 5670.430130537128 calcareo6
1000 9609.375 5746.441258292318 calcareo6
1000 9743.935502283106 5795.84849133319 calcareo6
1000 9860.944634703197 5972.574363364006 calcareo6
1000 9938.463184931506 6073.289107639632 calcareo6
1000 10150.542237442922 6174.003851915258 calcareo6
1000 10286.565353881278 6223.411084956131 calcareo6
1000 10500.107020547945 6350.729723946073 calcareo6
1000 10712.186073059362 6476.148084742135 calcareo6
1000 10963.755707762557 6525.555317783009 calcareo6
1000 11177.297374429223 6726.984806334261 calcareo6
1000 11370.362442922375 6852.403167130323 calcareo6
1000 11525.399543378995 6827.6995506098865 calcareo6
1000 11680.436643835617 6852.403167130323 calcareo6
1000 11757.955194063927 6879.007061844639 calcareo6
1000 11797.445776255709 6953.117911405949 calcareo6
1000 11952.482876712329 6953.117911405949 calcareo6
1000 12009.524828767124 6928.414294885512 calcareo6
1000 4902.682648401827 2500.7661031457305 calcareo6a
1000 5076.733732876713 2550.173336186604 calcareo6a
1000 5250.784817351599 2751.602824737856 calcareo6a
1000 5405.821917808219 2751.602824737856 calcareo6a
1000 5503.817066210046 2852.3175690134817 calcareo6a
1000 5581.335616438356 2852.3175690134817 calcareo6a
1000 6935.716324200914 3582.0243954632997 calcareo6b
1000 7111.2300228310505 3783.4538840145515 calcareo6b
1000 7226.776541095891 3984.8833725658037 calcareo6b
1000 7400.827625570776 4110.301733361866 calcareo6b
1000 7633.383276255708 4211.016477637492 calcareo6b
1000 7788.420376712329 4336.434838433554 calcareo6b
1000 7924.443493150685 4463.753477423496 calcareo6b
1000 8020.976027397261 4589.1718382195595 calcareo6b
1000 8176.013127853881 4613.875454739996 calcareo6b
1000 8331.050228310502 4663.282687780868 calcareo6b
1000 8331.050228310502 4790.601326770811 calcareo6b
1000 8350.064212328767 4891.316071046437 calcareo6b
1000 8641.124429223744 4940.72330408731 calcareo6b
1000 8756.670947488585 5117.449176118125 calcareo6b
1000 9047.731164383562 5343.582281189813 calcareo6b
1000 9278.824200913243 5569.715386261502 calcareo6b
1000 9588.898401826484 5695.1337470575645 calcareo6b
1000 9724.92151826484 5820.552107853628 calcareo6b
1000 9898.972602739726 5997.277979884442 calcareo6b
1000 9957.477168949772 6122.696340680505 calcareo6b
1000 10267.551369863015 6223.411084956131 calcareo6b
1000 10441.602454337899 6400.136956986947 calcareo6b
1000 10770.690639269407 6451.444468221699 calcareo6b
1000 11041.274257990868 6626.270062058635 calcareo6b
1000 11292.843892694063 6751.688422854697 calcareo6b
1000 11506.385559360731 6852.403167130323 calcareo6b
1000 11738.941210045663 6852.403167130323 calcareo6b
1000 11835.473744292238 6953.117911405949 calcareo6b
1000 12030.00142694064 7004.425422640702 calcareo6b
1000 12107.51997716895 7004.425422640702 calcareo6b
1000 6122.5028538812785 3029.043441044297 calcareo7a
1000 6317.030536529681 3053.7470575647335 calcareo7a
1000 6529.109589041096 3179.165418360796 calcareo7a
1000 6646.118721461187 3179.165418360796 calcareo7a
1000 6723.6372716894975 3203.8690348812324 calcareo7a
1000 6780.679223744292 3304.5837791568583 calcareo7a
1000 6916.702340182648 3481.309651187674 calcareo7a
1000 7013.234874429224 3532.6171624224266 calcareo7a
1000 7149.25799086758 3532.6171624224266 calcareo7a
1000 7342.32305936073 3658.0355232184893 calcareo7a
1000 7478.346175799087 3834.7613952493043 calcareo7a
1000 7672.873858447489 3834.7613952493043 calcareo7a
1000 7769.406392694064 3960.179756045367 calcareo7a
1000 8059.00399543379 4034.2906056066768 calcareo7a
1000 8214.04109589041 4161.609244596619 calcareo7a
1000 8331.050228310502 4235.7200941579285 calcareo7a
1000 8582.619863013699 4387.742349668307 calcareo7a
1000 8718.642979452055 4537.864326984806 calcareo7a
1000 8834.189497716896 4562.5679435052425 calcareo7a
1000 8930.72203196347 4739.293815536058 calcareo7a
1000 9144.263698630137 5041.438048362936 calcareo7a
1000 9376.819349315068 5016.734431842499 calcareo7a
1000 9550.870433789954 4992.030815322063 calcareo7a
1000 9743.935502283106 5016.734431842499 calcareo7a
1000 9840.46803652968 5092.745559597689 calcareo7a
1000 9995.505136986301 5191.560025679435 calcareo7a
1000 10867.223173515982 5721.737641771881 calcareo7b
1000 11022.260273972603 5972.574363364006 calcareo7b
1000 11254.815924657534 6048.5854911191955 calcareo7b
1000 11332.334474885845 6073.289107639632 calcareo7b
1000 11525.399543378995 6097.992724160068 calcareo7b
1000 11583.90410958904 6174.003851915258 calcareo7b
1000 11661.422659817352 5947.87074684357 calcareo7b
1000 11719.927226027397 5795.84849133319 calcareo7b
1000 11778.431792237443 5695.1337470575645 calcareo7b
1000 11235.80194063927 4336.434838433554 calcareo9
1000 11332.334474885845 4363.0387331478705 calcareo9
1000 11351.348458904109 4387.742349668307 calcareo9
1000 11487.371575342466 4488.457093943934 calcareo9
1000 11487.371575342466 4211.016477637492 calcareo9
1000 11487.371575342466 4060.894500320993 calcareo9
1000 11700.913242009132 4060.894500320993 calcareo9
1000 11893.978310502283 4060.894500320993 calcareo9
1000 12087.043378995433 4009.58698908624 calcareo9
1000 12319.599029680365 3984.8833725658037 calcareo9
1000 12552.154680365296 3960.179756045367 calcareo9
1000 12688.177796803653 3908.872244810614 calcareo9
1000 12765.696347031964 3933.575861331051 calcareo9
1000 12784.710331050228 4085.5981168414296 calcareo9
1000 12843.214897260274 4262.323988872245 calcareo9
1000 12920.733447488585 4262.323988872245 calcareo9
1000 13055.293949771689 4085.5981168414296 calcareo9
1000 13113.798515981736 3859.465011769741 calcareo9
1000 13249.821632420091 3834.7613952493043 calcareo9
1000 13346.354166666666 3960.179756045367 calcareo9
1000 13461.900684931506 3960.179756045367 calcareo9
1000 13597.923801369863 3884.1686282901774 calcareo9
1000 13792.451484018266 3884.1686282901774 calcareo9
1000 14082.049086757992 3884.1686282901774 calcareo9
1000 14218.072203196347 4034.2906056066768 calcareo9
1000 14333.618721461187 4211.016477637492 calcareo9
1000 14469.641837899544 4412.445966188744 calcareo9
1000 14566.174372146119 4562.5679435052425 calcareo9
1000 14643.69292237443 4562.5679435052425 calcareo9
1000 14721.21147260274 4437.14958270918 calcareo9
1000 14857.234589041096 4437.14958270918 calcareo9
1000 14953.767123287671 4363.0387331478705 calcareo9
1000 15127.818207762557 4262.323988872245 calcareo9
1000 15167.308789954339 4161.609244596619 calcareo9
1000 15263.841324200914 4110.301733361866 calcareo9
1000 15398.401826484018 4110.301733361866 calcareo9
1000 15534.424942922375 4135.005349882303 calcareo9
1000 15766.980593607306 4135.005349882303 calcareo9
1000 5057.719748858448 2299.3366145944788 calcareo10
1000 5231.770833333333 2348.743847635352 calcareo10
1000 5560.85901826484 2449.4585919109777 calcareo10
1000 5870.933219178082 2449.4585919109777 calcareo10
1000 5987.942351598173 2476.0624866252942 calcareo10
1000 6142.979452054795 2550.173336186604 calcareo10
1000 6374.072488584475 2601.480847421357 calcareo10
1000 6529.109589041096 2726.899208217419 calcareo10
1000 6587.614155251142 2802.9103359726087 calcareo10
1000 6665.132705479452 2977.7359298095444 calcareo10
1000 6916.702340182648 2977.7359298095444 calcareo10
1000 7111.2300228310505 3129.758185319923 calcareo10
1000 7342.32305936073 3154.4618018403594 calcareo10
1000 7536.850742009133 3179.165418360796 calcareo10
1000 7691.887842465753 3203.8690348812324 calcareo10
1000 7729.915810502283 3279.880162636422 calcareo10
1000 8020.976027397261 3255.1765461159853 calcareo10
1000 8176.013127853881 3380.594906912048 calcareo10
1000 8408.568778538813 3557.3207789428634 calcareo10
1000 8620.647831050228 3658.0355232184893 calcareo10
1000 8853.20348173516 3682.7391397389256 calcareo10
1000 9202.768264840182 3682.7391397389256 calcareo10
1000 9454.33789954338 3658.0355232184893 calcareo10
1000 9569.88441780822 3582.0243954632997 calcareo10
1000 9743.935502283106 3606.7280119837365 calcareo10
1000 9840.46803652968 3481.309651187674 calcareo10
1000 9898.972602739726 3405.298523432484 calcareo10
1000 10034.995719178083 3557.3207789428634 calcareo10
1000 10267.551369863015 3582.0243954632997 calcareo10
1000 10383.097888127853 3633.3319066980525 calcareo10
1000 10557.14897260274 3682.7391397389256 calcareo10
1000 10693.172089041096 3734.0466509736784 calcareo10
1000 10886.237157534248 3606.7280119837365 calcareo10
1000 11041.274257990868 3582.0243954632997 calcareo10
1000 11254.815924657534 3633.3319066980525 calcareo10
1000 11351.348458904109 3633.3319066980525 calcareo10
1000 11564.890125570777 3532.6171624224266 calcareo10
1000 11816.459760273972 3431.9024181468008 calcareo10
1000 11971.496860730595 3506.0132677081106 calcareo10
1000 12126.533961187215 3331.187673871175 calcareo10
1000 12338.61301369863 3380.594906912048 calcareo10
1000 12571.168664383562 3355.891290391611 calcareo10
1000 12707.191780821919 3355.891290391611 calcareo10
1000 12822.738299086759 3279.880162636422 calcareo10
1000 12939.74743150685 3129.758185319923 calcareo10
1000 12998.251997716896 3029.043441044297 calcareo10
1000 12998.251997716896 2928.328696768671 calcareo10
1000 5367.79394977169 2248.029103359726 calcareo11
1000 5638.377568493151 2274.6329980740425 calcareo11
1000 5793.414668949772 2299.3366145944788 calcareo11
1000 6044.984303652968 2324.0402311149155 calcareo11
1000 6142.979452054795 2400.0513588701047 calcareo11
1000 6296.5539383561645 2400.0513588701047 calcareo11
1000 6432.57705479452 2449.4585919109777 calcareo11
1000 6606.628139269406 2626.184463941793 calcareo11
1000 6742.651255707763 2702.195591696983 calcareo11
1000 6916.702340182648 2751.602824737856 calcareo11
1000 7090.753424657534 2802.9103359726087 calcareo11
1000 7245.790525114156 2903.6250802482346 calcareo11
1000 7440.318207762557 2928.328696768671 calcareo11
1000 7614.369292237443 2977.7359298095444 calcareo11
1000 7769.406392694064 3004.3398245238604 calcareo11
1000 8059.00399543379 3053.7470575647335 calcareo11
1000 8291.559646118722 3078.4506740851702 calcareo11
1000 8505.101312785388 3255.1765461159853 calcareo11
1000 8815.17551369863 3331.187673871175 calcareo11
1000 9085.759132420091 3304.5837791568583 calcareo11
1000 9299.300799086757 3304.5837791568583 calcareo11
1000 9569.88441780822 3279.880162636422 calcareo11
1000 9879.95861872146 3355.891290391611 calcareo11
1000 10209.046803652967 3380.594906912048 calcareo11
1000 10557.14897260274 3405.298523432484 calcareo11
1000 10770.690639269407 3355.891290391611 calcareo11
1000 11041.274257990868 3255.1765461159853 calcareo11
1000 11313.32049086758 3129.758185319923 calcareo11
1000 11680.436643835617 2977.7359298095444 calcareo11
1000 11816.459760273972 3078.4506740851702 calcareo11
1000 12300.585045662101 3029.043441044297 calcareo11
1000 12455.622146118722 3105.0545687994863 calcareo11
1000 12610.659246575342 3154.4618018403594 calcareo11
1000 12862.22888127854 3053.7470575647335 calcareo11
1000 13017.26598173516 2953.0323132891076 calcareo11
1000 13172.303082191782 2877.021185533918 calcareo11
1000 13306.863584474886 2953.0323132891076 calcareo11
1000 13404.858732876713 3078.4506740851702 calcareo11
1000 14507.669805936073 3203.8690348812324 calcareo11
1000 14662.706906392694 3129.758185319923 calcareo11
1000 14798.73002283105 3053.7470575647335 calcareo11
1000 15031.285673515982 3179.165418360796 calcareo11
1000 15108.804223744293 3279.880162636422 calcareo11
1000 15244.827340182648 3481.309651187674 calcareo11
1000 15379.387842465754 3734.0466509736784 calcareo11
1000 15496.396974885845 3834.7613952493043 calcareo11
1000 15592.92950913242 3933.575861331051 calcareo11
1000 15689.462043378995 4060.894500320993 calcareo11
1000 15863.513127853881 4110.301733361866 calcareo11
1000 16173.587328767124 4009.58698908624 calcareo11
1000 16387.12899543379 3960.179756045367 calcareo11
1000 16542.16609589041 3908.872244810614 calcareo11
1000 16716.217180365296 3859.465011769741 calcareo11
1000 17005.814783105023 3834.7613952493043 calcareo11
1000 17238.370433789954 3884.1686282901774 calcareo11
1000 17451.912100456622 4110.301733361866 calcareo11
1000 17587.935216894977 4211.016477637492 calcareo11
1000 17684.467751141554 4387.742349668307 calcareo11
1000 17994.541952054795 4363.0387331478705 calcareo11
1000 18149.579052511417 4562.5679435052425 calcareo11
1000 18323.630136986303 4638.579071260432 calcareo11
1000 18594.213755707762 4638.579071260432 calcareo11
1000 18826.769406392694 4613.875454739996 calcareo11
1000 19117.82962328767 4589.1718382195595 calcareo11
1000 19369.399257990866 4663.282687780868 calcareo11
1000 19736.515410958906 4412.445966188744 calcareo11
1000 20105.094178082192 4161.609244596619 calcareo11
1000 20241.117294520547 4060.894500320993 calcareo11
1000 20396.15439497717 3908.872244810614 calcareo11
1000 5386.807933789954 2324.0402311149155 calcareo11a
1000 5715.896118721461 2424.7549753905414 calcareo11a
1000 6044.984303652968 2500.7661031457305 calcareo11a
1000 6200.021404109589 2550.173336186604 calcareo11a
1000 6413.563070776256 2449.4585919109777 calcareo11a
1000 6742.651255707763 2601.480847421357 calcareo11a
1000 6742.651255707763 2601.480847421357 calcareo11a
1000 6916.702340182648 2675.5916969826662 calcareo11a
1000 7052.725456621005 2726.899208217419 calcareo11a
1000 7207.762557077625 2802.9103359726087 calcareo11a
1000 7245.790525114156 2827.613952493045 calcareo11a
1000 7362.799657534247 2877.021185533918 calcareo11a
1000 7574.878710045662 2928.328696768671 calcareo11a
1000 7788.420376712329 3029.043441044297 calcareo11a
1000 7943.4574771689495 3029.043441044297 calcareo11a
1000 8156.999143835616 3029.043441044297 calcareo11a
1000 8331.050228310502 3078.4506740851702 calcareo11a
1000 8563.605878995433 3230.472929595549 calcareo11a
1000 8815.17551369863 3279.880162636422 calcareo11a
1000 9144.263698630137 3255.1765461159853 calcareo11a
1000 9492.365867579909 3230.472929595549 calcareo11a
1000 9762.94948630137 3304.5837791568583 calcareo11a
1000 10034.995719178083 3279.880162636422 calcareo11a
1000 10209.046803652967 3355.891290391611 calcareo11a
1000 10364.08390410959 3355.891290391611 calcareo11a
1000 10634.66752283105 3431.9024181468008 calcareo11a
1000 10906.713755707762 3279.880162636422 calcareo11a
1000 11080.764840182648 3179.165418360796 calcareo11a
1000 11254.815924657534 3129.758185319923 calcareo11a
1000 11525.399543378995 3105.0545687994863 calcareo11a
1000 11778.431792237443 3029.043441044297 calcareo11a
1000 11874.964326484018 3154.4618018403594 calcareo11a
1000 12068.02939497717 3154.4618018403594 calcareo11a
1000 12262.557077625572 3053.7470575647335 calcareo11a
1000 12436.608162100456 3053.7470575647335 calcareo11a
1000 12669.163812785388 3105.0545687994863 calcareo11a
1000 12726.205764840182 3129.758185319923 calcareo11a
1000 12862.22888127854 3004.3398245238604 calcareo11a
1000 12998.251997716896 2928.328696768671 calcareo11a
1000 13132.8125 2877.021185533918 calcareo11a
1000 13268.835616438357 2928.328696768671 calcareo11a
1000 13365.368150684932 3029.043441044297 calcareo11a
1000 26.32705479452055 712.6043227049005 calcareo13
1000 321.7751141552512 729.7068264498181 calcareo13
1000 744.470605022831 839.9229616948427 calcareo13
1000 969.7131849315068 876.0282473785577 calcareo13
1000 1250.535102739726 1005.2471645623796 calcareo13
1000 1616.1886415525114 1242.7819387973464 calcareo13
1000 1856.0573630136987 1480.3167130323134 calcareo13
1000 2319.7060502283107 1461.313931093516 calcareo13
1000 2644.406392694064 1442.3111491547186 calcareo13
1000 2910.6021689497716 1552.5272843997432 calcareo13
1000 3165.0970319634703 1497.419216777231 calcareo13
1000 3445.9189497716898 1461.313931093516 calcareo13
1000 3783.782819634703 1552.5272843997432 calcareo13
1000 4121.646689497717 1626.6381339610527 calcareo13
1000 4572.131849315068 1900.2781938797345 calcareo13
1000 4754.958618721461 1972.4887652471646 calcareo13
1000 5205.443778538813 2082.704900492189 calcareo13
1000 5626.676655251142 2118.810186175904 calcareo13
1000 6006.956335616438 1991.491547185962 calcareo13
1000 6470.6050228310505 1845.1701262572224 calcareo13
1000 6837.721175799087 1955.386261502247 calcareo13
1000 7286.743721461187 2101.7076824309866 calcareo13
1000 7737.228881278539 2303.1371709822383 calcareo13
1000 8089.718892694064 2466.5610956558953 calcareo13
1000 8553.367579908676 2576.77723090092 calcareo13
1000 8806.399828767124 2612.882516584635 calcareo13
1000 9131.100171232876 2576.77723090092 calcareo13
1000 9609.375 2648.98780226835 calcareo13
1000 10045.23401826484 2648.98780226835 calcareo13
1000 10270.476598173516 2704.0958698908626 calcareo13
1000 10636.130136986301 2833.3147870746843 calcareo13
1000 10846.746575342466 2924.5281403809117 calcareo13
1000 11156.820776255709 2941.6306441258293 calcareo13
1000 11466.89497716895 2960.6334260646267 calcareo13
1000 11692.137557077625 2924.5281403809117 calcareo13
1000 11987.585616438357 2742.101433768457 calcareo13
1000 12253.781392694063 2723.0986518296595 calcareo13
1000 12691.103025114155 2667.9905842071475 calcareo13
1000 13042.13042237443 2648.98780226835 calcareo13
1000 13464.82591324201 2631.8852985234325 calcareo13
1000 13717.858162100458 2648.98780226835 calcareo13
1000 13928.47460045662 2704.0958698908626 calcareo13
1000 14153.717180365296 2778.206719452172 calcareo13
1000 14253.174942922375 2795.3092231970895 calcareo13
1000 14491.581050228311 2704.0958698908626 calcareo13
1000 14716.823630136987 2631.8852985234325 calcareo13
1000 14969.855878995433 2612.882516584635 calcareo13
1000 15110.266837899544 2612.882516584635 calcareo13
1000 15405.714897260274 2869.4200727583993 calcareo13
1000 15588.541666666666 3125.9576289321635 calcareo13
1000 15813.784246575342 3272.279049860903 calcareo13
1000 16025.863299086759 3399.5976888508453 calcareo13
1000 16292.059075342466 3418.6004707896427 calcareo13
1000 16517.301655251144 3325.4868392895355 calcareo13
1000 16729.380707762557 3253.2762679221055 calcareo13
1000 17108.197773972603 3198.1682002995935 calcareo13
1000 17333.44035388128 3253.2762679221055 calcareo13
1000 17460.687785388127 3344.489621228333 calcareo13
1000 17601.098744292238 3380.594906912048 calcareo13
1000 17826.341324200912 3253.2762679221055 calcareo13
1000 18136.415525114156 3143.060132677081 calcareo13
1000 18389.447773972603 3125.9576289321635 calcareo13
1000 18670.26969178082 3162.0629146158785 calcareo13
1000 18839.932933789954 3253.2762679221055 calcareo13
1000 19135.380993150684 3272.279049860903 calcareo13
1000 19373.787100456622 3198.1682002995935 calcareo13
1000 19683.861301369863 3070.849561309651 calcareo13
1000 19894.47773972603 2850.417290819602 calcareo13
1000 20064.14098173516 2704.0958698908626 calcareo13
1000 20204.55194063927 2576.77723090092 calcareo13
1000 20372.75256849315 2320.239674727156 calcareo13
1000 20472.210331050228 2248.029103359726 calcareo13
1000 11564.890125570777 6274.7185961908835 conglomerado1
1000 11719.927226027397 6500.8517012625725 conglomerado1
1000 11874.964326484018 6626.270062058635 conglomerado1
1000 11971.496860730595 6879.007061844639 conglomerado1
1000 12030.00142694064 7029.129039161138 conglomerado1
1000 12262.557077625572 7080.436550395892 conglomerado1
1000 12514.126712328767 7129.843783436764 conglomerado1
1000 12669.163812785388 7129.843783436764 conglomerado1
1000 12881.242865296805 7179.251016477638 conglomerado1
1000 12939.74743150685 7230.55852771239 conglomerado1
1000 13055.293949771689 7279.965760753264 conglomerado1
1000 13172.303082191782 7380.6805050288895 conglomerado1
1000 13249.821632420091 7380.6805050288895 conglomerado1
1000 13327.340182648402 7407.2843997432055 conglomerado1
1000 13461.900684931506 7255.262144232826 conglomerado1
1000 13501.391267123288 7053.832655681575 conglomerado1
1000 13694.456335616438 6702.281189813824 conglomerado1
1000 13792.451484018266 6500.8517012625725 conglomerado1
1000 13907.998002283106 6324.125829231757 conglomerado1
1000 11564.890125570777 6097.992724160068 conglomerado2
1000 11602.918093607306 6198.707468435694 conglomerado2
1000 11854.487728310503 6223.411084956131 conglomerado2
1000 11990.510844748858 6250.014979670447 conglomerado2
1000 12223.06649543379 6299.42221271132 conglomerado2
1000 12319.599029680365 6350.729723946073 conglomerado2
1000 12416.131563926941 6451.444468221699 conglomerado2
1000 12552.154680365296 6476.148084742135 conglomerado2
1000 12726.205764840182 6476.148084742135 conglomerado2
1000 13075.770547945205 6500.8517012625725 conglomerado2
1000 13327.340182648402 6476.148084742135 conglomerado2
1000 13520.405251141552 6500.8517012625725 conglomerado2
1000 13714.932933789954 6500.8517012625725 conglomerado2
1000 13849.49343607306 6476.148084742135 conglomerado2
1000 13849.49343607306 6451.444468221699 conglomerado2
1000 13868.507420091324 6324.125829231757 conglomerado2
1000 13907.998002283106 6250.014979670447 conglomerado2
1000 13985.516552511415 6174.003851915258 conglomerado2
1000 12552.154680365296 6097.992724160068 conglomerado3
1000 12746.682363013699 6149.300235394821 conglomerado3
1000 12900.256849315068 6097.992724160068 conglomerado3
1000 13075.770547945205 6122.696340680505 conglomerado3
1000 13268.835616438357 6250.014979670447 conglomerado3
1000 13539.419235159818 6149.300235394821 conglomerado3
1000 13752.960901826484 6097.992724160068 conglomerado3
1000 13868.507420091324 6097.992724160068 conglomerado3
1000 13946.025970319635 6097.992724160068 conglomerado3
1000 14063.035102739726 6149.300235394821 conglomerado3
1000 14101.063070776256 5972.574363364006 conglomerado3
1000 14237.086187214612 5670.430130537128 conglomerado3
1000 14352.632705479453 5242.867536914187 conglomerado3
1000 14469.641837899544 4965.426920607747 conglomerado3
1000 14547.160388127853 4638.579071260432 conglomerado3
1000 12881.242865296805 4311.731221913118 conglomerado4
1000 13017.26598173516 4336.434838433554 conglomerado4
1000 13094.78453196347 4412.445966188744 conglomerado4
1000 13230.807648401827 4488.457093943934 conglomerado4
1000 13306.863584474886 4412.445966188744 conglomerado4
1000 13461.900684931506 4412.445966188744 conglomerado4
1000 13637.414383561643 4387.742349668307 conglomerado4
1000 13675.442351598174 4412.445966188744 conglomerado4
1000 13733.94691780822 4513.16071046437 conglomerado4
1000 13985.516552511415 4463.753477423496 conglomerado4
1000 14044.02111872146 4613.875454739996 conglomerado4
1000 14237.086187214612 4613.875454739996 conglomerado4
1000 14295.590753424658 4562.5679435052425 conglomerado4
1000 14373.10930365297 4589.1718382195595 conglomerado4
1000 14450.627853881278 4613.875454739996 conglomerado4
1000 14547.160388127853 4638.579071260432 conglomerado4
1000 9898.972602739726 4287.027605392681 folhelho1
1000 9938.463184931506 4714.590199015622 folhelho1
1000 9938.463184931506 5041.438048362936 folhelho1
1000 9976.491152968038 5166.856409158999 folhelho1
1000 10093.500285388129 5292.274769955061 folhelho1
1000 10305.579337899544 5368.2858977102505 folhelho1
1000 10422.588470319635 5469.000641985876 folhelho1
1000 10538.134988584476 5520.308153220629 folhelho1
1000 10655.144121004567 5545.011769741066 folhelho1
1000 10712.186073059362 5594.419002781939 folhelho1
1000 10808.718607305937 5695.1337470575645 folhelho1
1000 10867.223173515982 5871.85961908838 folhelho1
1000 10906.713755707762 5621.022897496255 folhelho1
1000 10751.676655251142 5318.878664669377 folhelho1
1000 10789.704623287671 5242.867536914187 folhelho1
1000 10751.676655251142 5041.438048362936 folhelho1
1000 80.4437785388128 3557.3207789428634 folhelho2
1000 293.98544520547944 3633.3319066980525 folhelho2
1000 390.5179794520548 3557.3207789428634 folhelho2
1000 545.5550799086758 3633.3319066980525 folhelho2
1000 816.138698630137 3859.465011769741 folhelho2
1000 1069.1709474885845 3960.179756045367 folhelho2
1000 1300.2639840182649 4034.2906056066768 folhelho2
1000 1572.3102168949772 4060.894500320993 folhelho2
1000 1727.3473173515981 4186.312861117055 folhelho2
1000 1939.4263698630136 4186.312861117055 folhelho2
1000 2171.9820205479455 4186.312861117055 folhelho2
1000 2404.5376712328766 3984.8833725658037 folhelho2
1000 2521.5468036529683 3834.7613952493043 folhelho2
1000 2714.611872146119 3783.4538840145515 folhelho2
1000 2985.19549086758 3834.7613952493043 folhelho2
1000 3257.2417237442924 3834.7613952493043 folhelho2
1000 3586.3299086757993 3707.4427562593623 folhelho2
1000 3760.380993150685 3633.3319066980525 folhelho2
1000 3837.8995433789955 3633.3319066980525 folhelho2
1000 3992.9366438356165 3734.0466509736784 folhelho2
1000 4186.001712328767 3808.1575005349882 folhelho2
1000 4399.543378995434 3908.872244810614 folhelho2
1000 4670.126997716895 3984.8833725658037 folhelho2
1000 4825.164098173516 4186.312861117055 folhelho2
1000 5019.691780821918 4287.027605392681 folhelho2
1000 5193.742865296804 4412.445966188744 folhelho2
1000 5290.2753995433795 4488.457093943934 folhelho2
1000 5522.83105022831 4638.579071260432 folhelho2
1000 5638.377568493151 4663.282687780868 folhelho2
1000 5832.905251141553 4663.282687780868 folhelho2
1000 5851.919235159818 4537.864326984806 folhelho2
1000 4864.654680365297 2525.4697196661673 folhelho3a
1000 4961.187214611872 2626.184463941793 folhelho3a
1000 5076.733732876713 2877.021185533918 folhelho3a
1000 5271.261415525114 3004.3398245238604 folhelho3a
1000 5328.303367579909 3179.165418360796 folhelho3a
1000 5464.326484018265 3179.165418360796 folhelho3a
1000 5560.85901826484 3203.8690348812324 folhelho3a
1000 5715.896118721461 3105.0545687994863 folhelho3a
1000 5851.919235159818 3279.880162636422 folhelho3a
1000 5929.437785388128 3304.5837791568583 folhelho3a
1000 6103.488869863014 3405.298523432484 folhelho3a
1000 6200.021404109589 3380.594906912048 folhelho3a
1000 6336.0445205479455 3331.187673871175 folhelho3a
1000 6491.081621004566 3606.7280119837365 folhelho3a
1000 6646.118721461187 3633.3319066980525 folhelho3a
1000 6801.155821917809 3633.3319066980525 folhelho3a
1000 6916.702340182648 3808.1575005349882 folhelho3a
1000 7013.234874429224 4060.894500320993 folhelho3a
1000 7168.271974885844 4186.312861117055 folhelho3a
1000 7285.2811073059365 4363.0387331478705 folhelho3a
1000 7362.799657534247 4412.445966188744 folhelho3a
1000 7536.850742009133 4463.753477423496 folhelho3a
1000 7672.873858447489 4537.864326984806 folhelho3a
1000 7846.924942922375 4663.282687780868 folhelho3a
1000 8020.976027397261 4790.601326770811 folhelho3a
1000 8117.5085616438355 4965.426920607747 folhelho3a
1000 8291.559646118722 5191.560025679435 folhelho3a
1000 8465.610730593608 5343.582281189813 folhelho3a
1000 8543.129280821919 5392.989514230687 folhelho3a
1000 8582.619863013699 5520.308153220629 folhelho3a
1000 8641.124429223744 5621.022897496255 folhelho3a
1000 8718.642979452055 5695.1337470575645 folhelho3a
1000 8872.217465753425 5771.144874812754 folhelho3a
1000 9008.240582191782 5771.144874812754 folhelho3a
1000 9259.810216894977 5947.87074684357 folhelho3a
1000 9492.365867579909 6048.5854911191955 folhelho3a
1000 9743.935502283106 6198.707468435694 folhelho3a
1000 9995.505136986301 6324.125829231757 folhelho3a
1000 10171.018835616438 6476.148084742135 folhelho3a
1000 10286.565353881278 6525.555317783009 folhelho3a
1000 10441.602454337899 6550.258934303445 folhelho3a
1000 10615.653538812785 6650.973678579071 folhelho3a
1000 10751.676655251142 6650.973678579071 folhelho3a
1000 10867.223173515982 6650.973678579071 folhelho3a
1000 10867.223173515982 6827.6995506098865 folhelho3a
1000 11003.246289954339 6827.6995506098865 folhelho3a
1000 11158.28339041096 6979.721806120266 folhelho3a
1000 11313.32049086758 7080.436550395892 folhelho3a
1000 11468.3575913242 7129.843783436764 folhelho3a
1000 11642.408675799086 7129.843783436764 folhelho3a
1000 9802.440068493152 4161.609244596619 folhelho4
1000 10034.995719178083 4161.609244596619 folhelho4
1000 10305.579337899544 4311.731221913118 folhelho4
1000 10441.602454337899 4311.731221913118 folhelho4
1000 10615.653538812785 4262.323988872245 folhelho4
1000 10732.662671232876 4311.731221913118 folhelho4
1000 11003.246289954339 4363.0387331478705 folhelho4
1000 11118.792808219177 4387.742349668307 folhelho4
1000 11235.80194063927 4363.0387331478705 folhelho4
1000 9762.94948630137 4085.5981168414296 folhelho4a
1000 9938.463184931506 4085.5981168414296 folhelho4a
1000 10054.009703196347 4186.312861117055 folhelho4a
1000 10171.018835616438 4186.312861117055 folhelho4a
1000 10422.588470319635 4211.016477637492 folhelho4a
1000 10557.14897260274 4235.7200941579285 folhelho4a
1000 10596.639554794521 4287.027605392681 folhelho4a
1000 10693.172089041096 4412.445966188744 folhelho4a
1000 10848.209189497717 4311.731221913118 folhelho4a
1000 10925.727739726028 4311.731221913118 folhelho4a
1000 11041.274257990868 4311.731221913118 folhelho4a
1000 11158.28339041096 4311.731221913118 folhelho4a
1000 11196.311358447489 4336.434838433554 folhelho4a
1000 13482.377283105023 3078.4506740851702 folhelho5
1000 13616.937785388129 3053.7470575647335 folhelho5
1000 13811.46546803653 3004.3398245238604 folhelho5
1000 13985.516552511415 3029.043441044297 folhelho5
1000 14101.063070776256 3255.1765461159853 folhelho5
1000 14218.072203196347 3355.891290391611 folhelho5
1000 14314.604737442922 3331.187673871175 folhelho5
1000 14392.123287671233 3179.165418360796 folhelho5
1000 14450.627853881278 3129.758185319923 folhelho5
1000 3973.922659817352 1619.0370211855338 folhelho5a
1000 4147.973744292238 1795.7628932163493 folhelho5a
1000 4341.0388127853885 1921.1812540124117 folhelho5a
1000 4592.608447488585 1945.8848705328483 folhelho5a
1000 4709.617579908676 1997.192381767601 folhelho5a
1000 4883.668664383562 2122.6107425636637 folhelho5a
1000 5057.719748858448 2248.029103359726 folhelho5a
1000 5231.770833333333 2274.6329980740425 folhelho5a
1000 5405.821917808219 2198.621870318853 folhelho5a
1000 5581.335616438356 2173.9182537984166 folhelho5a
1000 5851.919235159818 2173.9182537984166 folhelho5a
1000 6181.007420091324 2198.621870318853 folhelho5a
1000 6549.586187214612 2299.3366145944788 folhelho5a
1000 6858.197773972603 2375.3477423496684 folhelho5a
1000 7168.271974885844 2424.7549753905414 folhelho5a
1000 7497.360159817352 2702.195591696983 folhelho5a
1000 7748.929794520548 2827.613952493045 folhelho5a
1000 8079.480593607306 2802.9103359726087 folhelho5a
1000 8310.573630136987 2953.0323132891076 folhelho5a
1000 8601.633847031964 3029.043441044297 folhelho5a
1000 8834.189497716896 2977.7359298095444 folhelho5a
1000 9066.745148401827 2903.6250802482346 folhelho5a
1000 9492.365867579909 2903.6250802482346 folhelho5a
1000 9860.944634703197 3078.4506740851702 folhelho5a
1000 10073.023687214612 3105.0545687994863 folhelho5a
1000 10364.08390410959 3105.0545687994863 folhelho5a
1000 10693.172089041096 3129.758185319923 folhelho5a
1000 10886.237157534248 3179.165418360796 folhelho5a
1000 11003.246289954339 3105.0545687994863 folhelho5a
1000 11177.297374429223 3004.3398245238604 folhelho5a
1000 11313.32049086758 3004.3398245238604 folhelho5a
1000 11564.890125570777 4537.864326984806 follhelho4b
1000 11719.927226027397 4513.16071046437 follhelho4b
1000 11816.459760273972 4513.16071046437 follhelho4b
1000 11932.006278538813 4589.1718382195595 follhelho4b
1000 12068.02939497717 4513.16071046437 follhelho4b
1000 12068.02939497717 4513.16071046437 follhelho4b
1000 12204.052511415526 4463.753477423496 follhelho4b
1000 12281.571061643835 4463.753477423496 follhelho4b
1000 12397.117579908676 4437.14958270918 follhelho4b
1000 12436.608162100456 4363.0387331478705 follhelho4b
1000 12571.168664383562 4262.323988872245 follhelho4b
1000 12648.687214611873 4235.7200941579285 follhelho4b
1000 12746.682363013699 4235.7200941579285 follhelho4b
1000 12822.738299086759 4235.7200941579285 follhelho4b
1000 12881.242865296805 4287.027605392681 follhelho4b